Line_ID	As_Short_Text_LTE_400	As_Long_Text_LTE_4000	As_Year	As_Month	As_Day	As_Hour	As_Minute	As_Second	As_Millisecond	As_Double	As_Long	As_Bool	YMD_hms_Key
2	3156529698									3156529698	3156529698		20181108191336
3	7135127829									7135127829	7135127829		20181108191336
7	7024921710									7024921710	7024921710		20181108191336
8	5406671589									5406671589	5406671589		20181108191336
9	2182834047									2182834047	2182834047		20181108191336
10	2604368585									2604368585	2604368585		20181108191336
12	3366254291									3366254291	3366254291		20181108191336
13	2154813013									2154813013	2154813013		20181108191336
14	4239543054									4239543054	4239543054		20181108191336
16	9403200506									9403200506	9403200506		20181108191336
17	3043428938									3043428938	3043428938		20181108191336
18	9373328982									9373328982	9373328982		20181108191336
19	5802272322									5802272322	5802272322		20181108191336
20	3306561660									3306561660	3306561660		20181108191336
21	4325202723									4325202723	4325202723		20181108191336
23	6417914813									6417914813	6417914813		20181108191336
24	7575345190									7575345190	7575345190		20181108191336
25	3157825123									3157825123	3157825123		20181108191336
26	3184849457									3184849457	3184849457		20181108191336
28	7043162025									7043162025	7043162025		20181108191336
29	6158512018									6158512018	6158512018		20181108191336
30	3256704040									3256704040	3256704040		20181108191336
32	9035262051									9035262051	9035262051		20181108191336
33	2527442623									2527442623	2527442623		20181108191336
34	6012645930									6012645930	6012645930		20181108191336
35	2015058905									2015058905	2015058905		20181108191336
36	3517517042									3517517042	3517517042		20181108191336
37	7027969071									7027969071	7027969071		20181108191336
38	4019195227									4019195227	4019195227		20181108191336
39	8138441655									8138441655	8138441655		20181108191336
40	7043211086									7043211086	7043211086		20181108191336
41	6369331579									6369331579	6369331579		20181108191336
42	5803953122									5803953122	5803953122		20181108191336
43	9544376628									9544376628	9544376628		20181108191336
44	6014990936									6014990936	6014990936		20181108191336
45	4105465851									4105465851	4105465851		20181108191336
47	2706518698									2706518698	2706518698		20181108191336
48	9015953842									9015953842	9015953842		20181108191336
49	3027090863									3027090863	3027090863		20181108191336
50	9419534452									9419534452	9419534452		20181108191336
51	6784500080									6784500080	6784500080		20181108191336
52	3096552565									3096552565	3096552565		20181108191336
53	8655848938									8655848938	8655848938		20181108191336
54	4012314018									4012314018	4012314018		20181108191336
55	8645464506									8645464506	8645464506		20181108191336
56	6156908193									6156908193	6156908193		20181108191336
57	8504752669									8504752669	8504752669		20181108191336
58	5419631837									5419631837	5419631837		20181108191336
59	4108409133									4108409133	4108409133		20181108191336
60	5188912055									5188912055	5188912055		20181108191336
62	6606796088									6606796088	6606796088		20181108191336
63	1806352659									1806352659	1806352659		20181108191336
64	4794649675									4794649675	4794649675		20181108191336
65	3142515803									3142515803	3142515803		20181108191336
67	9732529086									9732529086	9732529086		20181108191336
68	2186281810									2186281810	2186281810		20181108191336
69	2812572944									2812572944	2812572944		20181108191336
72	9702495029									9702495029	9702495029		20181108191336
73	4144276204									4144276204	4144276204		20181108191336
74	3016957403									3016957403	3016957403		20181108191336
75	5025855251									5025855251	5025855251		20181108191336
78	8178618110									8178618110	8178618110		20181108191336
79	8889789808									8889789808	8889789808		20181108191336
81	7177412266									7177412266	7177412266		20181108191336
82	3206798350									3206798350	3206798350		20181108191336
83	2159536635									2159536635	2159536635		20181108191336
84	8059627342									8059627342	8059627342		20181108191336
85	8175735640									8175735640	8175735640		20181108191336
86	9363278086									9363278086	9363278086		20181108191336
87	3527353233									3527353233	3527353233		20181108191336
88	8883973520									8883973520	8883973520		20181108191336
89	7572135701									7572135701	7572135701		20181108191336
90	4409465186									4409465186	4409465186		20181108191336
91	9702663855									9702663855	9702663855		20181108191336
92	5086467721									5086467721	5086467721		20181108191336
93	2393347070									2393347070	2393347070		20181108191336
94	7274470993									7274470993	7274470993		20181108191336
95	8565208067									8565208067	8565208067		20181108191336
96	2393447070									2393447070	2393447070		20181108191336
99	2706518698									2706518698	2706518698		20181108191336
101	2706850998									2706850998	2706850998		20181108191336
103	4196917593									4196917593	4196917593		20181108191336
104	9106095365									9106095365	9106095365		20181108191336
105	7403878416									7403878416	7403878416		20181108191336
106	9419534452									9419534452	9419534452		20181108191336
107	3166827561									3166827561	3166827561		20181108191336
108	2397725073									2397725073	2397725073		20181108191336
109	8437679313									8437679313	8437679313		20181108191336
110	9043881827									9043881827	9043881827		20181108191336
111	2069337005									2069337005	2069337005		20181108191336
112	8645767989									8645767989	8645767989		20181108191336
113	8587554233									8587554233	8587554233		20181108191336
114	2513428369									2513428369	2513428369		20181108191336
115	6106267542									6106267542	6106267542		20181108191336
116	5613911953									5613911953	5613911953		20181108191336
120	4073213885									4073213885	4073213885		20181108191336
122	5165992591									5165992591	5165992591		20181108191336
125	9722392778									9722392778	9722392778		20181108191336
126	2127522223									2127522223	2127522223		20181108191336
127	3015282051									3015282051	3015282051		20181108191336
128	2076673099									2076673099	2076673099		20181108191336
129	5137554717									5137554717	5137554717		20181108191336
130	3037769176									3037769176	3037769176		20181108191336
131	5742693995									5742693995	5742693995		20181108191336
132	4073331633									4073331633	4073331633		20181108191336
133	5703317614									5703317614	5703317614		20181108191336
134	7182240784									7182240784	7182240784		20181108191336
136	4794788568									4794788568	4794788568		20181108191336
137	9016829747									9016829747	9016829747		20181108191336
138	7249331160									7249331160	7249331160		20181108191336
139	7653640869									7653640869	7653640869		20181108191336
140	7135000314									7135000314	7135000314		20181108191336
141	6153296298									6153296298	6153296298		20181108191336
142	9016829747									9016829747	9016829747		20181108191336
143	5809213938									5809213938	5809213938		20181108191336
145	5163655462									5163655462	5163655462		20181108191336
146	5708744019									5708744019	5708744019		20181108191336
147	3527353233									3527353233	3527353233		20181108191336
148	2399368993									2399368993	2399368993		20181108191336
149	8138441655									8138441655	8138441655		20181108191336
150	3866767125									3866767125	3866767125		20181108191336
151	5072870552									5072870552	5072870552		20181108191336
153	4105465005									4105465005	4105465005		20181108191336
154	7063216606									7063216606	7063216606		20181108191336
156	9015953842									9015953842	9015953842		20181108191336
157	2397725073									2397725073	2397725073		20181108191336
158	4137335119									4137335119	4137335119		20181108191336
159	7135127623									7135127623	7135127623		20181108191336
160	9498627691									9498627691	9498627691		20181108191336
163	6154461357									6154461357	6154461357		20181108191336
165	3017144353									3017144353	3017144353		20181108191336
166	7134584229									7134584229	7134584229		20181108191336
167	2395914393									2395914393	2395914393		20181108191336
168	4174483643									4174483643	4174483643		20181108191336
169	9047246690									9047246690	9047246690		20181108191336
170	9016829747									9016829747	9016829747		20181108191336
171	8472940467									8472940467	8472940467		20181108191336
172	6154461357									6154461357	6154461357		20181108191336
173	4123843505									4123843505	4123843505		20181108191336
175	8664224002									8664224002	8664224002		20181108191336
176	3186285950									3186285950	3186285950		20181108191336
177	7185751926									7185751926	7185751926		20181108191336
178	4056246677									4056246677	4056246677		20181108191336
179	8884198515									8884198515	8884198515		20181108191336
181	9015953842									9015953842	9015953842		20181108191336
182	5742693995									5742693995	5742693995		20181108191336
183	7154242724									7154242724	7154242724		20181108191336
184	7327417930									7327417930	7327417930		20181108191336
187	5754373974									5754373974	5754373974		20181108191336
188	5078963289									5078963289	5078963289		20181108191336
190	9184558105									9184558105	9184558105		20181108191336
191	2033716206									2033716206	2033716206		20181108191336
192	6153164026									6153164026	6153164026		20181108191336
193	3615649476									3615649476	3615649476		20181108191336
194	9702495029									9702495029	9702495029		20181108191336
195	9202675222									9202675222	9202675222		20181108191336
198	2036246815									2036246815	2036246815		20181108191336
200	2074543616									2074543616	2074543616		20181108191336
201	8175735640									8175735640	8175735640		20181108191336
202	5755244266									5755244266	5755244266		20181108191336
203	9124898676									9124898676	9124898676		20181108191336
204	6107961913									6107961913	6107961913		20181108191336
207	6516365746									6516365746	6516365746		20181108191336
208	5614479352									5614479352	5614479352		20181108191336
212	9012592785									9012592785	9012592785		20181108191336
213	6103970980									6103970980	6103970980		20181108191337
214	3046757401									3046757401	3046757401		20181108191337
215	3047573252									3047573252	3047573252		20181108191337
216	6034722872									6034722872	6034722872		20181108191337
217	4013859532									4013859532	4013859532		20181108191337
220	8145358720									8145358720	8145358720		20181108191337
221	5617415220									5617415220	5617415220		20181108191337
222	5208368807									5208368807	5208368807		20181108191337
223	8165800013									8165800013	8165800013		20181108191337
225	9187429958									9187429958	9187429958		20181108191337
226	6037436732									6037436732	6037436732		20181108191337
227	7654549759									7654549759	7654549759		20181108191337
229	9702595787									9702595787	9702595787		20181108191337
232	7178722857									7178722857	7178722857		20181108191337
233	7026716883									7026716883	7026716883		20181108191337
234	7137895643									7137895643	7137895643		20181108191337
236	7166337970									7166337970	7166337970		20181108191337
238	2529468430									2529468430	2529468430		20181108191337
239	9547773440									9547773440	9547773440		20181108191337
240	4238572070									4238572070	4238572070		20181108191337
241	7173949223									7173949223	7173949223		20181108191337
242	9315266760									9315266760	9315266760		20181108191337
243	6152969935									6152969935	6152969935		20181108191337
244	2399633401									2399633401	2399633401		20181108191337
245	2399317385									2399317385	2399317385		20181108191337
246	6154461357									6154461357	6154461357		20181108191337
247	9187429958									9187429958	9187429958		20181108191337
248	3157241449									3157241449	3157241449		20181108191337
249	8704243707									8704243707	8704243707		20181108191337
250	8662926489									8662926489	8662926489		20181108191337
253	3155073280									3155073280	3155073280		20181108191337
254	9733650004									9733650004	9733650004		20181108191337
255	4023978703									4023978703	4023978703		20181108191337
256	3867380016									3867380016	3867380016		20181108191337
257	6034270655									6034270655	6034270655		20181108191337
258	7173949223									7173949223	7173949223		20181108191337
259	2109670118									2109670118	2109670118		20181108191337
260	3154452936									3154452936	3154452936		20181108191337
261	6022309962									6022309962	6022309962		20181108191337
262	7157238633									7157238633	7157238633		20181108191337
263	2813125440									2813125440	2813125440		20181108191337
264	6064350752									6064350752	6064350752		20181108191337
265	4082387395									4082387395	4082387395		20181108191337
266	2123053975									2123053975	2123053975		20181108191337
267	2812987720									2812987720	2812987720		20181108191337
268	6036260899									6036260899	6036260899		20181108191337
269	4059454751									4059454751	4059454751		20181108191337
270	7272664928									7272664928	7272664928		20181108191337
271	2534357569									2534357569	2534357569		20181108191337
273	8508775636									8508775636	8508775636		20181108191337
274	2706881781									2706881781	2706881781		20181108191337
275	2174692381									2174692381	2174692381		20181108191337
276	5414511785									5414511785	5414511785		20181108191337
278	9252101082									9252101082	9252101082		20181108191337
279	9164354896									9164354896	9164354896		20181108191337
280	8508775636									8508775636	8508775636		20181108191337
281	7249331160									7249331160	7249331160		20181108191337
283	8586181523									8586181523	8586181523		20181108191337
286	3173369925									3173369925	3173369925		20181108191337
287	7135968560									7135968560	7135968560		20181108191337
288	5632645641									5632645641	5632645641		20181108191337
290	9419534452									9419534452	9419534452		20181108191337
291	2017754306									2017754306	2017754306		20181108191337
292	7872653952									7872653952	7872653952		20181108191337
293	9016829351									9016829351	9016829351		20181108191337
294	9123566967									9123566967	9123566967		20181108191337
295	2015058905									2015058905	2015058905		20181108191337
297	9149099028									9149099028	9149099028		20181108191337
298	8775157147									8775157147	8775157147		20181108191337
301	7155398054									7155398054	7155398054		20181108191337
302	6087565594									6087565594	6087565594		20181108191337
303	5416844151									5416844151	5416844151		20181108191337
304	2702477780									2702477780	2702477780		20181108191337
305	6318473525									6318473525	6318473525		20181108191337
306	9106097040									9106097040	9106097040		20181108191337
307	4024414764									4024414764	4024414764		20181108191337
308	9155446707									9155446707	9155446707		20181108191337
310	9157571640									9157571640	9157571640		20181108191337
311	6315885185									6315885185	6315885185		20181108191337
312	8054855521									8054855521	8054855521		20181108191337
315	8148334999									8148334999	8148334999		20181108191337
316	8602890746									8602890746	8602890746		20181108191337
318	8432257053									8432257053	8432257053		20181108191337
319	9169656324									9169656324	9169656324		20181108191337
320	7407742285									7407742285	7407742285		20181108191337
322	9529264002									9529264002	9529264002		20181108191337
323	7066501034									7066501034	7066501034		20181108191337
324	3304683109									3304683109	3304683109		20181108191337
325	3128863770									3128863770	3128863770		20181108191337
327	6617209123									6617209123	6617209123		20181108191337
328	4692820995									4692820995	4692820995		20181108191337
329	6603855866									6603855866	6603855866		20181108191337
330	9417088893									9417088893	9417088893		20181108191337
331	3609452980									3609452980	3609452980		20181108191337
332	8453395572									8453395572	8453395572		20181108191337
333	4196258023									4196258023	4196258023		20181108191337
334	7162982097									7162982097	7162982097		20181108191337
335	5207976986									5207976986	5207976986		20181108191337
336	2095249486									2095249486	2095249486		20181108191337
337	5087560536									5087560536	5087560536		20181108191337
338	5034345950									5034345950	5034345950		20181108191337
339	6022243358									6022243358	6022243358		20181108191337
342	8508775636									8508775636	8508775636		20181108191337
343	8159643134									8159643134	8159643134		20181108191337
344	4198850212									4198850212	4198850212		20181108191337
346	8286984322									8286984322	8286984322		20181108191337
347	3172998709									3172998709	3172998709		20181108191337
348	3523650205									3523650205	3523650205		20181108191337
349	3017745652									3017745652	3017745652		20181108191337
350	2399317385									2399317385	2399317385		20181108191337
351	7856322309									7856322309	7856322309		20181108191337
352	4024414764									4024414764	4024414764		20181108191337
353	5737784559									5737784559	5737784559		20181108191337
354	7133303897									7133303897	7133303897		20181108191337
355	9529208869									9529208869	9529208869		20181108191337
357	9128712439									9128712439	9128712439		20181108191337
358	6108215431									6108215431	6108215431		20181108191337
359	6155506004									6155506004	6155506004		20181108191337
360	7344390553									7344390553	7344390553		20181108191337
361	5637489001									5637489001	5637489001		20181108191337
362	8608287420									8608287420	8608287420		20181108191337
363	6022243358									6022243358	6022243358		20181108191337
365	4053593061									4053593061	4053593061		20181108191337
366	9126914209									9126914209	9126914209		20181108191337
367	5755810030									5755810030	5755810030		20181108191337
369	8012649031									8012649031	8012649031		20181108191337
371	9043582288									9043582288	9043582288		20181108191337
373	5736632779									5736632779	5736632779		20181108191337
374	5735815397									5735815397	5735815397		20181108191337
375	9145937881									9145937881	9145937881		20181108191337
376	9184258800									9184258800	9184258800		20181108191337
378	3609449686									3609449686	3609449686		20181108191337
379	6417526572									6417526572	6417526572		20181108191337
380	3375948987									3375948987	3375948987		20181108191337
381	5135855511									5135855511	5135855511		20181108191337
382	9162334171									9162334171	9162334171		20181108191337
383	8054820028									8054820028	8054820028		20181108191337
384	2604325075									2604325075	2604325075		20181108191337
385	2144914047									2144914047	2144914047		20181108191337
386	2163819277									2163819277	2163819277		20181108191337
387	8067888500									8067888500	8067888500		20181108191337
388	6263302789									6263302789	6263302789		20181108191337
389	5742963383									5742963383	5742963383		20181108191337
390	9162334171									9162334171	9162334171		20181108191337
391	2693277472									2693277472	2693277472		20181108191337
392	9162334171									9162334171	9162334171		20181108191337
393	2538582425									2538582425	2538582425		20181108191337
395	5208866571									5208866571	5208866571		20181108191337
396	5733315085									5733315085	5733315085		20181108191337
398	4405429986									4405429986	4405429986		20181108191337
399	8507630733									8507630733	8507630733		20181108191337
400	3157825123									3157825123	3157825123		20181108191337
401	2154649034									2154649034	2154649034		20181108191337
402	2166514057									2166514057	2166514057		20181108191337
403	9523526698									9523526698	9523526698		20181108191337
405	3342138815									3342138815	3342138815		20181108191337
407	9725668837									9725668837	9725668837		20181108191337
408	8165244888									8165244888	8165244888		20181108191337
411	7245377516									7245377516	7245377516		20181108191337
412	9152250413									9152250413	9152250413		20181108191337
414	2814998058									2814998058	2814998058		20181108191337
415	7027969071									7027969071	7027969071		20181108191337
416	5139221812									5139221812	5139221812		20181108191337
417	6012645930									6012645930	6012645930		20181108191337
418	5735815397									5735815397	5735815397		20181108191337
419	9145937881									9145937881	9145937881		20181108191337
420	2197691918									2197691918	2197691918		20181108191337
421	8063522245									8063522245	8063522245		20181108191337
422	5025685854									5025685854	5025685854		20181108191337
423	7048530840									7048530840	7048530840		20181108191337
424	9419213783									9419213783	9419213783		20181108191337
425	5164667624									5164667624	5164667624		20181108191337
427	5412822245									5412822245	5412822245		20181108191337
428	8452460245									8452460245	8452460245		20181108191337
429	9413169317									9413169317	9413169317		20181108191337
430	5407456033									5407456033	5407456033		20181108191337
432	9194250478									9194250478	9194250478		20181108191337
433	3013932614									3013932614	3013932614		20181108191337
434	6082560577									6082560577	6082560577		20181108191337
435	3036628249									3036628249	3036628249		20181108191337
436	9162334171									9162334171	9162334171		20181108191337
437	8163503502									8163503502	8163503502		20181108191337
438	4059513916									4059513916	4059513916		20181108191337
440	4098353700									4098353700	4098353700		20181108191337
441	4848840699									4848840699	4848840699		20181108191337
442	3606769414									3606769414	3606769414		20181108191337
443	8316481691									8316481691	8316481691		20181108191337
444	5052604338									5052604338	5052604338		20181108191337
445	3605016510									3605016510	3605016510		20181108191337
446	9134388223									9134388223	9134388223		20181108191337
447	9496408882									9496408882	9496408882		20181108191337
448	9545615352									9545615352	9545615352		20181108191337
449	3157825123									3157825123	3157825123		20181108191337
451	8607148311									8607148311	8607148311		20181108191337
452	8314626285									8314626285	8314626285		20181108191337
453	9373996794									9373996794	9373996794		20181108191337
454	9523526698									9523526698	9523526698		20181108191337
455	7249331160									7249331160	7249331160		20181108191337
456	3148924523									3148924523	3148924523		20181108191337
457	6625343050									6625343050	6625343050		20181108191337
458	7703392120									7703392120	7703392120		20181108191337
459	5613664848									5613664848	5613664848		20181108191337
460	2083773147									2083773147	2083773147		20181108191337
463	9419534452									9419534452	9419534452		20181108191337
465	8028633001									8028633001	8028633001		20181108191337
466	6106458509									6106458509	6106458509		20181108191337
467	3026446872									3026446872	3026446872		20181108191337
468	3347936460									3347936460	3347936460		20181108191337
469	6192651114									6192651114	6192651114		20181108191337
470	3522590748									3522590748	3522590748		20181108191337
471	8508775636									8508775636	8508775636		20181108191337
472	2127347378									2127347378	2127347378		20181108191337
473	2078826671									2078826671	2078826671		20181108191337
474	2154649034									2154649034	2154649034		20181108191337
475	8164787222									8164787222	8164787222		20181108191337
477	7248646063									7248646063	7248646063		20181108191337
478	7274463490									7274463490	7274463490		20181108191337
479	4055629242									4055629242	4055629242		20181108191337
480	4192283273									4192283273	4192283273		20181108191337
481	5742963392									5742963392	5742963392		20181108191337
482	8122189318									8122189318	8122189318		20181108191337
483	9012592785									9012592785	9012592785		20181108191337
484	6158512018									6158512018	6158512018		20181108191337
485	3026446872									3026446872	3026446872		20181108191337
486	7608660012									7608660012	7608660012		20181108191337
488	3017626228									3017626228	3017626228		20181108191337
489	9416971688									9416971688	9416971688		20181108191337
490	3058883229									3058883229	3058883229		20181108191337
491	6608863316									6608863316	6608863316		20181108191337
493	3259420761									3259420761	3259420761		20181108191337
494	4198853253									4198853253	4198853253		20181108191337
495	2702477780									2702477780	2702477780		20181108191337
496	3522375785									3522375785	3522375785		20181108191337
497	5742963999									5742963999	5742963999		20181108191337
498	3152530340									3152530340	3152530340		20181108191337
500	5708753721									5708753721	5708753721		20181108191337
501	6019570602									6019570602	6019570602		20181108191337
502	4198416677									4198416677	4198416677		20181108191337
503	6105251512									6105251512	6105251512		20181108191337
504	2604368585									2604368585	2604368585		20181108191337
505	2155450892									2155450892	2155450892		20181108191337
506	3213838111									3213838111	3213838111		20181108191337
507	9145937881									9145937881	9145937881		20181108191337
508	6153719040									6153719040	6153719040		20181108191337
509	9545646043									9545646043	9545646043		20181108191337
510	9314542376									9314542376	9314542376		20181108191337
511	5808325076									5808325076	5808325076		20181108191337
512	5802251558									5802251558	5802251558		20181108191337
513	6052172900									6052172900	6052172900		20181108191337
514	8655848938									8655848938	8655848938		20181108191337
515	9255872511									9255872511	9255872511		20181108191337
516	4082640250									4082640250	4082640250		20181108191337
517	9545729200									9545729200	9545729200		20181108191337
518	9144935827									9144935827	9144935827		20181108191337
520	7035636256									7035636256	7035636256		20181108191337
522	9043582288									9043582288	9043582288		20181108191337
524	9523526698									9523526698	9523526698		20181108191337
525	2198655966									2198655966	2198655966		20181108191337
526	6086477151									6086477151	6086477151		20181108191337
529	9364943635									9364943635	9364943635		20181108191337
531	3016549132									3016549132	3016549132		20181108191337
532	9016829351									9016829351	9016829351		20181108191337
533	3034204545									3034204545	3034204545		20181108191337
534	3164626214									3164626214	3164626214		20181108191337
535	9038851329									9038851329	9038851329		20181108191337
539	8145358720									8145358720	8145358720		20181108191337
540	9523526698									9523526698	9523526698		20181108191337
541	7134681247									7134681247	7134681247		20181108191337
542	3036493856									3036493856	3036493856		20181108191337
543	9014953842									9014953842	9014953842		20181108191337
545	8663284322									8663284322	8663284322		20181108191337
547	3362497223									3362497223	3362497223		20181108191337
549	5206258504									5206258504	5206258504		20181108191337
550	9037839441									9037839441	9037839441		20181108191337
551	7067762650									7067762650	7067762650		20181108191337
552	7122623658									7122623658	7122623658		20181108191337
554	7877451235									7877451235	7877451235		20181108191337
555	4102804701									4102804701	4102804701		20181108191337
557	9016829747									9016829747	9016829747		20181108191337
559	4804200732									4804200732	4804200732		20181108191337
560	7183330743									7183330743	7183330743		20181108191337
561	4809466997									4809466997	4809466997		20181108191337
563	5093632762									5093632762	5093632762		20181108191337
564	5097519406									5097519406	5097519406		20181108191337
565	4807535454									4807535454	4807535454		20181108191337
566	7135224521									7135224521	7135224521		20181108191337
567	5307589869									5307589869	5307589869		20181108191337
568	6104352107									6104352107	6104352107		20181108191337
569	9734712730									9734712730	9734712730		20181108191337
570	9737542579									9737542579	9737542579		20181108191337
572	7248739074									7248739074	7248739074		20181108191337
573	2184854724									2184854724	2184854724		20181108191337
574	9086046219									9086046219	9086046219		20181108191337
575	3047571736									3047571736	3047571736		20181108191337
577	3016948532									3016948532	3016948532		20181108191337
578	2084677684									2084677684	2084677684		20181108191337
579	5737856992									5737856992	5737856992		20181108191337
580	9104865950									9104865950	9104865950		20181108191337
581	6303695436									6303695436	6303695436		20181108191338
582	3604683825									3604683825	3604683825		20181108191338
583	9547858367									9547858367	9547858367		20181108191338
585	4057024734									4057024734	4057024734		20181108191338
588	2104501150									2104501150	2104501150		20181108191338
589	3096860858									3096860858	3096860858		20181108191338
592	2102571428									2102571428	2102571428		20181108191338
593	3304306925									3304306925	3304306925		20181108191338
594	4109564060									4109564060	4109564060		20181108191338
595	3367593652									3367593652	3367593652		20181108191338
597	2405667820									2405667820	2405667820		20181108191338
598	2174297189									2174297189	2174297189		20181108191338
599	8106067245									8106067245	8106067245		20181108191338
600	7704296503									7704296503	7704296503		20181108191338
601	6053226901									6053226901	6053226901		20181108191338
602	3369930382									3369930382	3369930382		20181108191338
603	5594858554									5594858554	5594858554		20181108191338
604	7072630329									7072630329	7072630329		20181108191338
605	7877634626									7877634626	7877634626		20181108191338
608	6782237799									6782237799	6782237799		20181108191338
609	7857767392									7857767392	7857767392		20181108191338
610	6184983052									6184983052	6184983052		20181108191338
611	8472949613									8472949613	8472949613		20181108191338
612	7327061605									7327061605	7327061605		20181108191338
613	6608315091									6608315091	6608315091		20181108191338
615	7249331160									7249331160	7249331160		20181108191338
616	7072634251									7072634251	7072634251		20181108191338
617	4806321118									4806321118	4806321118		20181108191338
618	3026443560									3026443560	3026443560		20181108191338
621	4806321118									4806321118	4806321118		20181108191338
622	5308774717									5308774717	5308774717		20181108191338
623	9419534452									9419534452	9419534452		20181108191338
625	8447720468									8447720468	8447720468		20181108191338
626	2078342949									2078342949	2078342949		20181108191338
627	9015953842									9015953842	9015953842		20181108191338
628	9104842704									9104842704	9104842704		20181108191338
629	3305331772									3305331772	3305331772		20181108191338
630	3612650541									3612650541	3612650541		20181108191338
631	9096265892									9096265892	9096265892		20181108191338
632	2197636438									2197636438	2197636438		20181108191338
633	6053613599									6053613599	6053613599		20181108191338
634	8452467622									8452467622	8452467622		20181108191338
635	4105925457									4105925457	4105925457		20181108191338
636	7579654168									7579654168	7579654168		20181108191338
637	7152761800									7152761800	7152761800		20181108191338
638	7249331160									7249331160	7249331160		20181108191338
639	9146826403									9146826403	9146826403		20181108191338
640	4105739569									4105739569	4105739569		20181108191338
641	9727240501									9727240501	9727240501		20181108191338
643	4238572070									4238572070	4238572070		20181108191338
644	7275227412									7275227412	7275227412		20181108191338
645	5808898713									5808898713	5808898713		20181108191338
647	6122944903									6122944903	6122944903		20181108191338
649	4109943833									4109943833	4109943833		20181108191338
650	3308567342									3308567342	3308567342		20181108191338
652	6182826101									6182826101	6182826101		20181108191338
653	9499002136									9499002136	9499002136		20181108191338
654	7273411182									7273411182	7273411182		20181108191338
656	8055830220									8055830220	8055830220		20181108191338
657	6022243358									6022243358	6022243358		20181108191338
658	4258996806									4258996806	4258996806		20181108191338
659	6087416798									6087416798	6087416798		20181108191338
660	7734679979									7734679979	7734679979		20181108191338
661	5619696621									5619696621	5619696621		20181108191338
663	4108208405									4108208405	4108208405		20181108191338
664	9147371714									9147371714	9147371714		20181108191338
665	8506502787									8506502787	8506502787		20181108191338
666	3147265109									3147265109	3147265109		20181108191338
668	6092673499									6092673499	6092673499		20181108191338
670	2168318462									2168318462	2168318462		20181108191338
671	8508775636									8508775636	8508775636		20181108191338
673	8148773624									8148773624	8148773624		20181108191338
675	7152761428									7152761428	7152761428		20181108191338
676	9209926801									9209926801	9209926801		20181108191338
678	4156660210									4156660210	4156660210		20181108191338
679	9499002136									9499002136	9499002136		20181108191338
680	9737319201									9737319201	9737319201		20181108191338
681	3367593652									3367593652	3367593652		20181108191338
682	4105739568									4105739568	4105739568		20181108191338
684	4045967958									4045967958	4045967958		20181108191338
685	9184218066									9184218066	9184218066		20181108191338
687	3307580466									3307580466	3307580466		20181108191338
688	4238572070									4238572070	4238572070		20181108191338
690	7406546439									7406546439	7406546439		20181108191338
691	9733870139									9733870139	9733870139		20181108191338
692	5208362425									5208362425	5208362425		20181108191338
693	5083193050									5083193050	5083193050		20181108191338
695	2764292120									2764292120	2764292120		20181108191338
696	8606592126									8606592126	8606592126		20181108191338
697	2393331169									2393331169	2393331169		20181108191338
698	7572328865									7572328865	7572328865		20181108191338
700	9712629899									9712629899	9712629899		20181108191338
702	3306553828									3306553828	3306553828		20181108191338
703	3195245396									3195245396	3195245396		20181108191338
704	2514602846									2514602846	2514602846		20181108191338
706	3195249068									3195249068	3195249068		20181108191338
708	3867493041									3867493041	3867493041		20181108191338
709	3173961346									3173961346	3173961346		20181108191338
710	4198665453									4198665453	4198665453		20181108191338
713	2019418832									2019418832	2019418832		20181108191338
716	9725482014									9725482014	9725482014		20181108191338
717	7759825496									7759825496	7759825496		20181108191338
718	3056753378									3056753378	3056753378		20181108191338
719	2102571428									2102571428	2102571428		20181108191338
720	7185155419									7185155419	7185155419		20181108191338
721	3044856489									3044856489	3044856489		20181108191338
723	9132619255									9132619255	9132619255		20181108191338
724	3017315733									3017315733	3017315733		20181108191338
725	9017540949									9017540949	9017540949		20181108191338
726	6183921138									6183921138	6183921138		20181108191338
728	3044225993									3044225993	3044225993		20181108191338
729	3616644503									3616644503	3616644503		20181108191338
730	6034729188									6034729188	6034729188		20181108191338
731	8173547502									8173547502	8173547502		20181108191338
732	6508490319									6508490319	6508490319		20181108191338
733	9038700580									9038700580	9038700580		20181108191338
734	3046521448									3046521448	3046521448		20181108191338
735	4808826801									4808826801	4808826801		20181108191338
736	9373356684									9373356684	9373356684		20181108191338
737	9733342217									9733342217	9733342217		20181108191338
738	8475933644									8475933644	8475933644		20181108191338
740	5619696621									5619696621	5619696621		20181108191338
741	3152650323									3152650323	3152650323		20181108191338
742	9204457289									9204457289	9204457289		20181108191338
744	4108378020									4108378020	4108378020		20181108191338
747	9547244448									9547244448	9547244448		20181108191338
748	7065077709									7065077709	7065077709		20181108191338
749	6194371912									6194371912	6194371912		20181108191338
750	4056052276									4056052276	4056052276		20181108191338
751	5139611503									5139611503	5139611503		20181108191338
753	2489322281									2489322281	2489322281		20181108191338
756	4072490345									4072490345	4072490345		20181108191338
757	6022656811									6022656811	6022656811		20181108191338
759	3042343596									3042343596	3042343596		20181108191338
760	9549216559									9549216559	9549216559		20181108191338
762	4106536300									4106536300	4106536300		20181108191338
763	2152576089									2152576089	2152576089		20181108191338
765	3379849291									3379849291	3379849291		20181108191338
766	9147470989									9147470989	9147470989		20181108191338
767	4078824799									4078824799	4078824799		20181108191338
768	8089496262									8089496262	8089496262		20181108191338
769	9792976809									9792976809	9792976809		20181108191338
770	5042881535									5042881535	5042881535		20181108191338
771	5055892265									5055892265	5055892265		20181108191338
775	5033704524									5033704524	5033704524		20181108191338
777	9544310317									9544310317	9544310317		20181108191338
778	2033773345									2033773345	2033773345		20181108191338
780	8162856923									8162856923	8162856923		20181108191338
782	5415532481									5415532481	5415532481		20181108191338
783	1866636669									1866636669	1866636669		20181108191338
784	6312718555									6312718555	6312718555		20181108191338
786	5207221097									5207221097	5207221097		20181108191338
787	9852301617									9852301617	9852301617		20181108191338
788	3306336028									3306336028	3306336028		20181108191338
791	5048610112									5048610112	5048610112		20181108191338
792	9852340628									9852340628	9852340628		20181108191338
793	5624209749									5624209749	5624209749		20181108191338
795	9375310134									9375310134	9375310134		20181108191338
796	2059309127									2059309127	2059309127		20181108191338
798	3074368933									3074368933	3074368933		20181108191338
800	3212692334									3212692334	3212692334		20181108191338
801	8147231078									8147231078	8147231078		20181108191338
802	8435496332									8435496332	8435496332		20181108191338
804	5164092720									5164092720	5164092720		20181108191338
805	8067888500									8067888500	8067888500		20181108191338
806	3016826040									3016826040	3016826040		20181108191338
807	2317274451									2317274451	2317274451		20181108191338
808	6012685006									6012685006	6012685006		20181108191338
810	5708422953									5708422953	5708422953		20181108191338
811	4148057790									4148057790	4148057790		20181108191338
812	2199444196									2199444196	2199444196		20181108191338
813	5052604338									5052604338	5052604338		20181108191338
814	3374785086									3374785086	3374785086		20181108191338
815	6572104233									6572104233	6572104233		20181108191338
816	6196880734									6196880734	6196880734		20181108191338
817	5052604338									5052604338	5052604338		20181108191338
818	9737514156									9737514156	9737514156		20181108191338
819	9035722447									9035722447	9035722447		20181108191338
820	4105834718									4105834718	4105834718		20181108191338
822	9035776027									9035776027	9035776027		20181108191338
823	7087495489									7087495489	7087495489		20181108191338
825	4098393174									4098393174	4098393174		20181108191338
826	8602283766									8602283766	8602283766		20181108191338
827	2257578061									2257578061	2257578061		20181108191338
828	7723404462									7723404462	7723404462		20181108191338
829	4436433856									4436433856	4436433856		20181108191338
830	7137430963									7137430963	7137430963		20181108191338
831	8479354402									8479354402	8479354402		20181108191338
832	5052604338									5052604338	5052604338		20181108191338
833	7173949223									7173949223	7173949223		20181108191338
834	2083421158									2083421158	2083421158		20181108191338
836	9726612551									9726612551	9726612551		20181108191338
838	8592541814									8592541814	8592541814		20181108191338
839	6194257795									6194257795	6194257795		20181108191338
840	6316891750									6316891750	6316891750		20181108191338
841	5594328518									5594328518	5594328518		20181108191338
843	5617411193									5617411193	5617411193		20181108191338
844	6105251371									6105251371	6105251371		20181108191338
845	2298838426									2298838426	2298838426		20181108191338
846	2167393789									2167393789	2167393789		20181108191338
847	5702075579									5702075579	5702075579		20181108191338
848	3212692334									3212692334	3212692334		20181108191338
850	3306681573									3306681573	3306681573		20181108191338
851	5743714697									5743714697	5743714697		20181108191338
852	8286516570									8286516570	8286516570		20181108191338
853	7813775933									7813775933	7813775933		20181108191338
854	2317274451									2317274451	2317274451		20181108191338
855	3174718702									3174718702	3174718702		20181108191338
856	4073331633									4073331633	4073331633		20181108191338
857	8067888500									8067888500	8067888500		20181108191338
858	4105726253									4105726253	4105726253		20181108191338
859	5089732001									5089732001	5089732001		20181108191338
861	7272664943									7272664943	7272664943		20181108191338
862	7244587388									7244587388	7244587388		20181108191338
863	3058241748									3058241748	3058241748		20181108191338
864	7078695983									7078695983	7078695983		20181108191338
865	9737732101									9737732101	9737732101		20181108191338
866	7139320250									7139320250	7139320250		20181108191338
867	7146980302									7146980302	7146980302		20181108191338
869	4106029276									4106029276	4106029276		20181108191338
870	3308899278									3308899278	3308899278		20181108191338
871	4106029276									4106029276	4106029276		20181108191338
872	9737730100									9737730100	9737730100		20181108191338
873	5136393186									5136393186	5136393186		20181108191338
874	6235610098									6235610098	6235610098		20181108191338
875	2298838426									2298838426	2298838426		20181108191338
876	2085873180									2085873180	2085873180		20181108191338
878	6148654900									6148654900	6148654900		20181108191338
881	9155339602									9155339602	9155339602		20181108191338
882	3016950746									3016950746	3016950746		20181108191338
883	3193965567									3193965567	3193965567		20181108191338
884	2709267325									2709267325	2709267325		20181108191338
885	5202937358									5202937358	5202937358		20181108191338
886	5857863699									5857863699	5857863699		20181108191338
887	2197691793									2197691793	2197691793		20181108191338
888	4105324623									4105324623	4105324623		20181108191338
889	4436433856									4436433856	4436433856		20181108191338
891	3017247429									3017247429	3017247429		20181108191338
893	7655525246									7655525246	7655525246		20181108191338
894	2815375144									2815375144	2815375144		20181108191338
895	3032702174									3032702174	3032702174		20181108191338
896	8066557453									8066557453	8066557453		20181108191338
897	5043496062									5043496062	5043496062		20181108191338
898	6052172915									6052172915	6052172915		20181108191338
899	4024960517									4024960517	4024960517		20181108191338
902	3306553828									3306553828	3306553828		20181108191338
903	2157458319									2157458319	2157458319		20181108191338
904	5023942285									5023942285	5023942285		20181108191338
905	8128589571									8128589571	8128589571		20181108191338
906	6032243336									6032243336	6032243336		20181108191338
907	2034316583									2034316583	2034316583		20181108191338
908	3178376080									3178376080	3178376080		20181108191338
911	5059983100									5059983100	5059983100		20181108191338
913	9198726739									9198726739	9198726739		20181108191338
914	2078736167									2078736167	2078736167		20181108191338
917	4438436264									4438436264	4438436264		20181108191338
918	8656947878									8656947878	8656947878		20181108191338
919	4789756879									4789756879	4789756879		20181108191338
920	9703046809									9703046809	9703046809		20181108191338
922	5208854469									5208854469	5208854469		20181108191338
923	2392638851									2392638851	2392638851		20181108191338
924	3102016685									3102016685	3102016685		20181108191338
925	4014644146									4014644146	4014644146		20181108191338
927	8085798426									8085798426	8085798426		20181108191338
928	7183381670									7183381670	7183381670		20181108191338
929	7247441008									7247441008	7247441008		20181108191338
930	6052172900									6052172900	6052172900		20181108191338
931	5414711439									5414711439	5414711439		20181108191338
932	4153983551									4153983551	4153983551		20181108191338
934	8188823366									8188823366	8188823366		20181108191338
935	3104129299									3104129299	3104129299		20181108191338
936	7757463411									7757463411	7757463411		20181108191338
937	2527520166									2527520166	2527520166		20181108191338
938	5048997161									5048997161	5048997161		20181108191338
939	8124716650									8124716650	8124716650		20181108191338
940	9136211996									9136211996	9136211996		20181108191338
941	7166877645									7166877645	7166877645		20181108191338
942	2018459301									2018459301	2018459301		20181108191338
944	6108220949									6108220949	6108220949		20181108191338
945	9186100198									9186100198	9186100198		20181108191338
946	3613582073									3613582073	3613582073		20181108191338
947	7166754446									7166754446	7166754446		20181108191338
948	2257578061									2257578061	2257578061		20181108191338
949	5028961808									5028961808	5028961808		20181108191338
950	9287825285									9287825285	9287825285		20181108191338
951	3058241748									3058241748	3058241748		20181108191338
952	8138731824									8138731824	8138731824		20181108191338
954	7078741664									7078741664	7078741664		20181108191338
955	2392783350									2392783350	2392783350		20181108191338
956	7604460970									7604460970	7604460970		20181108191338
957	7877490993									7877490993	7877490993		20181108191338
958	3052790878									3052790878	3052790878		20181108191338
959	7604993393									7604993393	7604993393		20181108191338
960	6235610098									6235610098	6235610098		20181108191338
961	3523831420									3523831420	3523831420		20181108191338
962	7195454319									7195454319	7195454319		20181108191338
963	4106442715									4106442715	4106442715		20181108191338
964	5134746387									5134746387	5134746387		20181108191338
966	3183243334									3183243334	3183243334		20181108191338
967	5594321034									5594321034	5594321034		20181108191338
969	8026604310									8026604310	8026604310		20181108191338
972	3377861219									3377861219	3377861219		20181108191338
975	7132787885									7132787885	7132787885		20181108191338
976	4195268198									4195268198	4195268198		20181108191338
979	3177451203									3177451203	3177451203		20181108191338
980	6235619320									6235619320	6235619320		20181108191338
981	6418446208									6418446208	6418446208		20181108191339
982	4336433856									4336433856	4336433856		20181108191339
983	3156346789									3156346789	3156346789		20181108191339
984	5136393186									5136393186	5136393186		20181108191339
985	3017234859									3017234859	3017234859		20181108191339
986	3017247429									3017247429	3017247429		20181108191339
987	5036697450									5036697450	5036697450		20181108191339
988	4154542957									4154542957	4154542957		20181108191339
989	2087460237									2087460237	2087460237		20181108191339
990	2198367639									2198367639	2198367639		20181108191339
992	8128584601									8128584601	8128584601		20181108191339
993	9852340628									9852340628	9852340628		20181108191339
994	8177324660									8177324660	8177324660		20181108191339
995	2812596866									2812596866	2812596866		20181108191339
996	2056803210									2056803210	2056803210		20181108191339
997	8703528498									8703528498	8703528498		20181108191339
998	9723860451									9723860451	9723860451		20181108191339
999	8172702002									8172702002	8172702002		20181108191339
1001	6192208567									6192208567	6192208567		20181108191339
1002	7137430963									7137430963	7137430963		20181108191339
1003	9282142137									9282142137	9282142137		20181108191339
1004	7872585186									7872585186	7872585186		20181108191339
1005	2186317632									2186317632	2186317632		20181108191339
1006	7148714816									7148714816	7148714816		20181108191339
1007	6155916601									6155916601	6155916601		20181108191339
1008	5414766690									5414766690	5414766690		20181108191339
1009	9724376688									9724376688	9724376688		20181108191339
1010	7033915659									7033915659	7033915659		20181108191339
1011	2097230141									2097230141	2097230141		20181108191339
1012	7815560028									7815560028	7815560028		20181108191339
1013	9193823210									9193823210	9193823210		20181108191339
1015	8603765977									8603765977	8603765977		20181108191339
1016	8603765977									8603765977	8603765977		20181108191339
1018	9146740508									9146740508	9146740508		20181108191339
1021	7134466372									7134466372	7134466372		20181108191339
1025	3304940276									3304940276	3304940276		20181108191339
1026	7135127677									7135127677	7135127677		20181108191339
1027	7067241600									7067241600	7067241600		20181108191339
1028	8669392673									8669392673	8669392673		20181108191339
1029	6204428945									6204428945	6204428945		20181108191339
1030	8453382404									8453382404	8453382404		20181108191339
1032	7724633072									7724633072	7724633072		20181108191339
1034	7872731722									7872731722	7872731722		20181108191339
1037	3166867338									3166867338	3166867338		20181108191339
1038	4844228073									4844228073	4844228073		20181108191339
1039	3608484350									3608484350	3608484350		20181108191339
1040	5184890512									5184890512	5184890512		20181108191339
1041	2257659196									2257659196	2257659196		20181108191339
1042	4198423042									4198423042	4198423042		20181108191339
1044	8595817207									8595817207	8595817207		20181108191339
1045	8167953456									8167953456	8167953456		20181108191339
1047	7144565330									7144565330	7144565330		20181108191339
1048	4025641312									4025641312	4025641312		20181108191339
1049	7135127679									7135127679	7135127679		20181108191339
1050	3379819257									3379819257	3379819257		20181108191339
1051	9106097040									9106097040	9106097040		20181108191339
1052	6083263205									6083263205	6083263205		20181108191339
1053	3073472428									3073472428	3073472428		20181108191339
1054	9737732101									9737732101	9737732101		20181108191339
1056	4025641312									4025641312	4025641312		20181108191339
1057	4023545973									4023545973	4023545973		20181108191339
1058	5036687951									5036687951	5036687951		20181108191339
1060	3182407180									3182407180	3182407180		20181108191339
1061	9185407668									9185407668	9185407668		20181108191339
1062	6167724641									6167724641	6167724641		20181108191339
1063	8103297780									8103297780	8103297780		20181108191339
1065	2609696898									2609696898	2609696898		20181108191339
1068	4023977591									4023977591	4023977591		20181108191339
1069	5185817358									5185817358	5185817358		20181108191339
1072	2516335125									2516335125	2516335125		20181108191339
1073	3073321920									3073321920	3073321920		20181108191339
1074	8124856949									8124856949	8124856949		20181108191339
1075	7406955209									7406955209	7406955209		20181108191339
1076	7062172876									7062172876	7062172876		20181108191339
1078	7272664928									7272664928	7272664928		20181108191339
1079	7858416411									7858416411	7858416411		20181108191339
1081	7012713347									7012713347	7012713347		20181108191339
1082	2523172092									2523172092	2523172092		20181108191339
1083	2523172092									2523172092	2523172092		20181108191339
1084	9737797387									9737797387	9737797387		20181108191339
1085	2482808567									2482808567	2482808567		20181108191339
1086	8132821806									8132821806	8132821806		20181108191339
1088	8055458902									8055458902	8055458902		20181108191339
1089	7872523940									7872523940	7872523940		20181108191339
1090	4127661306									4127661306	4127661306		20181108191339
1092	6024621119									6024621119	6024621119		20181108191339
1094	4806994281									4806994281	4806994281		20181108191339
1097	9066322199									9066322199	9066322199		20181108191339
1098	9855426341									9855426341	9855426341		20181108191339
1099	9374549532									9374549532	9374549532		20181108191339
1100	2104022930									2104022930	2104022930		20181108191339
1101	7879956887									7879956887	7879956887		20181108191339
1102	9193823210									9193823210	9193823210		20181108191339
1103	9193823210									9193823210	9193823210		20181108191339
1104	2812572944									2812572944	2812572944		20181108191339
1106	6012494244									6012494244	6012494244		20181108191339
1107	9723039992									9723039992	9723039992		20181108191339
1109	3217249088									3217249088	3217249088		20181108191339
1111	7137430963									7137430963	7137430963		20181108191339
1112	5172239900									5172239900	5172239900		20181108191339
1114	5058432931									5058432931	5058432931		20181108191339
1116	8592360917									8592360917	8592360917		20181108191339
1117	6016930280									6016930280	6016930280		20181108191339
1118	4074254358									4074254358	4074254358		20181108191339
1119	3604286485									3604286485	3604286485		20181108191339
1120	9858673644									9858673644	9858673644		20181108191339
1121	5403470801									5403470801	5403470801		20181108191339
1122	9139010380									9139010380	9139010380		20181108191339
1125	4102739465									4102739465	4102739465		20181108191339
1126	7145093915									7145093915	7145093915		20181108191339
1128	6077761210									6077761210	6077761210		20181108191339
1129	9104865950									9104865950	9104865950		20181108191339
1130	9186820615									9186820615	9186820615		20181108191339
1131	4143288763									4143288763	4143288763		20181108191339
1132	7272463991									7272463991	7272463991		20181108191339
1133	9043896748									9043896748	9043896748		20181108191339
1134	8504447497									8504447497	8504447497		20181108191339
1135	5124253809									5124253809	5124253809		20181108191339
1136	5802566508									5802566508	5802566508		20181108191339
1137	7659833219									7659833219	7659833219		20181108191339
1138	9722333666									9722333666	9722333666		20181108191339
1139	9723039992									9723039992	9723039992		20181108191339
1140	4323319987									4323319987	4323319987		20181108191339
1141	6628908899									6628908899	6628908899		20181108191339
1142	7035911445									7035911445	7035911445		20181108191339
1143	9132996581									9132996581	9132996581		20181108191339
1144	5058432956									5058432956	5058432956		20181108191339
1149	8056410434									8056410434	8056410434		20181108191339
1151	5308947363									5308947363	5308947363		20181108191339
1152	9545307409									9545307409	9545307409		20181108191339
1153	7757463411									7757463411	7757463411		20181108191339
1154	4409435440									4409435440	4409435440		20181108191339
1159	3175707193									3175707193	3175707193		20181108191339
1160	9106155070									9106155070	9106155070		20181108191339
1161	7319867981									7319867981	7319867981		20181108191339
1163	8172494185									8172494185	8172494185		20181108191339
1166	6614381746									6614381746	6614381746		20181108191339
1167	8595817207									8595817207	8595817207		20181108191339
1168	4844228648									4844228648	4844228648		20181108191339
1170	4844228073									4844228073	4844228073		20181108191339
1171	7035911445									7035911445	7035911445		20181108191339
1173	7727788117									7727788117	7727788117		20181108191339
1174	8593010655									8593010655	8593010655		20181108191339
1175	2015031241									2015031241	2015031241		20181108191339
1177	4076443697									4076443697	4076443697		20181108191339
1178	7325311737									7325311737	7325311737		20181108191339
1182	9545643869									9545643869	9545643869		20181108191339
1184	6417914852									6417914852	6417914852		20181108191339
1185	6148479688									6148479688	6148479688		20181108191339
1186	5855930700									5855930700	5855930700		20181108191339
1188	2077836660									2077836660	2077836660		20181108191339
1189	7135127561									7135127561	7135127561		20181108191339
1190	2814253992									2814253992	2814253992		20181108191339
1191	5206946455									5206946455	5206946455		20181108191339
1192	9196937396									9196937396	9196937396		20181108191339
1193	3178525725									3178525725	3178525725		20181108191339
1194	6072734979									6072734979	6072734979		20181108191339
1195	8124856949									8124856949	8124856949		20181108191339
1196	6072734979									6072734979	6072734979		20181108191339
1197	3034259259									3034259259	3034259259		20181108191339
1198	7878917592									7878917592	7878917592		20181108191339
1200	7709226607									7709226607	7709226607		20181108191339
1201	9037583334									9037583334	9037583334		20181108191339
1202	4194792664									4194792664	4194792664		20181108191339
1203	4062386361									4062386361	4062386361		20181108191339
1205	8178701473									8178701473	8178701473		20181108191339
1206	4809932033									4809932033	4809932033		20181108191339
1207	9738823637									9738823637	9738823637		20181108191339
1208	4106029276									4106029276	4106029276		20181108191339
1209	2063383137									2063383137	2063383137		20181108191339
1210	2259233122									2259233122	2259233122		20181108191339
1211	7178511999									7178511999	7178511999		20181108191339
1212	5409838212									5409838212	5409838212		20181108191339
1213	9374338691									9374338691	9374338691		20181108191339
1215	9106713484									9106713484	9106713484		20181108191339
1216	5208840199									5208840199	5208840199		20181108191339
1217	3022250472									3022250472	3022250472		20181108191339
1218	6175758608									6175758608	6175758608		20181108191339
1220	6269636773									6269636773	6269636773		20181108191339
1221	6072732854									6072732854	6072732854		20181108191339
1222	9372778476									9372778476	9372778476		20181108191339
1223	4844228073									4844228073	4844228073		20181108191339
1224	7068828971									7068828971	7068828971		20181108191339
1225	8162794662									8162794662	8162794662		20181108191339
1226	9103431924									9103431924	9103431924		20181108191339
1227	3037635495									3037635495	3037635495		20181108191339
1228	4129375705									4129375705	4129375705		20181108191339
1230	4029337123									4029337123	4029337123		20181108191339
1231	3177366040									3177366040	3177366040		20181108191339
1232	6316734837									6316734837	6316734837		20181108191339
1233	7149396500									7149396500	7149396500		20181108191339
1234	9372778476									9372778476	9372778476		20181108191339
1236	9206825810									9206825810	9206825810		20181108191339
1237	5805310026									5805310026	5805310026		20181108191339
1238	3097627351									3097627351	3097627351		20181108191339
1239	8067995462									8067995462	8067995462		20181108191339
1240	4844228073									4844228073	4844228073		20181108191339
1242	3017188758									3017188758	3017188758		20181108191339
1243	2317754709									2317754709	2317754709		20181108191339
1245	9723039992									9723039992	9723039992		20181108191339
1246	6077761210									6077761210	6077761210		20181108191339
1247	8595817207									8595817207	8595817207		20181108191339
1249	7409920836									7409920836	7409920836		20181108191339
1250	2484653146									2484653146	2484653146		20181108191339
1251	5025405615									5025405615	5025405615		20181108191339
1254	2104023417									2104023417	2104023417		20181108191339
1255	6022655171									6022655171	6022655171		20181108191339
1256	9284257134									9284257134	9284257134		20181108191339
1257	5052604338									5052604338	5052604338		20181108191339
1258	5165462360									5165462360	5165462360		20181108191339
1259	3049275813									3049275813	3049275813		20181108191339
1262	8107427990									8107427990	8107427990		20181108191339
1264	3139280810									3139280810	3139280810		20181108191339
1265	2487460308									2487460308	2487460308		20181108191339
1266	7853649307									7853649307	7853649307		20181108191339
1268	3157889653									3157889653	3157889653		20181108191339
1269	6153093338									6153093338	6153093338		20181108191339
1270	9378361937									9378361937	9378361937		20181108191339
1271	6038938886									6038938886	6038938886		20181108191339
1272	9722333666									9722333666	9722333666		20181108191339
1273	8655494320									8655494320	8655494320		20181108191339
1274	2178928868									2178928868	2178928868		20181108191339
1275	4129375705									4129375705	4129375705		20181108191339
1276	8632990096									8632990096	8632990096		20181108191339
1277	5087861990									5087861990	5087861990		20181108191339
1279	9147638693									9147638693	9147638693		20181108191339
1280	8634711416									8634711416	8634711416		20181108191339
1281	9496312504									9496312504	9496312504		20181108191339
1285	4129375705									4129375705	4129375705		20181108191339
1286	6514880014									6514880014	6514880014		20181108191339
1287	5052604338									5052604338	5052604338		20181108191339
1288	5124654841									5124654841	5124654841		20181108191339
1290	2078731106									2078731106	2078731106		20181108191339
1291	4197567574									4197567574	4197567574		20181108191339
1293	9037587127									9037587127	9037587127		20181108191339
1294	2173458638									2173458638	2173458638		20181108191339
1296	2486442748									2486442748	2486442748		20181108191339
1297	8452315489									8452315489	8452315489		20181108191339
1298	9043846055									9043846055	9043846055		20181108191339
1300	2394374008									2394374008	2394374008		20181108191339
1301	9413438021									9413438021	9413438021		20181108191339
1303	4023546171									4023546171	4023546171		20181108191339
1304	4692410446									4692410446	4692410446		20181108191339
1305	5122442090									5122442090	5122442090		20181108191339
1306	5086740666									5086740666	5086740666		20181108191339
1309	3147317562									3147317562	3147317562		20181108191339
1310	9017674898									9017674898	9017674898		20181108191339
1311	5182808464									5182808464	5182808464		20181108191339
1312	2018619272									2018619272	2018619272		20181108191339
1313	3234633830									3234633830	3234633830		20181108191339
1314	5086460333									5086460333	5086460333		20181108191339
1316	5172650313									5172650313	5172650313		20181108191339
1317	3256704040									3256704040	3256704040		20181108191339
1318	9074743821									9074743821	9074743821		20181108191339
1319	4409600264									4409600264	4409600264		20181108191339
1321	4409600264									4409600264	4409600264		20181108191339
1322	4155641967									4155641967	4155641967		20181108191339
1324	5185832040									5185832040	5185832040		20181108191339
1325	8325536081									8325536081	8325536081		20181108191339
1327	7877449791									7877449791	7877449791		20181108191339
1328	9858827935									9858827935	9858827935		20181108191339
1329	7608379232									7608379232	7608379232		20181108191339
1330	3153365618									3153365618	3153365618		20181108191339
1332	3522432745									3522432745	3522432745		20181108191339
1333	8883721990									8883721990	8883721990		20181108191339
1334	2814227960									2814227960	2814227960		20181108191339
1335	9259522850									9259522850	9259522850		20181108191339
1336	2292442626									2292442626	2292442626		20181108191339
1337	4106536165									4106536165	4106536165		20181108191339
1338	2516391446									2516391446	2516391446		20181108191339
1339	2059394997									2059394997	2059394997		20181108191339
1340	5616272130									5616272130	5616272130		20181108191339
1341	2703844241									2703844241	2703844241		20181108191339
1343	3154452936									3154452936	3154452936		20181108191339
1344	7872882704									7872882704	7872882704		20181108191339
1347	5059235654									5059235654	5059235654		20181108191339
1348	6154413135									6154413135	6154413135		20181108191339
1349	7578197762									7578197762	7578197762		20181108191339
1350	8024576118									8024576118	8024576118		20181108191339
1351	9563626818									9563626818	9563626818		20181108191339
1352	6148378205									6148378205	6148378205		20181108191339
1353	8132231545									8132231545	8132231545		20181108191339
1354	2157458319									2157458319	2157458319		20181108191339
1355	7604462987									7604462987	7604462987		20181108191339
1356	9724029401									9724029401	9724029401		20181108191339
1357	8087911025									8087911025	8087911025		20181108191339
1358	3014648233									3014648233	3014648233		20181108191339
1360	9164861688									9164861688	9164861688		20181108191339
1362	9042968887									9042968887	9042968887		20181108191339
1364	9319689081									9319689081	9319689081		20181108191339
1365	2104904651									2104904651	2104904651		20181108191339
1367	7173977634									7173977634	7173977634		20181108191339
1369	8593096102									8593096102	8593096102		20181108191339
1370	2703844241									2703844241	2703844241		20181108191339
1371	8178313211									8178313211	8178313211		20181108191339
1372	3016549132									3016549132	3016549132		20181108191339
1373	8013223613									8013223613	8013223613		20181108191340
1376	3187984675									3187984675	3187984675		20181108191340
1377	7145223401									7145223401	7145223401		20181108191340
1378	3187984423									3187984423	3187984423		20181108191340
1381	9282140915									9282140915	9282140915		20181108191340
1382	3104410239									3104410239	3104410239		20181108191340
1383	5058432853									5058432853	5058432853		20181108191340
1384	8162839730									8162839730	8162839730		20181108191340
1385	5592445866									5592445866	5592445866		20181108191340
1386	4356345409									4356345409	4356345409		20181108191340
1387	9782561377									9782561377	9782561377		20181108191340
1389	5096976659									5096976659	5096976659		20181108191340
1390	7188284850									7188284850	7188284850		20181108191340
1392	6416822764									6416822764	6416822764		20181108191340
1393	4024897366									4024897366	4024897366		20181108191340
1394	9207874737									9207874737	9207874737		20181108191340
1395	8645421367									8645421367	8645421367		20181108191340
1396	5032433821									5032433821	5032433821		20181108191340
1397	3048245804									3048245804	3048245804		20181108191340
1399	6506964121									6506964121	6506964121		20181108191340
1400	8036425538									8036425538	8036425538		20181108191340
1401	6163019899									6163019899	6163019899		20181108191340
1402	6068362847									6068362847	6068362847		20181108191340
1403	6156842534									6156842534	6156842534		20181108191340
1404	9197850205									9197850205	9197850205		20181108191340
1405	8302783427									8302783427	8302783427		20181108191340
1406	6416202145									6416202145	6416202145		20181108191340
1407	8182471776									8182471776	8182471776		20181108191340
1408	8178783717									8178783717	8178783717		20181108191340
1409	5029665567									5029665567	5029665567		20181108191340
1410	7812728756									7812728756	7812728756		20181108191340
1411	3372377568									3372377568	3372377568		20181108191340
1412	9134417979									9134417979	9134417979		20181108191340
1413	4108609540									4108609540	4108609540		20181108191340
1414	8088794585									8088794585	8088794585		20181108191340
1415	4076501307									4076501307	4076501307		20181108191340
1416	4076501307									4076501307	4076501307		20181108191340
1417	7137992121									7137992121	7137992121		20181108191340
1418	2562459213									2562459213	2562459213		20181108191340
1419	5627991939									5627991939	5627991939		20181108191340
1420	8645421367									8645421367	8645421367		20181108191340
1423	4058788101									4058788101	4058788101		20181108191340
1425	7709856864									7709856864	7709856864		20181108191340
1426	7763482889									7763482889	7763482889		20181108191340
1427	3049276837									3049276837	3049276837		20181108191340
1428	5048945370									5048945370	5048945370		20181108191340
1431	8155780525									8155780525	8155780525		20181108191340
1432	3373638656									3373638656	3373638656		20181108191340
1433	8144108331									8144108331	8144108331		20181108191340
1434	7137985294									7137985294	7137985294		20181108191340
1435	6103561204									6103561204	6103561204		20181108191340
1436	3186365102									3186365102	3186365102		20181108191340
1437	5736369350									5736369350	5736369350		20181108191340
1439	5087565633									5087565633	5087565633		20181108191340
1440	6159362787									6159362787	6159362787		20181108191340
1441	5864637152									5864637152	5864637152		20181108191340
1442	7147217377									7147217377	7147217377		20181108191340
1444	7757463411									7757463411	7757463411		20181108191340
1449	4802997199									4802997199	4802997199		20181108191340
1450	7043250831									7043250831	7043250831		20181108191340
1451	2565390856									2565390856	2565390856		20181108191340
1453	2696493752									2696493752	2696493752		20181108191340
1456	5168832507									5168832507	5168832507		20181108191340
1457	9032235930									9032235930	9032235930		20181108191340
1458	6204310434									6204310434	6204310434		20181108191340
1459	3303346061									3303346061	3303346061		20181108191340
1461	6122944903									6122944903	6122944903		20181108191340
1462	9039271764									9039271764	9039271764		20181108191340
1463	7035911445									7035911445	7035911445		20181108191340
1464	8067433596									8067433596	8067433596		20181108191340
1465	2814195527									2814195527	2814195527		20181108191340
1466	4238572070									4238572070	4238572070		20181108191340
1469	8282747855									8282747855	8282747855		20181108191340
1470	5093632762									5093632762	5093632762		20181108191340
1471	4238572012									4238572012	4238572012		20181108191340
1472	4238572070									4238572070	4238572070		20181108191340
1473	8124730763									8124730763	8124730763		20181108191340
1475	2707966576									2707966576	2707966576		20181108191340
1476	9893665405									9893665405	9893665405		20181108191340
1478	2707969328									2707969328	2707969328		20181108191340
1479	7172721682									7172721682	7172721682		20181108191340
1480	7169470413									7169470413	7169470413		20181108191340
1481	9893665405									9893665405	9893665405		20181108191340
1482	9108750309									9108750309	9108750309		20181108191340
1483	5053326921									5053326921	5053326921		20181108191340
1484	5083341977									5083341977	5083341977		20181108191340
1488	6303219314									6303219314	6303219314		20181108191340
1489	9035869200									9035869200	9035869200		20181108191340
1490	9528931954									9528931954	9528931954		20181108191340
1491	5169220289									5169220289	5169220289		20181108191340
1493	8174687823									8174687823	8174687823		20181108191340
1494	2053135298									2053135298	2053135298		20181108191340
1495	2014833296									2014833296	2014833296		20181108191340
1497	2198364075									2198364075	2198364075		20181108191340
1500	6158512018									6158512018	6158512018		20181108191340
1502	8045940915									8045940915	8045940915		20181108191340
1503	3036786125									3036786125	3036786125		20181108191340
1504	5616240647									5616240647	5616240647		20181108191340
1506	9043915001									9043915001	9043915001		20181108191340
1507	2707800478									2707800478	2707800478		20181108191340
1508	4106463623									4106463623	4106463623		20181108191340
1509	3018295820									3018295820	3018295820		20181108191340
1510	5854246426									5854246426	5854246426		20181108191340
1511	4147745505									4147745505	4147745505		20181108191340
1512	9702412663									9702412663	9702412663		20181108191340
1513	4193537076									4193537076	4193537076		20181108191340
1514	3175309084									3175309084	3175309084		20181108191340
1515	3187472913									3187472913	3187472913		20181108191340
1516	2079476056									2079476056	2079476056		20181108191340
1517	5043422042									5043422042	5043422042		20181108191340
1519	3193641364									3193641364	3193641364		20181108191340
1520	8282774847									8282774847	8282774847		20181108191340
1521	3162654399									3162654399	3162654399		20181108191340
1522	6123338306									6123338306	6123338306		20181108191340
1523	8056410434									8056410434	8056410434		20181108191340
1524	8182428761									8182428761	8182428761		20181108191340
1525	3606849999									3606849999	3606849999		20181108191340
1526	7189459376									7189459376	7189459376		20181108191340
1527	5203232716									5203232716	5203232716		20181108191340
1529	2253682280									2253682280	2253682280		20181108191340
1530	5169453131									5169453131	5169453131		20181108191340
1532	3178726439									3178726439	3178726439		20181108191340
1533	8178783717									8178783717	8178783717		20181108191340
1534	4108107054									4108107054	4108107054		20181108191340
1535	6154413135									6154413135	6154413135		20181108191340
1537	2106148795									2106148795	2106148795		20181108191340
1538	3012302245									3012302245	3012302245		20181108191340
1539	9087257439									9087257439	9087257439		20181108191340
1540	3407741569									3407741569	3407741569		20181108191340
1541	4238572070									4238572070	4238572070		20181108191340
1543	6154494835									6154494835	6154494835		20181108191340
1544	5022725116									5022725116	5022725116		20181108191340
1545	8132821806									8132821806	8132821806		20181108191340
1547	3154452936									3154452936	3154452936		20181108191340
1548	7168070848									7168070848	7168070848		20181108191340
1550	8138919066									8138919066	8138919066		20181108191340
1551	5048945370									5048945370	5048945370		20181108191340
1552	2709267325									2709267325	2709267325		20181108191340
1553	4123444104									4123444104	4123444104		20181108191340
1556	3307584051									3307584051	3307584051		20181108191340
1557	2122741584									2122741584	2122741584		20181108191340
1558	3527954322									3527954322	3527954322		20181108191340
1559	8045940915									8045940915	8045940915		20181108191340
1560	9193823210									9193823210	9193823210		20181108191340
1562	2198364075									2198364075	2198364075		20181108191340
1563	5025431462									5025431462	5025431462		20181108191340
1564	5152229563									5152229563	5152229563		20181108191340
1565	4195171021									4195171021	4195171021		20181108191340
1566	9087827195									9087827195	9087827195		20181108191340
1569	5053326921									5053326921	5053326921		20181108191340
1571	3034672486									3034672486	3034672486		20181108191340
1572	6107677386									6107677386	6107677386		20181108191340
1573	8015681220									8015681220	8015681220		20181108191340
1574	5734436843									5734436843	5734436843		20181108191340
1575	2034457094									2034457094	2034457094		20181108191340
1577	8045940915									8045940915	8045940915		20181108191340
1578	6077238888									6077238888	6077238888		20181108191340
1579	6192855045									6192855045	6192855045		20181108191340
1580	7169470413									7169470413	7169470413		20181108191340
1581	5048945370									5048945370	5048945370		20181108191340
1583	5175489164									5175489164	5175489164		20181108191340
1584	9104290777									9104290777	9104290777		20181108191340
1585	4325868121									4325868121	4325868121		20181108191340
1586	3034411452									3034411452	3034411452		20181108191340
1588	9784683744									9784683744	9784683744		20181108191340
1589	8282747855									8282747855	8282747855		20181108191340
1590	6234863403									6234863403	6234863403		20181108191340
1591	6015795240									6015795240	6015795240		20181108191340
1592	2818076277									2818076277	2818076277		20181108191340
1593	8182426073									8182426073	8182426073		20181108191340
1596	3175766311									3175766311	3175766311		20181108191340
1598	5139658091									5139658091	5139658091		20181108191340
1599	7707168878									7707168878	7707168878		20181108191340
1600	3527320407									3527320407	3527320407		20181108191340
1601	2513413404									2513413404	2513413404		20181108191340
1602	4102668054									4102668054	4102668054		20181108191340
1603	6362271159									6362271159	6362271159		20181108191340
1606	9155443149									9155443149	9155443149		20181108191340
1607	8169329670									8169329670	8169329670		20181108191340
1608	3034259058									3034259058	3034259058		20181108191340
1609	3154452936									3154452936	3154452936		20181108191340
1610	3154452936									3154452936	3154452936		20181108191340
1611	2053135298									2053135298	2053135298		20181108191340
1612	7852349119									7852349119	7852349119		20181108191340
1614	7165653988									7165653988	7165653988		20181108191340
1615	5016644738									5016644738	5016644738		20181108191340
1616	9133121188									9133121188	9133121188		20181108191340
1618	8434975110									8434975110	8434975110		20181108191340
1619	8434975110									8434975110	8434975110		20181108191340
1620	5864432958									5864432958	5864432958		20181108191340
1622	4233325195									4233325195	4233325195		20181108191340
1623	9037235698									9037235698	9037235698		20181108191340
1624	4238572070									4238572070	4238572070		20181108191340
1625	2534040506									2534040506	2534040506		20181108191340
1626	5127955122									5127955122	5127955122		20181108191340
1627	5705221110									5705221110	5705221110		20181108191340
1628	2707800478									2707800478	2707800478		20181108191340
1629	4106463623									4106463623	4106463623		20181108191340
1630	3099682807									3099682807	3099682807		20181108191340
1632	7146980303									7146980303	7146980303		20181108191340
1633	2106923596									2106923596	2106923596		20181108191340
1634	7405220126									7405220126	7405220126		20181108191340
1636	9044006671									9044006671	9044006671		20181108191340
1638	7708863219									7708863219	7708863219		20181108191340
1639	8053491155									8053491155	8053491155		20181108191340
1640	9708642286									9708642286	9708642286		20181108191340
1642	8454517757									8454517757	8454517757		20181108191340
1643	5053326921									5053326921	5053326921		20181108191340
1644	8635334549									8635334549	8635334549		20181108191340
1645	5414885081									5414885081	5414885081		20181108191340
1647	3618829279									3618829279	3618829279		20181108191340
1649	7145438553									7145438553	7145438553		20181108191340
1650	5594533566									5594533566	5594533566		20181108191340
1652	7878334136									7878334136	7878334136		20181108191340
1653	7275278293									7275278293	7275278293		20181108191340
1654	2165291356									2165291356	2165291356		20181108191340
1655	7137985294									7137985294	7137985294		20181108191340
1657	6163918495									6163918495	6163918495		20181108191340
1659	5165624516									5165624516	5165624516		20181108191340
1660	2123602618									2123602618	2123602618		20181108191340
1661	5152891281									5152891281	5152891281		20181108191340
1662	3194660740									3194660740	3194660740		20181108191340
1664	7196300688									7196300688	7196300688		20181108191340
1665	9132623295									9132623295	9132623295		20181108191340
1667	9207461072									9207461072	9207461072		20181108191340
1668	7322807815									7322807815	7322807815		20181108191340
1669	6108929760									6108929760	6108929760		20181108191340
1670	7084481581									7084481581	7084481581		20181108191340
1671	3308482332									3308482332	3308482332		20181108191340
1672	6163913320									6163913320	6163913320		20181108191340
1674	3305723836									3305723836	3305723836		20181108191340
1675	2198651680									2198651680	2198651680		20181108191340
1676	8042880269									8042880269	8042880269		20181108191340
1677	7246279840									7246279840	7246279840		20181108191340
1678	6153966801									6153966801	6153966801		20181108191340
1680	9037942046									9037942046	9037942046		20181108191340
1681	3609921159									3609921159	3609921159		20181108191340
1682	2194640032									2194640032	2194640032		20181108191340
1683	2399457822									2399457822	2399457822		20181108191340
1684	3183570976									3183570976	3183570976		20181108191340
1685	4323328860									4323328860	4323328860		20181108191340
1687	6087754467									6087754467	6087754467		20181108191340
1688	2539846774									2539846774	2539846774		20181108191340
1690	6019258496									6019258496	6019258496		20181108191340
1693	9155914069									9155914069	9155914069		20181108191340
1694	9544361648									9544361648	9544361648		20181108191340
1696	7149680068									7149680068	7149680068		20181108191340
1697	5127955122									5127955122	5127955122		20181108191340
1698	8327785040									8327785040	8327785040		20181108191340
1699	5853949261									5853949261	5853949261		20181108191340
1701	9047335377									9047335377	9047335377		20181108191340
1702	6182549351									6182549351	6182549351		20181108191340
1703	7178672418									7178672418	7178672418		20181108191340
1704	8453624464									8453624464	8453624464		20181108191340
1706	6073362311									6073362311	6073362311		20181108191340
1708	3602921730									3602921730	3602921730		20181108191340
1709	8569836111									8569836111	8569836111		20181108191340
1710	7858307090									7858307090	7858307090		20181108191340
1712	9726465278									9726465278	9726465278		20181108191340
1713	2085244617									2085244617	2085244617		20181108191340
1714	6237720686									6237720686	6237720686		20181108191340
1715	9256919807									9256919807	9256919807		20181108191340
1716	5638845731									5638845731	5638845731		20181108191340
1717	9565446657									9565446657	9565446657		20181108191340
1718	5127955122									5127955122	5127955122		20181108191340
1721	7243522740									7243522740	7243522740		20181108191340
1722	6012685058									6012685058	6012685058		20181108191340
1723	2036246815									2036246815	2036246815		20181108191340
1724	4107786647									4107786647	4107786647		20181108191340
1726	8045940915									8045940915	8045940915		20181108191340
1727	5108398984									5108398984	5108398984		20181108191340
1728	5105247007									5105247007	5105247007		20181108191340
1729	5135573332									5135573332	5135573332		20181108191340
1730	6103265491									6103265491	6103265491		20181108191340
1731	2014440510									2014440510	2014440510		20181108191340
1732	2019070229									2019070229	2019070229		20181108191340
1733	7148328965									7148328965	7148328965		20181108191340
1734	4043508795									4043508795	4043508795		20181108191340
1736	3193685503									3193685503	3193685503		20181108191340
1737	7878526685									7878526685	7878526685		20181108191340
1738	6013531463									6013531463	6013531463		20181108191340
1739	9124450599									9124450599	9124450599		20181108191340
1740	9167731481									9167731481	9167731481		20181108191340
1741	4105838148									4105838148	4105838148		20181108191340
1742	9529278610									9529278610	9529278610		20181108191340
1743	8655843892									8655843892	8655843892		20181108191340
1744	5704513236									5704513236	5704513236		20181108191340
1745	3096620829									3096620829	3096620829		20181108191340
1746	4107616095									4107616095	4107616095		20181108191340
1747	8033280440									8033280440	8033280440		20181108191340
1749	4142684811									4142684811	4142684811		20181108191341
1750	4043508795									4043508795	4043508795		20181108191341
1751	3175766311									3175766311	3175766311		20181108191341
1753	7048876450									7048876450	7048876450		20181108191341
1756	8053833661									8053833661	8053833661		20181108191341
1758	2102994628									2102994628	2102994628		20181108191341
1759	2814861677									2814861677	2814861677		20181108191341
1760	8067928588									8067928588	8067928588		20181108191341
1763	9047335377									9047335377	9047335377		20181108191341
1764	6128799116									6128799116	6128799116		20181108191341
1766	7704272845									7704272845	7704272845		20181108191341
1767	5127955122									5127955122	5127955122		20181108191341
1769	5048945370									5048945370	5048945370		20181108191341
1770	3045365031									3045365031	3045365031		20181108191341
1771	8703042156									8703042156	8703042156		20181108191341
1772	4403242075									4403242075	4403242075		20181108191341
1773	9043532844									9043532844	9043532844		20181108191341
1774	4802181356									4802181356	4802181356		20181108191341
1775	9167731481									9167731481	9167731481		20181108191341
1776	7704265388									7704265388	7704265388		20181108191341
1777	3162836260									3162836260	3162836260		20181108191341
1778	7179203039									7179203039	7179203039		20181108191341
1779	3096620829									3096620829	3096620829		20181108191341
1780	8313250307									8313250307	8313250307		20181108191341
1781	7023024161									7023024161	7023024161		20181108191341
1782	4803450379									4803450379	4803450379		20181108191341
1783	4142684811									4142684811	4142684811		20181108191341
1784	5742876320									5742876320	5742876320		20181108191341
1785	2535658777									2535658777	2535658777		20181108191341
1786	2535658777									2535658777	2535658777		20181108191341
1788	5302258720									5302258720	5302258720		20181108191341
1789	4062375910									4062375910	4062375910		20181108191341
1790	5412424364									5412424364	5412424364		20181108191341
1792	3372892226									3372892226	3372892226		20181108191341
1793	4043515983									4043515983	4043515983		20181108191341
1794	7314225743									7314225743	7314225743		20181108191341
1795	7144450246									7144450246	7144450246		20181108191341
1796	5749467801									5749467801	5749467801		20181108191341
1797	9528069741									9528069741	9528069741		20181108191341
1798	6622246801									6622246801	6622246801		20181108191341
1799	8122859830									8122859830	8122859830		20181108191341
1800	3154223538									3154223538	3154223538		20181108191341
1801	5162481357									5162481357	5162481357		20181108191341
1802	6203252410									6203252410	6203252410		20181108191341
1803	5034944640									5034944640	5034944640		20181108191341
1804	3178758381									3178758381	3178758381		20181108191341
1805	4192324498									4192324498	4192324498		20181108191341
1806	7137442001									7137442001	7137442001		20181108191341
1808	8282747407									8282747407	8282747407		20181108191341
1809	8655843892									8655843892	8655843892		20181108191341
1810	8045940915									8045940915	8045940915		20181108191341
1811	2156437762									2156437762	2156437762		20181108191341
1812	3167942773									3167942773	3167942773		20181108191341
1813	8144564098									8144564098	8144564098		20181108191341
1814	2122740738									2122740738	2122740738		20181108191341
1815	3166867338									3166867338	3166867338		20181108191341
1816	3104533685									3104533685	3104533685		20181108191341
1819	9288332686									9288332686	9288332686		20181108191341
1820	6153262841									6153262841	6153262841		20181108191341
1821	4793592333									4793592333	4793592333		20181108191341
1822	6306544253									6306544253	6306544253		20181108191341
1823	5124783067									5124783067	5124783067		20181108191341
1824	5852440236									5852440236	5852440236		20181108191341
1825	9042656409									9042656409	9042656409		20181108191341
1827	5852446456									5852446456	5852446456		20181108191341
1828	9726128291									9726128291	9726128291		20181108191341
1830	3043443480									3043443480	3043443480		20181108191341
1831	4794529459									4794529459	4794529459		20181108191341
1832	9496440774									9496440774	9496440774		20181108191341
1833	9073490078									9073490078	9073490078		20181108191341
1834	7172632055									7172632055	7172632055		20181108191341
1840	3026337556									3026337556	3026337556		20181108191341
1841	6163652076									6163652076	6163652076		20181108191341
1842	7878521579									7878521579	7878521579		20181108191341
1843	5403710922									5403710922	5403710922		20181108191341
1844	9107387731									9107387731	9107387731		20181108191341
1845	2062237606									2062237606	2062237606		20181108191341
1846	2319352850									2319352850	2319352850		20181108191341
1847	7709916002									7709916002	7709916002		20181108191341
1848	6624547278									6624547278	6624547278		20181108191341
1850	3043443480									3043443480	3043443480		20181108191341
1851	9419558842									9419558842	9419558842		20181108191341
1852	7134953717									7134953717	7134953717		20181108191341
1853	5182072973									5182072973	5182072973		20181108191341
1855	9419558842									9419558842	9419558842		20181108191341
1857	8435259613									8435259613	8435259613		20181108191341
1858	9797647115									9797647115	9797647115		20181108191341
1861	9142421516									9142421516	9142421516		20181108191341
1863	8455652879									8455652879	8455652879		20181108191341
1866	3037888505									3037888505	3037888505		20181108191341
1868	5616714669									5616714669	5616714669		20181108191341
1871	8474597929									8474597929	8474597929		20181108191341
1872	3368873194									3368873194	3368873194		20181108191341
1873	4232464248									4232464248	4232464248		20181108191341
1874	7072699562									7072699562	7072699562		20181108191341
1875	8136368301									8136368301	8136368301		20181108191341
1876	5862863503									5862863503	5862863503		20181108191341
1877	4178762058									4178762058	4178762058		20181108191341
1878	2487449449									2487449449	2487449449		20181108191341
1879	5164842490									5164842490	5164842490		20181108191341
1880	8316851199									8316851199	8316851199		20181108191341
1881	2034590192									2034590192	2034590192		20181108191341
1882	2128289570									2128289570	2128289570		20181108191341
1883	6516440792									6516440792	6516440792		20181108191341
1885	4109971636									4109971636	4109971636		20181108191341
1886	7342852712									7342852712	7342852712		20181108191341
1888	7048657232									7048657232	7048657232		20181108191341
1891	9314735870									9314735870	9314735870		20181108191341
1893	5057969051									5057969051	5057969051		20181108191341
1894	6163915685									6163915685	6163915685		20181108191341
1895	7049228213									7049228213	7049228213		20181108191341
1896	7245390835									7245390835	7245390835		20181108191341
1897	3037635495									3037635495	3037635495		20181108191341
1898	7278477526									7278477526	7278477526		20181108191341
1900	5025404959									5025404959	5025404959		20181108191341
1901	6107601721									6107601721	6107601721		20181108191341
1902	8576541100									8576541100	8576541100		20181108191341
1903	7872677829									7872677829	7872677829		20181108191341
1904	2039240388									2039240388	2039240388		20181108191341
1905	7144568895									7144568895	7144568895		20181108191341
1906	8434976601									8434976601	8434976601		20181108191341
1907	7172174218									7172174218	7172174218		20181108191341
1908	7137931603									7137931603	7137931603		20181108191341
1909	7572328875									7572328875	7572328875		20181108191341
1911	3052792278									3052792278	3052792278		20181108191341
1912	4076501307									4076501307	4076501307		20181108191341
1914	5207475845									5207475845	5207475845		20181108191341
1915	5133983203									5133983203	5133983203		20181108191341
1916	7084814606									7084814606	7084814606		20181108191341
1917	5122311470									5122311470	5122311470		20181108191341
1918	5122311470									5122311470	5122311470		20181108191341
1919	7136577106									7136577106	7136577106		20181108191341
1921	4142684811									4142684811	4142684811		20181108191341
1922	3166866764									3166866764	3166866764		20181108191341
1923	3022253774									3022253774	3022253774		20181108191341
1924	9898959780									9898959780	9898959780		20181108191341
1926	2814881387									2814881387	2814881387		20181108191341
1927	9048290411									9048290411	9048290411		20181108191341
1929	3178582967									3178582967	3178582967		20181108191341
1930	2154534646									2154534646	2154534646		20181108191341
1931	4059514361									4059514361	4059514361		20181108191341
1932	9036143525									9036143525	9036143525		20181108191341
1934	9188326055									9188326055	9188326055		20181108191341
1935	2812650402									2812650402	2812650402		20181108191341
1937	8559686372									8559686372	8559686372		20181108191341
1939	4252712566									4252712566	4252712566		20181108191341
1940	8323808293									8323808293	8323808293		20181108191341
1941	2813334013									2813334013	2813334013		20181108191341
1943	5057277942									5057277942	5057277942		20181108191341
1944	6369381486									6369381486	6369381486		20181108191341
1945	3018680693									3018680693	3018680693		20181108191341
1946	5034740157									5034740157	5034740157		20181108191341
1947	8063532291									8063532291	8063532291		20181108191341
1949	9169252210									9169252210	9169252210		20181108191341
1950	5306766130									5306766130	5306766130		20181108191341
1951	9497571114									9497571114	9497571114		20181108191341
1952	3605983282									3605983282	3605983282		20181108191341
1953	5306715173									5306715173	5306715173		20181108191341
1954	4198857204									4198857204	4198857204		20181108191341
1956	6053372617									6053372617	6053372617		20181108191341
1957	9544554435									9544554435	9544554435		20181108191341
1958	8709725684									8709725684	8709725684		20181108191341
1959	2707800478									2707800478	2707800478		20181108191341
1961	7326673708									7326673708	7326673708		20181108191341
1962	7324609848									7324609848	7324609848		20181108191341
1963	8067718009									8067718009	8067718009		20181108191341
1964	2079425686									2079425686	2079425686		20181108191341
1965	2104345537									2104345537	2104345537		20181108191341
1968	9283361776									9283361776	9283361776		20181108191341
1969	5078331391									5078331391	5078331391		20181108191341
1970	5704559159									5704559159	5704559159		20181108191341
1971	9148190061									9148190061	9148190061		20181108191341
1972	7149536604									7149536604	7149536604		20181108191341
1973	7044147512									7044147512	7044147512		20181108191341
1974	4042501232									4042501232	4042501232		20181108191341
1976	4023276074									4023276074	4023276074		20181108191341
1978	3032702174									3032702174	3032702174		20181108191341
1979	6053289501									6053289501	6053289501		20181108191341
1981	8592575859									8592575859	8592575859		20181108191341
1982	8508775636									8508775636	8508775636		20181108191341
1984	3042426889									3042426889	3042426889		20181108191341
1986	2548836066									2548836066	2548836066		20181108191341
1987	4239299448									4239299448	4239299448		20181108191341
1988	5403447154									5403447154	5403447154		20181108191341
1989	8642250684									8642250684	8642250684		20181108191341
1990	7173163556									7173163556	7173163556		20181108191341
1991	6053289501									6053289501	6053289501		20181108191341
1992	3309522261									3309522261	3309522261		20181108191341
1993	2098888603									2098888603	2098888603		20181108191341
1994	3173464108									3173464108	3173464108		20181108191341
1995	7178672418									7178672418	7178672418		20181108191341
1996	5074522556									5074522556	5074522556		20181108191341
1998	5124549521									5124549521	5124549521		20181108191341
1999	3205282642									3205282642	3205282642		20181108191341
