Line_ID	As_Short_Text_LTE_400	As_Long_Text_LTE_4000	As_Year	As_Month	As_Day	As_Hour	As_Minute	As_Second	As_Millisecond	As_Double	As_Long	As_Bool	YMD_hms_Key
1	05/23/2005		2005	5	23	0	0	0	0				20181108191325
2	05/23/2005		2005	5	23	0	0	0	0				20181108191325
3	05/23/2005		2005	5	23	0	0	0	0				20181108191325
4	05/23/2005		2005	5	23	0	0	0	0				20181108191325
5	05/23/2005		2005	5	23	0	0	0	0				20181108191325
6	05/23/2005		2005	5	23	0	0	0	0				20181108191325
7	05/23/2005		2005	5	23	0	0	0	0				20181108191325
8	05/23/2005		2005	5	23	0	0	0	0				20181108191325
9	05/23/2005		2005	5	23	0	0	0	0				20181108191325
10	05/23/2005		2005	5	23	0	0	0	0				20181108191325
11	05/23/2005		2005	5	23	0	0	0	0				20181108191325
13	05/23/2005		2005	5	23	0	0	0	0				20181108191325
14	05/23/2005		2005	5	23	0	0	0	0				20181108191325
15	05/23/2005		2005	5	23	0	0	0	0				20181108191325
16	05/23/2005		2005	5	23	0	0	0	0				20181108191325
17	05/23/2005		2005	5	23	0	0	0	0				20181108191325
18	05/23/2005		2005	5	23	0	0	0	0				20181108191325
19	05/23/2005		2005	5	23	0	0	0	0				20181108191325
20	05/23/2005		2005	5	23	0	0	0	0				20181108191325
21	05/23/2005		2005	5	23	0	0	0	0				20181108191325
22	05/23/2005		2005	5	23	0	0	0	0				20181108191325
23	05/23/2005		2005	5	23	0	0	0	0				20181108191325
24	05/23/2005		2005	5	23	0	0	0	0				20181108191325
25	05/23/2005		2005	5	23	0	0	0	0				20181108191325
27	05/23/2005		2005	5	23	0	0	0	0				20181108191325
28	05/23/2005		2005	5	23	0	0	0	0				20181108191325
29	05/23/2005		2005	5	23	0	0	0	0				20181108191325
30	05/23/2005		2005	5	23	0	0	0	0				20181108191325
31	05/23/2005		2005	5	23	0	0	0	0				20181108191325
32	05/23/2005		2005	5	23	0	0	0	0				20181108191325
34	05/23/2005		2005	5	23	0	0	0	0				20181108191325
35	05/23/2005		2005	5	23	0	0	0	0				20181108191325
36	05/23/2005		2005	5	23	0	0	0	0				20181108191325
37	05/23/2005		2005	5	23	0	0	0	0				20181108191325
38	05/23/2005		2005	5	23	0	0	0	0				20181108191325
39	05/23/2005		2005	5	23	0	0	0	0				20181108191325
40	05/23/2005		2005	5	23	0	0	0	0				20181108191325
42	05/23/2005		2005	5	23	0	0	0	0				20181108191325
43	05/23/2005		2005	5	23	0	0	0	0				20181108191325
44	05/23/2005		2005	5	23	0	0	0	0				20181108191325
45	05/23/2005		2005	5	23	0	0	0	0				20181108191325
46	05/23/2005		2005	5	23	0	0	0	0				20181108191325
47	05/23/2005		2005	5	23	0	0	0	0				20181108191325
48	05/23/2005		2005	5	23	0	0	0	0				20181108191325
49	05/23/2005		2005	5	23	0	0	0	0				20181108191325
50	05/23/2005		2005	5	23	0	0	0	0				20181108191325
51	05/23/2005		2005	5	23	0	0	0	0				20181108191325
52	05/23/2005		2005	5	23	0	0	0	0				20181108191325
53	05/23/2005		2005	5	23	0	0	0	0				20181108191325
54	05/23/2005		2005	5	23	0	0	0	0				20181108191325
55	05/23/2005		2005	5	23	0	0	0	0				20181108191325
56	05/23/2005		2005	5	23	0	0	0	0				20181108191325
57	05/23/2005		2005	5	23	0	0	0	0				20181108191325
58	05/23/2005		2005	5	23	0	0	0	0				20181108191325
60	05/23/2005		2005	5	23	0	0	0	0				20181108191325
61	05/23/2005		2005	5	23	0	0	0	0				20181108191325
62	05/23/2005		2005	5	23	0	0	0	0				20181108191325
63	05/23/2005		2005	5	23	0	0	0	0				20181108191326
64	05/23/2005		2005	5	23	0	0	0	0				20181108191326
65	05/23/2005		2005	5	23	0	0	0	0				20181108191326
66	05/23/2005		2005	5	23	0	0	0	0				20181108191326
67	05/23/2005		2005	5	23	0	0	0	0				20181108191326
68	05/23/2005		2005	5	23	0	0	0	0				20181108191326
70	05/23/2005		2005	5	23	0	0	0	0				20181108191326
71	05/23/2005		2005	5	23	0	0	0	0				20181108191326
72	05/23/2005		2005	5	23	0	0	0	0				20181108191326
73	05/23/2005		2005	5	23	0	0	0	0				20181108191326
74	05/23/2005		2005	5	23	0	0	0	0				20181108191326
75	05/23/2005		2005	5	23	0	0	0	0				20181108191326
76	05/23/2005		2005	5	23	0	0	0	0				20181108191326
77	05/23/2005		2005	5	23	0	0	0	0				20181108191326
78	05/23/2005		2005	5	23	0	0	0	0				20181108191326
79	05/23/2005		2005	5	23	0	0	0	0				20181108191326
80	05/23/2005		2005	5	23	0	0	0	0				20181108191326
81	05/23/2005		2005	5	23	0	0	0	0				20181108191326
83	05/23/2005		2005	5	23	0	0	0	0				20181108191326
84	05/23/2005		2005	5	23	0	0	0	0				20181108191326
85	05/23/2005		2005	5	23	0	0	0	0				20181108191326
86	05/23/2005		2005	5	23	0	0	0	0				20181108191326
87	05/23/2005		2005	5	23	0	0	0	0				20181108191326
88	05/23/2005		2005	5	23	0	0	0	0				20181108191326
89	05/23/2005		2005	5	23	0	0	0	0				20181108191326
90	05/23/2005		2005	5	23	0	0	0	0				20181108191326
91	05/23/2005		2005	5	23	0	0	0	0				20181108191326
93	05/23/2005		2005	5	23	0	0	0	0				20181108191326
94	05/23/2005		2005	5	23	0	0	0	0				20181108191326
95	05/23/2005		2005	5	23	0	0	0	0				20181108191326
96	05/23/2005		2005	5	23	0	0	0	0				20181108191326
97	05/23/2005		2005	5	23	0	0	0	0				20181108191326
98	05/23/2005		2005	5	23	0	0	0	0				20181108191326
99	05/23/2005		2005	5	23	0	0	0	0				20181108191326
100	05/23/2005		2005	5	23	0	0	0	0				20181108191326
101	05/23/2005		2005	5	23	0	0	0	0				20181108191326
102	05/23/2005		2005	5	23	0	0	0	0				20181108191326
103	05/23/2005		2005	5	23	0	0	0	0				20181108191326
104	05/23/2005		2005	5	23	0	0	0	0				20181108191326
105	05/23/2005		2005	5	23	0	0	0	0				20181108191326
106	05/23/2005		2005	5	23	0	0	0	0				20181108191326
107	05/23/2005		2005	5	23	0	0	0	0				20181108191326
108	05/23/2005		2005	5	23	0	0	0	0				20181108191326
109	05/23/2005		2005	5	23	0	0	0	0				20181108191326
110	05/23/2005		2005	5	23	0	0	0	0				20181108191326
111	05/23/2005		2005	5	23	0	0	0	0				20181108191326
112	05/23/2005		2005	5	23	0	0	0	0				20181108191326
113	05/23/2005		2005	5	23	0	0	0	0				20181108191326
114	05/23/2005		2005	5	23	0	0	0	0				20181108191326
115	05/23/2005		2005	5	23	0	0	0	0				20181108191326
116	05/23/2005		2005	5	23	0	0	0	0				20181108191326
117	05/23/2005		2005	5	23	0	0	0	0				20181108191326
118	05/23/2005		2005	5	23	0	0	0	0				20181108191326
119	05/23/2005		2005	5	23	0	0	0	0				20181108191326
120	05/23/2005		2005	5	23	0	0	0	0				20181108191326
121	05/23/2005		2005	5	23	0	0	0	0				20181108191326
122	05/23/2005		2005	5	23	0	0	0	0				20181108191326
123	05/23/2005		2005	5	23	0	0	0	0				20181108191326
124	05/23/2005		2005	5	23	0	0	0	0				20181108191326
126	05/23/2005		2005	5	23	0	0	0	0				20181108191326
127	05/23/2005		2005	5	23	0	0	0	0				20181108191326
128	05/23/2005		2005	5	23	0	0	0	0				20181108191326
129	05/23/2005		2005	5	23	0	0	0	0				20181108191326
130	05/23/2005		2005	5	23	0	0	0	0				20181108191326
131	05/23/2005		2005	5	23	0	0	0	0				20181108191326
132	05/23/2005		2005	5	23	0	0	0	0				20181108191326
133	05/23/2005		2005	5	23	0	0	0	0				20181108191326
134	05/23/2005		2005	5	23	0	0	0	0				20181108191326
135	05/23/2005		2005	5	23	0	0	0	0				20181108191326
136	05/23/2005		2005	5	23	0	0	0	0				20181108191326
137	05/23/2005		2005	5	23	0	0	0	0				20181108191326
138	05/23/2005		2005	5	23	0	0	0	0				20181108191326
139	05/23/2005		2005	5	23	0	0	0	0				20181108191326
140	05/23/2005		2005	5	23	0	0	0	0				20181108191326
142	05/23/2005		2005	5	23	0	0	0	0				20181108191326
143	05/23/2005		2005	5	23	0	0	0	0				20181108191326
144	05/23/2005		2005	5	23	0	0	0	0				20181108191326
145	05/23/2005		2005	5	23	0	0	0	0				20181108191326
146	05/23/2005		2005	5	23	0	0	0	0				20181108191326
147	05/23/2005		2005	5	23	0	0	0	0				20181108191326
148	05/23/2005		2005	5	23	0	0	0	0				20181108191326
149	05/23/2005		2005	5	23	0	0	0	0				20181108191326
150	05/23/2005		2005	5	23	0	0	0	0				20181108191326
151	05/23/2005		2005	5	23	0	0	0	0				20181108191326
152	05/23/2005		2005	5	23	0	0	0	0				20181108191326
153	05/23/2005		2005	5	23	0	0	0	0				20181108191326
154	05/23/2005		2005	5	23	0	0	0	0				20181108191326
155	05/23/2005		2005	5	23	0	0	0	0				20181108191326
156	05/23/2005		2005	5	23	0	0	0	0				20181108191326
157	05/23/2005		2005	5	23	0	0	0	0				20181108191326
158	05/23/2005		2005	5	23	0	0	0	0				20181108191326
159	05/23/2005		2005	5	23	0	0	0	0				20181108191326
160	05/23/2005		2005	5	23	0	0	0	0				20181108191326
161	05/23/2005		2005	5	23	0	0	0	0				20181108191326
162	05/23/2005		2005	5	23	0	0	0	0				20181108191326
163	05/23/2005		2005	5	23	0	0	0	0				20181108191326
164	05/23/2005		2005	5	23	0	0	0	0				20181108191326
165	05/23/2005		2005	5	23	0	0	0	0				20181108191326
166	05/23/2005		2005	5	23	0	0	0	0				20181108191326
167	05/23/2005		2005	5	23	0	0	0	0				20181108191326
168	05/23/2005		2005	5	23	0	0	0	0				20181108191326
169	05/23/2005		2005	5	23	0	0	0	0				20181108191326
170	05/23/2005		2005	5	23	0	0	0	0				20181108191326
171	05/23/2005		2005	5	23	0	0	0	0				20181108191326
172	05/23/2005		2005	5	23	0	0	0	0				20181108191326
174	05/23/2005		2005	5	23	0	0	0	0				20181108191326
176	05/23/2005		2005	5	23	0	0	0	0				20181108191326
177	05/23/2005		2005	5	23	0	0	0	0				20181108191326
178	05/23/2005		2005	5	23	0	0	0	0				20181108191326
179	05/23/2005		2005	5	23	0	0	0	0				20181108191326
180	05/23/2005		2005	5	23	0	0	0	0				20181108191326
181	05/23/2005		2005	5	23	0	0	0	0				20181108191326
182	05/23/2005		2005	5	23	0	0	0	0				20181108191326
183	05/23/2005		2005	5	23	0	0	0	0				20181108191326
184	05/23/2005		2005	5	23	0	0	0	0				20181108191326
185	05/23/2005		2005	5	23	0	0	0	0				20181108191326
186	05/23/2005		2005	5	23	0	0	0	0				20181108191326
187	05/23/2005		2005	5	23	0	0	0	0				20181108191326
188	05/23/2005		2005	5	23	0	0	0	0				20181108191326
189	05/23/2005		2005	5	23	0	0	0	0				20181108191326
190	05/23/2005		2005	5	23	0	0	0	0				20181108191326
191	05/23/2005		2005	5	23	0	0	0	0				20181108191326
192	05/23/2005		2005	5	23	0	0	0	0				20181108191326
193	05/23/2005		2005	5	23	0	0	0	0				20181108191326
194	05/23/2005		2005	5	23	0	0	0	0				20181108191326
195	05/23/2005		2005	5	23	0	0	0	0				20181108191326
196	05/23/2005		2005	5	23	0	0	0	0				20181108191326
197	05/23/2005		2005	5	23	0	0	0	0				20181108191326
198	05/23/2005		2005	5	23	0	0	0	0				20181108191326
200	05/23/2005		2005	5	23	0	0	0	0				20181108191326
201	05/23/2005		2005	5	23	0	0	0	0				20181108191326
202	05/23/2005		2005	5	23	0	0	0	0				20181108191326
203	05/23/2005		2005	5	23	0	0	0	0				20181108191326
204	05/23/2005		2005	5	23	0	0	0	0				20181108191326
205	05/23/2005		2005	5	23	0	0	0	0				20181108191326
206	05/23/2005		2005	5	23	0	0	0	0				20181108191326
207	05/23/2005		2005	5	23	0	0	0	0				20181108191326
208	05/23/2005		2005	5	23	0	0	0	0				20181108191326
209	05/23/2005		2005	5	23	0	0	0	0				20181108191326
210	05/23/2005		2005	5	23	0	0	0	0				20181108191326
211	05/23/2005		2005	5	23	0	0	0	0				20181108191326
212	05/23/2005		2005	5	23	0	0	0	0				20181108191326
213	05/23/2005		2005	5	23	0	0	0	0				20181108191326
215	05/23/2005		2005	5	23	0	0	0	0				20181108191326
216	05/23/2005		2005	5	23	0	0	0	0				20181108191326
217	05/23/2005		2005	5	23	0	0	0	0				20181108191326
218	05/23/2005		2005	5	23	0	0	0	0				20181108191326
219	05/23/2005		2005	5	23	0	0	0	0				20181108191326
220	05/23/2005		2005	5	23	0	0	0	0				20181108191326
221	05/23/2005		2005	5	23	0	0	0	0				20181108191326
223	05/23/2005		2005	5	23	0	0	0	0				20181108191326
224	05/23/2005		2005	5	23	0	0	0	0				20181108191326
225	05/23/2005		2005	5	23	0	0	0	0				20181108191326
226	05/23/2005		2005	5	23	0	0	0	0				20181108191326
227	05/23/2005		2005	5	23	0	0	0	0				20181108191326
228	05/23/2005		2005	5	23	0	0	0	0				20181108191326
229	05/23/2005		2005	5	23	0	0	0	0				20181108191326
230	05/23/2005		2005	5	23	0	0	0	0				20181108191326
231	05/23/2005		2005	5	23	0	0	0	0				20181108191326
232	05/23/2005		2005	5	23	0	0	0	0				20181108191326
233	05/23/2005		2005	5	23	0	0	0	0				20181108191326
234	05/23/2005		2005	5	23	0	0	0	0				20181108191326
235	05/23/2005		2005	5	23	0	0	0	0				20181108191326
236	05/23/2005		2005	5	23	0	0	0	0				20181108191326
237	05/23/2005		2005	5	23	0	0	0	0				20181108191326
238	05/23/2005		2005	5	23	0	0	0	0				20181108191326
239	05/23/2005		2005	5	23	0	0	0	0				20181108191326
240	05/23/2005		2005	5	23	0	0	0	0				20181108191326
241	05/23/2005		2005	5	23	0	0	0	0				20181108191326
242	05/23/2005		2005	5	23	0	0	0	0				20181108191326
243	05/23/2005		2005	5	23	0	0	0	0				20181108191326
244	05/23/2005		2005	5	23	0	0	0	0				20181108191326
245	05/23/2005		2005	5	23	0	0	0	0				20181108191326
246	05/23/2005		2005	5	23	0	0	0	0				20181108191326
247	05/23/2005		2005	5	23	0	0	0	0				20181108191326
248	05/23/2005		2005	5	23	0	0	0	0				20181108191326
249	05/23/2005		2005	5	23	0	0	0	0				20181108191326
250	05/23/2005		2005	5	23	0	0	0	0				20181108191326
251	05/23/2005		2005	5	23	0	0	0	0				20181108191326
252	05/23/2005		2005	5	23	0	0	0	0				20181108191326
253	05/23/2005		2005	5	23	0	0	0	0				20181108191326
254	05/23/2005		2005	5	23	0	0	0	0				20181108191326
255	05/23/2005		2005	5	23	0	0	0	0				20181108191326
256	05/23/2005		2005	5	23	0	0	0	0				20181108191326
257	05/23/2005		2005	5	23	0	0	0	0				20181108191326
258	05/23/2005		2005	5	23	0	0	0	0				20181108191326
259	05/23/2005		2005	5	23	0	0	0	0				20181108191326
260	05/23/2005		2005	5	23	0	0	0	0				20181108191326
261	05/23/2005		2005	5	23	0	0	0	0				20181108191326
262	05/23/2005		2005	5	23	0	0	0	0				20181108191326
263	05/23/2005		2005	5	23	0	0	0	0				20181108191326
264	05/23/2005		2005	5	23	0	0	0	0				20181108191326
265	05/23/2005		2005	5	23	0	0	0	0				20181108191326
266	05/23/2005		2005	5	23	0	0	0	0				20181108191326
267	05/23/2005		2005	5	23	0	0	0	0				20181108191326
268	05/23/2005		2005	5	23	0	0	0	0				20181108191326
269	05/24/2005		2005	5	24	0	0	0	0				20181108191326
270	05/24/2005		2005	5	24	0	0	0	0				20181108191326
271	05/24/2005		2005	5	24	0	0	0	0				20181108191326
272	05/24/2005		2005	5	24	0	0	0	0				20181108191326
273	05/24/2005		2005	5	24	0	0	0	0				20181108191326
274	05/24/2005		2005	5	24	0	0	0	0				20181108191326
275	05/24/2005		2005	5	24	0	0	0	0				20181108191326
276	05/24/2005		2005	5	24	0	0	0	0				20181108191326
277	05/24/2005		2005	5	24	0	0	0	0				20181108191326
278	05/24/2005		2005	5	24	0	0	0	0				20181108191326
279	05/24/2005		2005	5	24	0	0	0	0				20181108191326
281	05/24/2005		2005	5	24	0	0	0	0				20181108191326
282	05/24/2005		2005	5	24	0	0	0	0				20181108191326
283	05/24/2005		2005	5	24	0	0	0	0				20181108191326
284	05/24/2005		2005	5	24	0	0	0	0				20181108191326
285	05/24/2005		2005	5	24	0	0	0	0				20181108191326
286	05/24/2005		2005	5	24	0	0	0	0				20181108191326
287	05/24/2005		2005	5	24	0	0	0	0				20181108191326
288	05/24/2005		2005	5	24	0	0	0	0				20181108191326
289	05/24/2005		2005	5	24	0	0	0	0				20181108191326
290	05/24/2005		2005	5	24	0	0	0	0				20181108191326
291	05/24/2005		2005	5	24	0	0	0	0				20181108191326
292	05/24/2005		2005	5	24	0	0	0	0				20181108191326
293	05/24/2005		2005	5	24	0	0	0	0				20181108191326
294	05/24/2005		2005	5	24	0	0	0	0				20181108191326
295	05/24/2005		2005	5	24	0	0	0	0				20181108191326
296	05/24/2005		2005	5	24	0	0	0	0				20181108191326
297	05/24/2005		2005	5	24	0	0	0	0				20181108191326
298	05/24/2005		2005	5	24	0	0	0	0				20181108191326
299	05/24/2005		2005	5	24	0	0	0	0				20181108191326
300	05/24/2005		2005	5	24	0	0	0	0				20181108191326
301	05/24/2005		2005	5	24	0	0	0	0				20181108191326
302	05/24/2005		2005	5	24	0	0	0	0				20181108191326
303	05/24/2005		2005	5	24	0	0	0	0				20181108191326
304	05/24/2005		2005	5	24	0	0	0	0				20181108191326
305	05/24/2005		2005	5	24	0	0	0	0				20181108191326
306	05/24/2005		2005	5	24	0	0	0	0				20181108191326
307	05/24/2005		2005	5	24	0	0	0	0				20181108191326
308	05/24/2005		2005	5	24	0	0	0	0				20181108191326
309	05/24/2005		2005	5	24	0	0	0	0				20181108191326
310	05/24/2005		2005	5	24	0	0	0	0				20181108191326
311	05/24/2005		2005	5	24	0	0	0	0				20181108191326
312	05/24/2005		2005	5	24	0	0	0	0				20181108191326
313	05/24/2005		2005	5	24	0	0	0	0				20181108191326
314	05/24/2005		2005	5	24	0	0	0	0				20181108191326
315	05/24/2005		2005	5	24	0	0	0	0				20181108191326
317	05/24/2005		2005	5	24	0	0	0	0				20181108191326
318	05/24/2005		2005	5	24	0	0	0	0				20181108191326
319	05/24/2005		2005	5	24	0	0	0	0				20181108191326
320	05/24/2005		2005	5	24	0	0	0	0				20181108191326
321	05/24/2005		2005	5	24	0	0	0	0				20181108191326
322	05/24/2005		2005	5	24	0	0	0	0				20181108191326
323	05/24/2005		2005	5	24	0	0	0	0				20181108191326
324	05/24/2005		2005	5	24	0	0	0	0				20181108191326
325	05/24/2005		2005	5	24	0	0	0	0				20181108191326
326	05/24/2005		2005	5	24	0	0	0	0				20181108191326
327	05/24/2005		2005	5	24	0	0	0	0				20181108191326
328	05/24/2005		2005	5	24	0	0	0	0				20181108191326
329	05/24/2005		2005	5	24	0	0	0	0				20181108191326
330	05/24/2005		2005	5	24	0	0	0	0				20181108191326
331	05/24/2005		2005	5	24	0	0	0	0				20181108191326
332	05/24/2005		2005	5	24	0	0	0	0				20181108191326
333	05/24/2005		2005	5	24	0	0	0	0				20181108191326
334	05/24/2005		2005	5	24	0	0	0	0				20181108191326
335	05/24/2005		2005	5	24	0	0	0	0				20181108191326
336	05/24/2005		2005	5	24	0	0	0	0				20181108191326
337	05/24/2005		2005	5	24	0	0	0	0				20181108191326
338	05/24/2005		2005	5	24	0	0	0	0				20181108191326
339	05/24/2005		2005	5	24	0	0	0	0				20181108191326
340	05/24/2005		2005	5	24	0	0	0	0				20181108191326
341	05/24/2005		2005	5	24	0	0	0	0				20181108191326
342	05/24/2005		2005	5	24	0	0	0	0				20181108191326
343	05/24/2005		2005	5	24	0	0	0	0				20181108191326
344	05/24/2005		2005	5	24	0	0	0	0				20181108191326
345	05/24/2005		2005	5	24	0	0	0	0				20181108191326
346	05/24/2005		2005	5	24	0	0	0	0				20181108191326
347	05/24/2005		2005	5	24	0	0	0	0				20181108191326
348	05/24/2005		2005	5	24	0	0	0	0				20181108191326
349	05/24/2005		2005	5	24	0	0	0	0				20181108191326
350	05/24/2005		2005	5	24	0	0	0	0				20181108191326
351	05/24/2005		2005	5	24	0	0	0	0				20181108191326
352	05/24/2005		2005	5	24	0	0	0	0				20181108191326
353	05/24/2005		2005	5	24	0	0	0	0				20181108191326
354	05/24/2005		2005	5	24	0	0	0	0				20181108191326
355	05/24/2005		2005	5	24	0	0	0	0				20181108191326
356	05/24/2005		2005	5	24	0	0	0	0				20181108191326
357	05/24/2005		2005	5	24	0	0	0	0				20181108191326
358	05/24/2005		2005	5	24	0	0	0	0				20181108191326
360	05/24/2005		2005	5	24	0	0	0	0				20181108191326
361	05/24/2005		2005	5	24	0	0	0	0				20181108191326
362	05/24/2005		2005	5	24	0	0	0	0				20181108191326
363	05/24/2005		2005	5	24	0	0	0	0				20181108191326
364	05/24/2005		2005	5	24	0	0	0	0				20181108191326
365	05/24/2005		2005	5	24	0	0	0	0				20181108191326
366	05/24/2005		2005	5	24	0	0	0	0				20181108191326
367	05/24/2005		2005	5	24	0	0	0	0				20181108191326
368	05/24/2005		2005	5	24	0	0	0	0				20181108191326
369	05/24/2005		2005	5	24	0	0	0	0				20181108191326
370	05/24/2005		2005	5	24	0	0	0	0				20181108191326
372	05/24/2005		2005	5	24	0	0	0	0				20181108191326
373	05/24/2005		2005	5	24	0	0	0	0				20181108191326
374	05/24/2005		2005	5	24	0	0	0	0				20181108191326
375	05/24/2005		2005	5	24	0	0	0	0				20181108191326
376	05/24/2005		2005	5	24	0	0	0	0				20181108191326
377	05/24/2005		2005	5	24	0	0	0	0				20181108191326
378	05/24/2005		2005	5	24	0	0	0	0				20181108191326
379	05/24/2005		2005	5	24	0	0	0	0				20181108191326
380	05/24/2005		2005	5	24	0	0	0	0				20181108191326
381	05/24/2005		2005	5	24	0	0	0	0				20181108191326
382	05/24/2005		2005	5	24	0	0	0	0				20181108191326
383	05/24/2005		2005	5	24	0	0	0	0				20181108191326
384	05/24/2005		2005	5	24	0	0	0	0				20181108191326
385	05/24/2005		2005	5	24	0	0	0	0				20181108191326
386	05/24/2005		2005	5	24	0	0	0	0				20181108191326
387	05/24/2005		2005	5	24	0	0	0	0				20181108191326
388	05/24/2005		2005	5	24	0	0	0	0				20181108191326
389	05/24/2005		2005	5	24	0	0	0	0				20181108191326
391	05/24/2005		2005	5	24	0	0	0	0				20181108191326
392	05/24/2005		2005	5	24	0	0	0	0				20181108191326
393	05/24/2005		2005	5	24	0	0	0	0				20181108191326
394	05/24/2005		2005	5	24	0	0	0	0				20181108191326
395	05/24/2005		2005	5	24	0	0	0	0				20181108191326
397	05/24/2005		2005	5	24	0	0	0	0				20181108191326
398	05/24/2005		2005	5	24	0	0	0	0				20181108191326
399	05/24/2005		2005	5	24	0	0	0	0				20181108191326
400	05/24/2005		2005	5	24	0	0	0	0				20181108191326
401	05/24/2005		2005	5	24	0	0	0	0				20181108191326
402	05/24/2005		2005	5	24	0	0	0	0				20181108191326
403	05/24/2005		2005	5	24	0	0	0	0				20181108191326
404	05/24/2005		2005	5	24	0	0	0	0				20181108191326
405	05/24/2005		2005	5	24	0	0	0	0				20181108191326
406	05/24/2005		2005	5	24	0	0	0	0				20181108191326
407	05/24/2005		2005	5	24	0	0	0	0				20181108191326
408	05/24/2005		2005	5	24	0	0	0	0				20181108191326
409	05/24/2005		2005	5	24	0	0	0	0				20181108191326
410	05/24/2005		2005	5	24	0	0	0	0				20181108191326
411	05/24/2005		2005	5	24	0	0	0	0				20181108191326
412	05/24/2005		2005	5	24	0	0	0	0				20181108191326
413	05/24/2005		2005	5	24	0	0	0	0				20181108191326
414	05/24/2005		2005	5	24	0	0	0	0				20181108191326
415	05/24/2005		2005	5	24	0	0	0	0				20181108191326
416	05/24/2005		2005	5	24	0	0	0	0				20181108191326
417	05/24/2005		2005	5	24	0	0	0	0				20181108191326
418	05/24/2005		2005	5	24	0	0	0	0				20181108191326
419	05/24/2005		2005	5	24	0	0	0	0				20181108191326
420	05/24/2005		2005	5	24	0	0	0	0				20181108191326
421	05/24/2005		2005	5	24	0	0	0	0				20181108191326
422	05/24/2005		2005	5	24	0	0	0	0				20181108191326
423	05/24/2005		2005	5	24	0	0	0	0				20181108191326
424	05/24/2005		2005	5	24	0	0	0	0				20181108191326
425	05/24/2005		2005	5	24	0	0	0	0				20181108191326
426	05/24/2005		2005	5	24	0	0	0	0				20181108191326
427	05/24/2005		2005	5	24	0	0	0	0				20181108191326
428	05/24/2005		2005	5	24	0	0	0	0				20181108191326
429	05/24/2005		2005	5	24	0	0	0	0				20181108191326
430	05/24/2005		2005	5	24	0	0	0	0				20181108191326
432	05/24/2005		2005	5	24	0	0	0	0				20181108191326
433	05/24/2005		2005	5	24	0	0	0	0				20181108191326
434	05/24/2005		2005	5	24	0	0	0	0				20181108191326
435	05/24/2005		2005	5	24	0	0	0	0				20181108191326
436	05/24/2005		2005	5	24	0	0	0	0				20181108191326
437	05/24/2005		2005	5	24	0	0	0	0				20181108191326
438	05/24/2005		2005	5	24	0	0	0	0				20181108191326
439	05/24/2005		2005	5	24	0	0	0	0				20181108191326
440	05/24/2005		2005	5	24	0	0	0	0				20181108191326
441	05/24/2005		2005	5	24	0	0	0	0				20181108191326
443	05/24/2005		2005	5	24	0	0	0	0				20181108191326
444	05/24/2005		2005	5	24	0	0	0	0				20181108191326
445	05/24/2005		2005	5	24	0	0	0	0				20181108191327
446	05/24/2005		2005	5	24	0	0	0	0				20181108191327
447	05/24/2005		2005	5	24	0	0	0	0				20181108191327
448	05/24/2005		2005	5	24	0	0	0	0				20181108191327
449	05/24/2005		2005	5	24	0	0	0	0				20181108191327
450	05/24/2005		2005	5	24	0	0	0	0				20181108191327
451	05/24/2005		2005	5	24	0	0	0	0				20181108191327
452	05/24/2005		2005	5	24	0	0	0	0				20181108191327
453	05/24/2005		2005	5	24	0	0	0	0				20181108191327
454	05/24/2005		2005	5	24	0	0	0	0				20181108191327
455	05/24/2005		2005	5	24	0	0	0	0				20181108191327
456	05/24/2005		2005	5	24	0	0	0	0				20181108191327
457	05/24/2005		2005	5	24	0	0	0	0				20181108191327
458	05/24/2005		2005	5	24	0	0	0	0				20181108191327
459	05/24/2005		2005	5	24	0	0	0	0				20181108191327
460	05/24/2005		2005	5	24	0	0	0	0				20181108191327
461	05/24/2005		2005	5	24	0	0	0	0				20181108191327
462	05/24/2005		2005	5	24	0	0	0	0				20181108191327
463	05/24/2005		2005	5	24	0	0	0	0				20181108191327
464	05/24/2005		2005	5	24	0	0	0	0				20181108191327
465	05/24/2005		2005	5	24	0	0	0	0				20181108191327
466	05/24/2005		2005	5	24	0	0	0	0				20181108191327
467	05/24/2005		2005	5	24	0	0	0	0				20181108191327
468	05/24/2005		2005	5	24	0	0	0	0				20181108191327
469	05/24/2005		2005	5	24	0	0	0	0				20181108191327
471	05/24/2005		2005	5	24	0	0	0	0				20181108191327
472	05/24/2005		2005	5	24	0	0	0	0				20181108191327
474	05/24/2005		2005	5	24	0	0	0	0				20181108191327
475	05/24/2005		2005	5	24	0	0	0	0				20181108191327
476	05/24/2005		2005	5	24	0	0	0	0				20181108191327
477	05/24/2005		2005	5	24	0	0	0	0				20181108191327
478	05/24/2005		2005	5	24	0	0	0	0				20181108191327
479	05/24/2005		2005	5	24	0	0	0	0				20181108191327
480	05/24/2005		2005	5	24	0	0	0	0				20181108191327
481	05/24/2005		2005	5	24	0	0	0	0				20181108191327
482	05/24/2005		2005	5	24	0	0	0	0				20181108191327
483	05/24/2005		2005	5	24	0	0	0	0				20181108191327
485	05/24/2005		2005	5	24	0	0	0	0				20181108191327
486	05/24/2005		2005	5	24	0	0	0	0				20181108191327
487	05/24/2005		2005	5	24	0	0	0	0				20181108191327
488	05/24/2005		2005	5	24	0	0	0	0				20181108191327
489	05/24/2005		2005	5	24	0	0	0	0				20181108191327
490	05/24/2005		2005	5	24	0	0	0	0				20181108191327
491	05/24/2005		2005	5	24	0	0	0	0				20181108191327
492	05/24/2005		2005	5	24	0	0	0	0				20181108191327
493	05/24/2005		2005	5	24	0	0	0	0				20181108191327
494	05/24/2005		2005	5	24	0	0	0	0				20181108191327
495	05/24/2005		2005	5	24	0	0	0	0				20181108191327
496	05/24/2005		2005	5	24	0	0	0	0				20181108191327
498	05/24/2005		2005	5	24	0	0	0	0				20181108191327
499	05/24/2005		2005	5	24	0	0	0	0				20181108191327
500	05/24/2005		2005	5	24	0	0	0	0				20181108191327
501	05/24/2005		2005	5	24	0	0	0	0				20181108191327
502	05/24/2005		2005	5	24	0	0	0	0				20181108191327
503	05/24/2005		2005	5	24	0	0	0	0				20181108191327
504	05/24/2005		2005	5	24	0	0	0	0				20181108191327
505	05/24/2005		2005	5	24	0	0	0	0				20181108191327
506	05/24/2005		2005	5	24	0	0	0	0				20181108191327
507	05/24/2005		2005	5	24	0	0	0	0				20181108191327
508	05/24/2005		2005	5	24	0	0	0	0				20181108191327
509	05/24/2005		2005	5	24	0	0	0	0				20181108191327
511	05/24/2005		2005	5	24	0	0	0	0				20181108191327
512	05/24/2005		2005	5	24	0	0	0	0				20181108191327
513	05/24/2005		2005	5	24	0	0	0	0				20181108191327
514	05/24/2005		2005	5	24	0	0	0	0				20181108191327
515	05/24/2005		2005	5	24	0	0	0	0				20181108191327
516	05/24/2005		2005	5	24	0	0	0	0				20181108191327
517	05/24/2005		2005	5	24	0	0	0	0				20181108191327
518	05/24/2005		2005	5	24	0	0	0	0				20181108191327
519	05/24/2005		2005	5	24	0	0	0	0				20181108191327
520	05/24/2005		2005	5	24	0	0	0	0				20181108191327
521	05/24/2005		2005	5	24	0	0	0	0				20181108191327
522	05/24/2005		2005	5	24	0	0	0	0				20181108191327
523	05/24/2005		2005	5	24	0	0	0	0				20181108191327
524	05/24/2005		2005	5	24	0	0	0	0				20181108191327
525	05/24/2005		2005	5	24	0	0	0	0				20181108191327
526	05/24/2005		2005	5	24	0	0	0	0				20181108191327
527	05/24/2005		2005	5	24	0	0	0	0				20181108191327
528	05/24/2005		2005	5	24	0	0	0	0				20181108191327
529	05/24/2005		2005	5	24	0	0	0	0				20181108191327
530	05/24/2005		2005	5	24	0	0	0	0				20181108191327
531	05/24/2005		2005	5	24	0	0	0	0				20181108191327
532	05/24/2005		2005	5	24	0	0	0	0				20181108191327
533	05/24/2005		2005	5	24	0	0	0	0				20181108191327
534	05/24/2005		2005	5	24	0	0	0	0				20181108191327
535	05/24/2005		2005	5	24	0	0	0	0				20181108191327
536	05/24/2005		2005	5	24	0	0	0	0				20181108191327
537	05/24/2005		2005	5	24	0	0	0	0				20181108191327
538	05/24/2005		2005	5	24	0	0	0	0				20181108191327
539	05/25/2005		2005	5	25	0	0	0	0				20181108191327
540	05/25/2005		2005	5	25	0	0	0	0				20181108191327
541	05/25/2005		2005	5	25	0	0	0	0				20181108191327
542	05/25/2005		2005	5	25	0	0	0	0				20181108191327
543	05/25/2005		2005	5	25	0	0	0	0				20181108191327
544	05/26/2005		2005	5	26	0	0	0	0				20181108191327
545	05/26/2005		2005	5	26	0	0	0	0				20181108191327
546	05/26/2005		2005	5	26	0	0	0	0				20181108191327
547	05/26/2005		2005	5	26	0	0	0	0				20181108191327
548	05/26/2005		2005	5	26	0	0	0	0				20181108191327
549	05/26/2005		2005	5	26	0	0	0	0				20181108191327
550	05/26/2005		2005	5	26	0	0	0	0				20181108191327
551	05/26/2005		2005	5	26	0	0	0	0				20181108191327
552	05/26/2005		2005	5	26	0	0	0	0				20181108191327
553	05/26/2005		2005	5	26	0	0	0	0				20181108191327
554	05/26/2005		2005	5	26	0	0	0	0				20181108191327
555	05/27/2005		2005	5	27	0	0	0	0				20181108191327
556	05/27/2005		2005	5	27	0	0	0	0				20181108191327
557	05/27/2005		2005	5	27	0	0	0	0				20181108191327
558	05/27/2005		2005	5	27	0	0	0	0				20181108191327
559	05/27/2005		2005	5	27	0	0	0	0				20181108191327
560	05/27/2005		2005	5	27	0	0	0	0				20181108191327
561	05/27/2005		2005	5	27	0	0	0	0				20181108191327
562	05/27/2005		2005	5	27	0	0	0	0				20181108191327
563	05/27/2005		2005	5	27	0	0	0	0				20181108191327
564	05/27/2005		2005	5	27	0	0	0	0				20181108191327
565	05/27/2005		2005	5	27	0	0	0	0				20181108191327
567	05/27/2005		2005	5	27	0	0	0	0				20181108191327
568	05/27/2005		2005	5	27	0	0	0	0				20181108191327
569	05/27/2005		2005	5	27	0	0	0	0				20181108191327
570	05/27/2005		2005	5	27	0	0	0	0				20181108191327
571	05/27/2005		2005	5	27	0	0	0	0				20181108191327
572	05/27/2005		2005	5	27	0	0	0	0				20181108191327
573	05/27/2005		2005	5	27	0	0	0	0				20181108191327
574	05/27/2005		2005	5	27	0	0	0	0				20181108191327
575	05/27/2005		2005	5	27	0	0	0	0				20181108191327
576	05/27/2005		2005	5	27	0	0	0	0				20181108191327
577	05/27/2005		2005	5	27	0	0	0	0				20181108191327
578	05/27/2005		2005	5	27	0	0	0	0				20181108191327
579	05/27/2005		2005	5	27	0	0	0	0				20181108191327
580	05/27/2005		2005	5	27	0	0	0	0				20181108191327
581	05/27/2005		2005	5	27	0	0	0	0				20181108191327
582	05/27/2005		2005	5	27	0	0	0	0				20181108191327
583	05/27/2005		2005	5	27	0	0	0	0				20181108191327
584	05/27/2005		2005	5	27	0	0	0	0				20181108191327
585	05/27/2005		2005	5	27	0	0	0	0				20181108191327
586	05/27/2005		2005	5	27	0	0	0	0				20181108191327
587	05/27/2005		2005	5	27	0	0	0	0				20181108191327
588	05/27/2005		2005	5	27	0	0	0	0				20181108191327
589	05/27/2005		2005	5	27	0	0	0	0				20181108191327
590	05/27/2005		2005	5	27	0	0	0	0				20181108191327
591	05/27/2005		2005	5	27	0	0	0	0				20181108191327
592	05/27/2005		2005	5	27	0	0	0	0				20181108191327
593	05/27/2005		2005	5	27	0	0	0	0				20181108191327
594	05/27/2005		2005	5	27	0	0	0	0				20181108191327
595	05/27/2005		2005	5	27	0	0	0	0				20181108191327
596	05/27/2005		2005	5	27	0	0	0	0				20181108191327
597	05/27/2005		2005	5	27	0	0	0	0				20181108191327
598	05/27/2005		2005	5	27	0	0	0	0				20181108191327
599	05/27/2005		2005	5	27	0	0	0	0				20181108191327
600	05/27/2005		2005	5	27	0	0	0	0				20181108191327
601	05/27/2005		2005	5	27	0	0	0	0				20181108191327
602	05/27/2005		2005	5	27	0	0	0	0				20181108191327
603	05/27/2005		2005	5	27	0	0	0	0				20181108191327
604	05/27/2005		2005	5	27	0	0	0	0				20181108191327
605	05/27/2005		2005	5	27	0	0	0	0				20181108191327
606	05/27/2005		2005	5	27	0	0	0	0				20181108191327
607	05/27/2005		2005	5	27	0	0	0	0				20181108191327
608	05/27/2005		2005	5	27	0	0	0	0				20181108191327
609	05/27/2005		2005	5	27	0	0	0	0				20181108191327
610	05/27/2005		2005	5	27	0	0	0	0				20181108191327
611	05/27/2005		2005	5	27	0	0	0	0				20181108191327
612	05/27/2005		2005	5	27	0	0	0	0				20181108191327
613	05/27/2005		2005	5	27	0	0	0	0				20181108191327
614	05/27/2005		2005	5	27	0	0	0	0				20181108191327
615	05/27/2005		2005	5	27	0	0	0	0				20181108191327
616	05/27/2005		2005	5	27	0	0	0	0				20181108191327
617	05/27/2005		2005	5	27	0	0	0	0				20181108191327
618	05/27/2005		2005	5	27	0	0	0	0				20181108191327
619	05/27/2005		2005	5	27	0	0	0	0				20181108191327
620	05/27/2005		2005	5	27	0	0	0	0				20181108191327
621	05/27/2005		2005	5	27	0	0	0	0				20181108191327
622	05/27/2005		2005	5	27	0	0	0	0				20181108191327
623	05/27/2005		2005	5	27	0	0	0	0				20181108191327
624	05/27/2005		2005	5	27	0	0	0	0				20181108191327
625	05/27/2005		2005	5	27	0	0	0	0				20181108191327
626	05/27/2005		2005	5	27	0	0	0	0				20181108191327
627	05/27/2005		2005	5	27	0	0	0	0				20181108191327
628	05/27/2005		2005	5	27	0	0	0	0				20181108191327
630	05/27/2005		2005	5	27	0	0	0	0				20181108191327
631	05/27/2005		2005	5	27	0	0	0	0				20181108191327
632	05/27/2005		2005	5	27	0	0	0	0				20181108191327
633	05/27/2005		2005	5	27	0	0	0	0				20181108191327
634	05/27/2005		2005	5	27	0	0	0	0				20181108191327
635	05/27/2005		2005	5	27	0	0	0	0				20181108191327
636	05/27/2005		2005	5	27	0	0	0	0				20181108191327
637	05/27/2005		2005	5	27	0	0	0	0				20181108191327
638	05/27/2005		2005	5	27	0	0	0	0				20181108191327
639	05/27/2005		2005	5	27	0	0	0	0				20181108191327
640	05/27/2005		2005	5	27	0	0	0	0				20181108191327
641	05/27/2005		2005	5	27	0	0	0	0				20181108191327
642	05/27/2005		2005	5	27	0	0	0	0				20181108191327
643	05/27/2005		2005	5	27	0	0	0	0				20181108191327
644	05/27/2005		2005	5	27	0	0	0	0				20181108191327
645	05/27/2005		2005	5	27	0	0	0	0				20181108191327
646	05/27/2005		2005	5	27	0	0	0	0				20181108191327
647	05/27/2005		2005	5	27	0	0	0	0				20181108191327
648	05/27/2005		2005	5	27	0	0	0	0				20181108191327
649	05/27/2005		2005	5	27	0	0	0	0				20181108191327
650	05/27/2005		2005	5	27	0	0	0	0				20181108191327
651	05/27/2005		2005	5	27	0	0	0	0				20181108191327
652	05/27/2005		2005	5	27	0	0	0	0				20181108191327
653	05/27/2005		2005	5	27	0	0	0	0				20181108191327
654	05/27/2005		2005	5	27	0	0	0	0				20181108191327
655	05/27/2005		2005	5	27	0	0	0	0				20181108191327
656	05/27/2005		2005	5	27	0	0	0	0				20181108191327
657	05/27/2005		2005	5	27	0	0	0	0				20181108191327
658	05/27/2005		2005	5	27	0	0	0	0				20181108191327
659	05/27/2005		2005	5	27	0	0	0	0				20181108191327
660	05/27/2005		2005	5	27	0	0	0	0				20181108191327
661	05/27/2005		2005	5	27	0	0	0	0				20181108191327
662	05/27/2005		2005	5	27	0	0	0	0				20181108191327
663	05/27/2005		2005	5	27	0	0	0	0				20181108191327
664	05/27/2005		2005	5	27	0	0	0	0				20181108191327
665	05/27/2005		2005	5	27	0	0	0	0				20181108191327
666	05/27/2005		2005	5	27	0	0	0	0				20181108191327
667	05/27/2005		2005	5	27	0	0	0	0				20181108191327
668	05/27/2005		2005	5	27	0	0	0	0				20181108191327
669	05/27/2005		2005	5	27	0	0	0	0				20181108191327
670	05/27/2005		2005	5	27	0	0	0	0				20181108191327
671	05/27/2005		2005	5	27	0	0	0	0				20181108191327
672	05/27/2005		2005	5	27	0	0	0	0				20181108191327
673	05/27/2005		2005	5	27	0	0	0	0				20181108191327
674	05/27/2005		2005	5	27	0	0	0	0				20181108191327
675	05/27/2005		2005	5	27	0	0	0	0				20181108191327
677	05/27/2005		2005	5	27	0	0	0	0				20181108191327
678	05/27/2005		2005	5	27	0	0	0	0				20181108191327
679	05/27/2005		2005	5	27	0	0	0	0				20181108191327
680	05/27/2005		2005	5	27	0	0	0	0				20181108191327
681	05/27/2005		2005	5	27	0	0	0	0				20181108191327
682	05/27/2005		2005	5	27	0	0	0	0				20181108191327
683	05/27/2005		2005	5	27	0	0	0	0				20181108191327
684	05/27/2005		2005	5	27	0	0	0	0				20181108191327
685	05/27/2005		2005	5	27	0	0	0	0				20181108191327
686	05/27/2005		2005	5	27	0	0	0	0				20181108191327
687	05/27/2005		2005	5	27	0	0	0	0				20181108191327
689	05/27/2005		2005	5	27	0	0	0	0				20181108191327
690	05/27/2005		2005	5	27	0	0	0	0				20181108191327
691	05/27/2005		2005	5	27	0	0	0	0				20181108191327
692	05/27/2005		2005	5	27	0	0	0	0				20181108191327
693	05/27/2005		2005	5	27	0	0	0	0				20181108191327
694	05/27/2005		2005	5	27	0	0	0	0				20181108191327
695	05/27/2005		2005	5	27	0	0	0	0				20181108191327
696	05/27/2005		2005	5	27	0	0	0	0				20181108191327
697	05/27/2005		2005	5	27	0	0	0	0				20181108191327
698	05/27/2005		2005	5	27	0	0	0	0				20181108191327
699	05/27/2005		2005	5	27	0	0	0	0				20181108191327
700	05/27/2005		2005	5	27	0	0	0	0				20181108191327
701	05/27/2005		2005	5	27	0	0	0	0				20181108191327
702	05/27/2005		2005	5	27	0	0	0	0				20181108191327
703	05/27/2005		2005	5	27	0	0	0	0				20181108191327
704	05/27/2005		2005	5	27	0	0	0	0				20181108191327
705	05/27/2005		2005	5	27	0	0	0	0				20181108191327
706	05/27/2005		2005	5	27	0	0	0	0				20181108191327
707	05/27/2005		2005	5	27	0	0	0	0				20181108191327
708	05/27/2005		2005	5	27	0	0	0	0				20181108191327
709	05/27/2005		2005	5	27	0	0	0	0				20181108191327
710	05/27/2005		2005	5	27	0	0	0	0				20181108191327
711	05/27/2005		2005	5	27	0	0	0	0				20181108191327
712	05/27/2005		2005	5	27	0	0	0	0				20181108191327
713	05/27/2005		2005	5	27	0	0	0	0				20181108191327
714	05/27/2005		2005	5	27	0	0	0	0				20181108191327
715	05/27/2005		2005	5	27	0	0	0	0				20181108191327
716	05/27/2005		2005	5	27	0	0	0	0				20181108191327
717	05/27/2005		2005	5	27	0	0	0	0				20181108191327
718	05/27/2005		2005	5	27	0	0	0	0				20181108191327
719	05/27/2005		2005	5	27	0	0	0	0				20181108191327
720	05/27/2005		2005	5	27	0	0	0	0				20181108191327
721	05/27/2005		2005	5	27	0	0	0	0				20181108191327
722	05/27/2005		2005	5	27	0	0	0	0				20181108191327
723	05/27/2005		2005	5	27	0	0	0	0				20181108191327
724	05/27/2005		2005	5	27	0	0	0	0				20181108191327
725	05/27/2005		2005	5	27	0	0	0	0				20181108191327
726	05/27/2005		2005	5	27	0	0	0	0				20181108191327
727	05/27/2005		2005	5	27	0	0	0	0				20181108191327
729	05/27/2005		2005	5	27	0	0	0	0				20181108191327
730	05/27/2005		2005	5	27	0	0	0	0				20181108191327
731	05/27/2005		2005	5	27	0	0	0	0				20181108191327
732	05/27/2005		2005	5	27	0	0	0	0				20181108191327
733	05/27/2005		2005	5	27	0	0	0	0				20181108191327
734	05/27/2005		2005	5	27	0	0	0	0				20181108191327
735	05/27/2005		2005	5	27	0	0	0	0				20181108191327
736	05/27/2005		2005	5	27	0	0	0	0				20181108191327
737	05/27/2005		2005	5	27	0	0	0	0				20181108191327
738	05/27/2005		2005	5	27	0	0	0	0				20181108191327
739	05/27/2005		2005	5	27	0	0	0	0				20181108191327
740	05/27/2005		2005	5	27	0	0	0	0				20181108191327
741	05/27/2005		2005	5	27	0	0	0	0				20181108191327
742	05/27/2005		2005	5	27	0	0	0	0				20181108191327
743	05/27/2005		2005	5	27	0	0	0	0				20181108191327
744	05/27/2005		2005	5	27	0	0	0	0				20181108191327
745	05/27/2005		2005	5	27	0	0	0	0				20181108191327
746	05/27/2005		2005	5	27	0	0	0	0				20181108191327
747	05/27/2005		2005	5	27	0	0	0	0				20181108191327
748	05/27/2005		2005	5	27	0	0	0	0				20181108191327
749	05/27/2005		2005	5	27	0	0	0	0				20181108191327
750	05/27/2005		2005	5	27	0	0	0	0				20181108191327
751	05/27/2005		2005	5	27	0	0	0	0				20181108191327
752	05/27/2005		2005	5	27	0	0	0	0				20181108191327
753	05/28/2005		2005	5	28	0	0	0	0				20181108191327
754	05/28/2005		2005	5	28	0	0	0	0				20181108191327
755	05/28/2005		2005	5	28	0	0	0	0				20181108191327
756	05/28/2005		2005	5	28	0	0	0	0				20181108191327
757	05/28/2005		2005	5	28	0	0	0	0				20181108191327
758	05/28/2005		2005	5	28	0	0	0	0				20181108191327
759	05/28/2005		2005	5	28	0	0	0	0				20181108191327
760	05/28/2005		2005	5	28	0	0	0	0				20181108191327
761	05/28/2005		2005	5	28	0	0	0	0				20181108191327
762	05/28/2005		2005	5	28	0	0	0	0				20181108191327
763	05/28/2005		2005	5	28	0	0	0	0				20181108191327
764	05/28/2005		2005	5	28	0	0	0	0				20181108191327
765	05/28/2005		2005	5	28	0	0	0	0				20181108191327
766	05/28/2005		2005	5	28	0	0	0	0				20181108191327
767	05/28/2005		2005	5	28	0	0	0	0				20181108191327
768	05/28/2005		2005	5	28	0	0	0	0				20181108191327
769	05/29/2005		2005	5	29	0	0	0	0				20181108191327
770	05/30/2005		2005	5	30	0	0	0	0				20181108191327
771	05/30/2005		2005	5	30	0	0	0	0				20181108191327
772	05/30/2005		2005	5	30	0	0	0	0				20181108191327
773	05/30/2005		2005	5	30	0	0	0	0				20181108191327
774	05/30/2005		2005	5	30	0	0	0	0				20181108191327
775	05/30/2005		2005	5	30	0	0	0	0				20181108191327
776	05/30/2005		2005	5	30	0	0	0	0				20181108191327
777	05/30/2005		2005	5	30	0	0	0	0				20181108191327
778	05/30/2005		2005	5	30	0	0	0	0				20181108191327
779	05/30/2005		2005	5	30	0	0	0	0				20181108191327
780	05/30/2005		2005	5	30	0	0	0	0				20181108191327
781	05/30/2005		2005	5	30	0	0	0	0				20181108191327
782	05/30/2005		2005	5	30	0	0	0	0				20181108191327
783	05/30/2005		2005	5	30	0	0	0	0				20181108191327
784	05/30/2005		2005	5	30	0	0	0	0				20181108191327
785	05/30/2005		2005	5	30	0	0	0	0				20181108191327
786	05/30/2005		2005	5	30	0	0	0	0				20181108191327
787	05/30/2005		2005	5	30	0	0	0	0				20181108191327
788	05/30/2005		2005	5	30	0	0	0	0				20181108191327
789	05/30/2005		2005	5	30	0	0	0	0				20181108191327
790	05/30/2005		2005	5	30	0	0	0	0				20181108191327
791	05/30/2005		2005	5	30	0	0	0	0				20181108191327
793	05/30/2005		2005	5	30	0	0	0	0				20181108191327
794	05/30/2005		2005	5	30	0	0	0	0				20181108191327
795	05/30/2005		2005	5	30	0	0	0	0				20181108191327
796	05/30/2005		2005	5	30	0	0	0	0				20181108191327
797	05/30/2005		2005	5	30	0	0	0	0				20181108191327
798	05/30/2005		2005	5	30	0	0	0	0				20181108191327
799	05/31/2005		2005	5	31	0	0	0	0				20181108191327
800	05/31/2005		2005	5	31	0	0	0	0				20181108191327
801	05/31/2005		2005	5	31	0	0	0	0				20181108191327
802	05/31/2005		2005	5	31	0	0	0	0				20181108191327
803	05/31/2005		2005	5	31	0	0	0	0				20181108191327
804	05/31/2005		2005	5	31	0	0	0	0				20181108191327
805	05/31/2005		2005	5	31	0	0	0	0				20181108191327
806	05/31/2005		2005	5	31	0	0	0	0				20181108191327
807	05/31/2005		2005	5	31	0	0	0	0				20181108191327
809	05/31/2005		2005	5	31	0	0	0	0				20181108191327
810	05/31/2005		2005	5	31	0	0	0	0				20181108191327
811	05/31/2005		2005	5	31	0	0	0	0				20181108191327
813	05/31/2005		2005	5	31	0	0	0	0				20181108191328
814	05/31/2005		2005	5	31	0	0	0	0				20181108191328
815	05/31/2005		2005	5	31	0	0	0	0				20181108191328
816	05/31/2005		2005	5	31	0	0	0	0				20181108191328
817	05/31/2005		2005	5	31	0	0	0	0				20181108191328
818	05/31/2005		2005	5	31	0	0	0	0				20181108191328
819	05/31/2005		2005	5	31	0	0	0	0				20181108191328
820	05/31/2005		2005	5	31	0	0	0	0				20181108191328
821	05/31/2005		2005	5	31	0	0	0	0				20181108191328
822	05/31/2005		2005	5	31	0	0	0	0				20181108191328
823	05/31/2005		2005	5	31	0	0	0	0				20181108191328
824	05/31/2005		2005	5	31	0	0	0	0				20181108191328
825	05/31/2005		2005	5	31	0	0	0	0				20181108191328
826	05/31/2005		2005	5	31	0	0	0	0				20181108191328
827	05/31/2005		2005	5	31	0	0	0	0				20181108191328
828	05/31/2005		2005	5	31	0	0	0	0				20181108191328
829	05/31/2005		2005	5	31	0	0	0	0				20181108191328
830	05/31/2005		2005	5	31	0	0	0	0				20181108191328
831	05/31/2005		2005	5	31	0	0	0	0				20181108191328
832	05/31/2005		2005	5	31	0	0	0	0				20181108191328
833	05/31/2005		2005	5	31	0	0	0	0				20181108191328
834	05/31/2005		2005	5	31	0	0	0	0				20181108191328
835	05/31/2005		2005	5	31	0	0	0	0				20181108191328
836	05/31/2005		2005	5	31	0	0	0	0				20181108191328
837	05/31/2005		2005	5	31	0	0	0	0				20181108191328
838	05/31/2005		2005	5	31	0	0	0	0				20181108191328
839	05/31/2005		2005	5	31	0	0	0	0				20181108191328
840	05/31/2005		2005	5	31	0	0	0	0				20181108191328
841	05/31/2005		2005	5	31	0	0	0	0				20181108191328
842	05/31/2005		2005	5	31	0	0	0	0				20181108191328
843	05/31/2005		2005	5	31	0	0	0	0				20181108191328
844	05/31/2005		2005	5	31	0	0	0	0				20181108191328
845	05/31/2005		2005	5	31	0	0	0	0				20181108191328
846	05/31/2005		2005	5	31	0	0	0	0				20181108191328
847	05/31/2005		2005	5	31	0	0	0	0				20181108191328
848	05/31/2005		2005	5	31	0	0	0	0				20181108191328
849	05/31/2005		2005	5	31	0	0	0	0				20181108191328
850	05/31/2005		2005	5	31	0	0	0	0				20181108191328
851	05/31/2005		2005	5	31	0	0	0	0				20181108191328
852	05/31/2005		2005	5	31	0	0	0	0				20181108191328
853	05/31/2005		2005	5	31	0	0	0	0				20181108191328
854	05/31/2005		2005	5	31	0	0	0	0				20181108191328
855	05/31/2005		2005	5	31	0	0	0	0				20181108191328
856	05/31/2005		2005	5	31	0	0	0	0				20181108191328
857	05/31/2005		2005	5	31	0	0	0	0				20181108191328
858	05/31/2005		2005	5	31	0	0	0	0				20181108191328
859	05/31/2005		2005	5	31	0	0	0	0				20181108191328
860	05/31/2005		2005	5	31	0	0	0	0				20181108191328
861	05/31/2005		2005	5	31	0	0	0	0				20181108191328
862	05/31/2005		2005	5	31	0	0	0	0				20181108191328
863	05/31/2005		2005	5	31	0	0	0	0				20181108191328
864	05/31/2005		2005	5	31	0	0	0	0				20181108191328
865	05/31/2005		2005	5	31	0	0	0	0				20181108191328
866	05/31/2005		2005	5	31	0	0	0	0				20181108191328
867	05/31/2005		2005	5	31	0	0	0	0				20181108191328
868	05/31/2005		2005	5	31	0	0	0	0				20181108191328
869	05/31/2005		2005	5	31	0	0	0	0				20181108191328
870	05/31/2005		2005	5	31	0	0	0	0				20181108191328
871	05/31/2005		2005	5	31	0	0	0	0				20181108191328
872	05/31/2005		2005	5	31	0	0	0	0				20181108191328
873	05/31/2005		2005	5	31	0	0	0	0				20181108191328
874	05/31/2005		2005	5	31	0	0	0	0				20181108191328
875	05/31/2005		2005	5	31	0	0	0	0				20181108191328
876	05/31/2005		2005	5	31	0	0	0	0				20181108191328
877	05/31/2005		2005	5	31	0	0	0	0				20181108191328
878	05/31/2005		2005	5	31	0	0	0	0				20181108191328
879	05/31/2005		2005	5	31	0	0	0	0				20181108191328
880	05/31/2005		2005	5	31	0	0	0	0				20181108191328
881	05/31/2005		2005	5	31	0	0	0	0				20181108191328
882	05/31/2005		2005	5	31	0	0	0	0				20181108191328
883	05/31/2005		2005	5	31	0	0	0	0				20181108191328
884	05/31/2005		2005	5	31	0	0	0	0				20181108191328
885	05/31/2005		2005	5	31	0	0	0	0				20181108191328
886	05/31/2005		2005	5	31	0	0	0	0				20181108191328
887	05/31/2005		2005	5	31	0	0	0	0				20181108191328
888	05/31/2005		2005	5	31	0	0	0	0				20181108191328
889	05/31/2005		2005	5	31	0	0	0	0				20181108191328
890	05/31/2005		2005	5	31	0	0	0	0				20181108191328
891	05/31/2005		2005	5	31	0	0	0	0				20181108191328
892	05/31/2005		2005	5	31	0	0	0	0				20181108191328
893	05/31/2005		2005	5	31	0	0	0	0				20181108191328
894	05/31/2005		2005	5	31	0	0	0	0				20181108191328
895	05/31/2005		2005	5	31	0	0	0	0				20181108191328
896	05/31/2005		2005	5	31	0	0	0	0				20181108191328
897	05/31/2005		2005	5	31	0	0	0	0				20181108191328
898	05/31/2005		2005	5	31	0	0	0	0				20181108191328
899	05/31/2005		2005	5	31	0	0	0	0				20181108191328
900	05/31/2005		2005	5	31	0	0	0	0				20181108191328
901	05/31/2005		2005	5	31	0	0	0	0				20181108191328
902	05/31/2005		2005	5	31	0	0	0	0				20181108191328
903	05/31/2005		2005	5	31	0	0	0	0				20181108191328
904	05/31/2005		2005	5	31	0	0	0	0				20181108191328
905	05/31/2005		2005	5	31	0	0	0	0				20181108191328
906	05/31/2005		2005	5	31	0	0	0	0				20181108191328
907	05/31/2005		2005	5	31	0	0	0	0				20181108191328
909	05/31/2005		2005	5	31	0	0	0	0				20181108191328
910	05/31/2005		2005	5	31	0	0	0	0				20181108191328
911	05/31/2005		2005	5	31	0	0	0	0				20181108191328
912	05/31/2005		2005	5	31	0	0	0	0				20181108191328
913	05/31/2005		2005	5	31	0	0	0	0				20181108191328
914	05/31/2005		2005	5	31	0	0	0	0				20181108191328
915	05/31/2005		2005	5	31	0	0	0	0				20181108191328
916	05/31/2005		2005	5	31	0	0	0	0				20181108191328
917	05/31/2005		2005	5	31	0	0	0	0				20181108191328
918	05/31/2005		2005	5	31	0	0	0	0				20181108191328
919	05/31/2005		2005	5	31	0	0	0	0				20181108191328
920	05/31/2005		2005	5	31	0	0	0	0				20181108191328
921	05/31/2005		2005	5	31	0	0	0	0				20181108191328
922	05/31/2005		2005	5	31	0	0	0	0				20181108191328
923	05/31/2005		2005	5	31	0	0	0	0				20181108191328
924	05/31/2005		2005	5	31	0	0	0	0				20181108191328
925	05/31/2005		2005	5	31	0	0	0	0				20181108191328
926	05/31/2005		2005	5	31	0	0	0	0				20181108191328
927	05/31/2005		2005	5	31	0	0	0	0				20181108191328
928	05/31/2005		2005	5	31	0	0	0	0				20181108191328
929	05/31/2005		2005	5	31	0	0	0	0				20181108191328
930	05/31/2005		2005	5	31	0	0	0	0				20181108191328
932	05/31/2005		2005	5	31	0	0	0	0				20181108191328
933	05/31/2005		2005	5	31	0	0	0	0				20181108191328
934	05/31/2005		2005	5	31	0	0	0	0				20181108191328
935	05/31/2005		2005	5	31	0	0	0	0				20181108191328
936	05/31/2005		2005	5	31	0	0	0	0				20181108191328
938	05/31/2005		2005	5	31	0	0	0	0				20181108191328
939	05/31/2005		2005	5	31	0	0	0	0				20181108191328
940	05/31/2005		2005	5	31	0	0	0	0				20181108191328
941	05/31/2005		2005	5	31	0	0	0	0				20181108191328
942	05/31/2005		2005	5	31	0	0	0	0				20181108191328
943	05/31/2005		2005	5	31	0	0	0	0				20181108191328
944	05/31/2005		2005	5	31	0	0	0	0				20181108191328
945	05/31/2005		2005	5	31	0	0	0	0				20181108191328
946	05/31/2005		2005	5	31	0	0	0	0				20181108191328
947	05/31/2005		2005	5	31	0	0	0	0				20181108191328
948	05/31/2005		2005	5	31	0	0	0	0				20181108191328
949	05/31/2005		2005	5	31	0	0	0	0				20181108191328
950	05/31/2005		2005	5	31	0	0	0	0				20181108191328
951	05/31/2005		2005	5	31	0	0	0	0				20181108191328
952	05/31/2005		2005	5	31	0	0	0	0				20181108191328
953	05/31/2005		2005	5	31	0	0	0	0				20181108191328
954	05/31/2005		2005	5	31	0	0	0	0				20181108191328
955	05/31/2005		2005	5	31	0	0	0	0				20181108191328
957	05/31/2005		2005	5	31	0	0	0	0				20181108191328
958	05/31/2005		2005	5	31	0	0	0	0				20181108191328
960	05/31/2005		2005	5	31	0	0	0	0				20181108191328
962	05/31/2005		2005	5	31	0	0	0	0				20181108191328
963	05/31/2005		2005	5	31	0	0	0	0				20181108191328
964	05/31/2005		2005	5	31	0	0	0	0				20181108191328
965	05/31/2005		2005	5	31	0	0	0	0				20181108191328
966	05/31/2005		2005	5	31	0	0	0	0				20181108191328
967	05/31/2005		2005	5	31	0	0	0	0				20181108191328
968	05/31/2005		2005	5	31	0	0	0	0				20181108191328
969	05/31/2005		2005	5	31	0	0	0	0				20181108191328
970	05/31/2005		2005	5	31	0	0	0	0				20181108191328
971	05/31/2005		2005	5	31	0	0	0	0				20181108191328
972	05/31/2005		2005	5	31	0	0	0	0				20181108191328
973	05/31/2005		2005	5	31	0	0	0	0				20181108191328
974	05/31/2005		2005	5	31	0	0	0	0				20181108191328
975	05/31/2005		2005	5	31	0	0	0	0				20181108191328
976	05/31/2005		2005	5	31	0	0	0	0				20181108191328
977	05/31/2005		2005	5	31	0	0	0	0				20181108191328
978	05/31/2005		2005	5	31	0	0	0	0				20181108191328
979	05/31/2005		2005	5	31	0	0	0	0				20181108191328
980	05/31/2005		2005	5	31	0	0	0	0				20181108191328
981	05/31/2005		2005	5	31	0	0	0	0				20181108191328
982	05/31/2005		2005	5	31	0	0	0	0				20181108191328
983	05/31/2005		2005	5	31	0	0	0	0				20181108191328
984	05/31/2005		2005	5	31	0	0	0	0				20181108191328
985	05/31/2005		2005	5	31	0	0	0	0				20181108191328
986	05/31/2005		2005	5	31	0	0	0	0				20181108191328
987	05/31/2005		2005	5	31	0	0	0	0				20181108191328
988	05/31/2005		2005	5	31	0	0	0	0				20181108191328
989	05/31/2005		2005	5	31	0	0	0	0				20181108191328
990	05/31/2005		2005	5	31	0	0	0	0				20181108191328
992	05/31/2005		2005	5	31	0	0	0	0				20181108191328
993	05/31/2005		2005	5	31	0	0	0	0				20181108191328
994	05/31/2005		2005	5	31	0	0	0	0				20181108191328
995	05/31/2005		2005	5	31	0	0	0	0				20181108191328
996	05/31/2005		2005	5	31	0	0	0	0				20181108191328
997	05/31/2005		2005	5	31	0	0	0	0				20181108191328
998	05/31/2005		2005	5	31	0	0	0	0				20181108191328
999	05/31/2005		2005	5	31	0	0	0	0				20181108191328
1000	05/31/2005		2005	5	31	0	0	0	0				20181108191328
1001	05/31/2005		2005	5	31	0	0	0	0				20181108191328
1003	05/31/2005		2005	5	31	0	0	0	0				20181108191328
1004	05/31/2005		2005	5	31	0	0	0	0				20181108191328
1005	05/31/2005		2005	5	31	0	0	0	0				20181108191328
1006	05/31/2005		2005	5	31	0	0	0	0				20181108191328
1007	05/31/2005		2005	5	31	0	0	0	0				20181108191328
1008	05/31/2005		2005	5	31	0	0	0	0				20181108191328
1009	05/31/2005		2005	5	31	0	0	0	0				20181108191328
1010	05/31/2005		2005	5	31	0	0	0	0				20181108191328
1011	05/31/2005		2005	5	31	0	0	0	0				20181108191328
1012	06/01/2005		2005	6	1	0	0	0	0				20181108191328
1013	06/01/2005		2005	6	1	0	0	0	0				20181108191328
1014	06/01/2005		2005	6	1	0	0	0	0				20181108191328
1015	06/01/2005		2005	6	1	0	0	0	0				20181108191328
1016	06/01/2005		2005	6	1	0	0	0	0				20181108191328
1017	06/01/2005		2005	6	1	0	0	0	0				20181108191328
1018	06/01/2005		2005	6	1	0	0	0	0				20181108191328
1019	06/01/2005		2005	6	1	0	0	0	0				20181108191328
1020	06/01/2005		2005	6	1	0	0	0	0				20181108191328
1021	06/01/2005		2005	6	1	0	0	0	0				20181108191328
1022	06/01/2005		2005	6	1	0	0	0	0				20181108191328
1023	06/01/2005		2005	6	1	0	0	0	0				20181108191328
1024	06/01/2005		2005	6	1	0	0	0	0				20181108191328
1025	06/01/2005		2005	6	1	0	0	0	0				20181108191328
1026	06/01/2005		2005	6	1	0	0	0	0				20181108191328
1027	06/01/2005		2005	6	1	0	0	0	0				20181108191328
1028	06/01/2005		2005	6	1	0	0	0	0				20181108191328
1029	06/01/2005		2005	6	1	0	0	0	0				20181108191328
1030	06/01/2005		2005	6	1	0	0	0	0				20181108191328
1031	06/01/2005		2005	6	1	0	0	0	0				20181108191328
1032	06/01/2005		2005	6	1	0	0	0	0				20181108191328
1033	06/01/2005		2005	6	1	0	0	0	0				20181108191328
1035	06/01/2005		2005	6	1	0	0	0	0				20181108191328
1036	06/01/2005		2005	6	1	0	0	0	0				20181108191328
1037	06/01/2005		2005	6	1	0	0	0	0				20181108191328
1038	06/01/2005		2005	6	1	0	0	0	0				20181108191328
1039	06/01/2005		2005	6	1	0	0	0	0				20181108191328
1040	06/01/2005		2005	6	1	0	0	0	0				20181108191328
1041	06/01/2005		2005	6	1	0	0	0	0				20181108191328
1042	06/01/2005		2005	6	1	0	0	0	0				20181108191328
1043	06/01/2005		2005	6	1	0	0	0	0				20181108191328
1045	06/01/2005		2005	6	1	0	0	0	0				20181108191328
1046	06/01/2005		2005	6	1	0	0	0	0				20181108191328
1047	06/01/2005		2005	6	1	0	0	0	0				20181108191328
1048	06/01/2005		2005	6	1	0	0	0	0				20181108191328
1049	06/01/2005		2005	6	1	0	0	0	0				20181108191328
1050	06/01/2005		2005	6	1	0	0	0	0				20181108191328
1051	06/01/2005		2005	6	1	0	0	0	0				20181108191328
1052	06/01/2005		2005	6	1	0	0	0	0				20181108191328
1053	06/01/2005		2005	6	1	0	0	0	0				20181108191328
1054	06/01/2005		2005	6	1	0	0	0	0				20181108191328
1055	06/01/2005		2005	6	1	0	0	0	0				20181108191328
1056	06/01/2005		2005	6	1	0	0	0	0				20181108191328
1057	06/01/2005		2005	6	1	0	0	0	0				20181108191328
1058	06/01/2005		2005	6	1	0	0	0	0				20181108191328
1059	06/01/2005		2005	6	1	0	0	0	0				20181108191328
1060	06/01/2005		2005	6	1	0	0	0	0				20181108191328
1061	06/01/2005		2005	6	1	0	0	0	0				20181108191328
1062	06/01/2005		2005	6	1	0	0	0	0				20181108191328
1063	06/01/2005		2005	6	1	0	0	0	0				20181108191328
1064	06/01/2005		2005	6	1	0	0	0	0				20181108191328
1065	06/01/2005		2005	6	1	0	0	0	0				20181108191328
1066	06/01/2005		2005	6	1	0	0	0	0				20181108191328
1067	06/01/2005		2005	6	1	0	0	0	0				20181108191328
1069	06/01/2005		2005	6	1	0	0	0	0				20181108191328
1070	06/01/2005		2005	6	1	0	0	0	0				20181108191328
1071	06/01/2005		2005	6	1	0	0	0	0				20181108191328
1072	06/01/2005		2005	6	1	0	0	0	0				20181108191328
1073	06/01/2005		2005	6	1	0	0	0	0				20181108191328
1074	06/01/2005		2005	6	1	0	0	0	0				20181108191328
1075	06/01/2005		2005	6	1	0	0	0	0				20181108191328
1076	06/01/2005		2005	6	1	0	0	0	0				20181108191328
1077	06/01/2005		2005	6	1	0	0	0	0				20181108191328
1078	06/01/2005		2005	6	1	0	0	0	0				20181108191328
1079	06/01/2005		2005	6	1	0	0	0	0				20181108191328
1081	06/01/2005		2005	6	1	0	0	0	0				20181108191328
1082	06/01/2005		2005	6	1	0	0	0	0				20181108191328
1083	06/01/2005		2005	6	1	0	0	0	0				20181108191328
1084	06/01/2005		2005	6	1	0	0	0	0				20181108191328
1085	06/01/2005		2005	6	1	0	0	0	0				20181108191328
1086	06/01/2005		2005	6	1	0	0	0	0				20181108191328
1087	06/01/2005		2005	6	1	0	0	0	0				20181108191328
1088	06/01/2005		2005	6	1	0	0	0	0				20181108191328
1089	06/01/2005		2005	6	1	0	0	0	0				20181108191328
1090	06/01/2005		2005	6	1	0	0	0	0				20181108191328
1091	06/01/2005		2005	6	1	0	0	0	0				20181108191328
1092	06/01/2005		2005	6	1	0	0	0	0				20181108191328
1093	06/01/2005		2005	6	1	0	0	0	0				20181108191328
1094	06/01/2005		2005	6	1	0	0	0	0				20181108191328
1095	06/01/2005		2005	6	1	0	0	0	0				20181108191328
1096	06/01/2005		2005	6	1	0	0	0	0				20181108191328
1097	06/01/2005		2005	6	1	0	0	0	0				20181108191328
1098	06/01/2005		2005	6	1	0	0	0	0				20181108191328
1099	06/01/2005		2005	6	1	0	0	0	0				20181108191328
1100	06/01/2005		2005	6	1	0	0	0	0				20181108191328
1101	06/01/2005		2005	6	1	0	0	0	0				20181108191328
1102	06/01/2005		2005	6	1	0	0	0	0				20181108191328
1103	06/01/2005		2005	6	1	0	0	0	0				20181108191328
1104	06/01/2005		2005	6	1	0	0	0	0				20181108191328
1105	06/01/2005		2005	6	1	0	0	0	0				20181108191328
1106	06/01/2005		2005	6	1	0	0	0	0				20181108191328
1107	06/01/2005		2005	6	1	0	0	0	0				20181108191328
1108	06/01/2005		2005	6	1	0	0	0	0				20181108191328
1109	06/01/2005		2005	6	1	0	0	0	0				20181108191328
1110	06/01/2005		2005	6	1	0	0	0	0				20181108191328
1111	06/01/2005		2005	6	1	0	0	0	0				20181108191328
1112	06/01/2005		2005	6	1	0	0	0	0				20181108191328
1113	06/01/2005		2005	6	1	0	0	0	0				20181108191328
1114	06/01/2005		2005	6	1	0	0	0	0				20181108191328
1115	06/01/2005		2005	6	1	0	0	0	0				20181108191328
1116	06/01/2005		2005	6	1	0	0	0	0				20181108191328
1117	06/01/2005		2005	6	1	0	0	0	0				20181108191328
1118	06/01/2005		2005	6	1	0	0	0	0				20181108191328
1119	06/01/2005		2005	6	1	0	0	0	0				20181108191328
1120	06/01/2005		2005	6	1	0	0	0	0				20181108191328
1121	06/01/2005		2005	6	1	0	0	0	0				20181108191328
1122	06/01/2005		2005	6	1	0	0	0	0				20181108191328
1123	06/01/2005		2005	6	1	0	0	0	0				20181108191328
1124	06/01/2005		2005	6	1	0	0	0	0				20181108191328
1125	06/01/2005		2005	6	1	0	0	0	0				20181108191328
1126	06/01/2005		2005	6	1	0	0	0	0				20181108191328
1127	06/01/2005		2005	6	1	0	0	0	0				20181108191328
1129	06/01/2005		2005	6	1	0	0	0	0				20181108191328
1130	06/01/2005		2005	6	1	0	0	0	0				20181108191328
1131	06/01/2005		2005	6	1	0	0	0	0				20181108191328
1132	06/01/2005		2005	6	1	0	0	0	0				20181108191328
1133	06/01/2005		2005	6	1	0	0	0	0				20181108191328
1134	06/01/2005		2005	6	1	0	0	0	0				20181108191328
1135	06/01/2005		2005	6	1	0	0	0	0				20181108191328
1136	06/01/2005		2005	6	1	0	0	0	0				20181108191328
1137	06/01/2005		2005	6	1	0	0	0	0				20181108191328
1138	06/01/2005		2005	6	1	0	0	0	0				20181108191328
1139	06/01/2005		2005	6	1	0	0	0	0				20181108191328
1140	06/01/2005		2005	6	1	0	0	0	0				20181108191328
1141	06/01/2005		2005	6	1	0	0	0	0				20181108191328
1142	06/01/2005		2005	6	1	0	0	0	0				20181108191328
1143	06/01/2005		2005	6	1	0	0	0	0				20181108191328
1144	06/01/2005		2005	6	1	0	0	0	0				20181108191328
1145	06/01/2005		2005	6	1	0	0	0	0				20181108191328
1146	06/01/2005		2005	6	1	0	0	0	0				20181108191328
1147	06/01/2005		2005	6	1	0	0	0	0				20181108191328
1148	06/01/2005		2005	6	1	0	0	0	0				20181108191328
1150	06/01/2005		2005	6	1	0	0	0	0				20181108191328
1151	06/01/2005		2005	6	1	0	0	0	0				20181108191328
1152	06/01/2005		2005	6	1	0	0	0	0				20181108191328
1153	06/01/2005		2005	6	1	0	0	0	0				20181108191328
1154	06/01/2005		2005	6	1	0	0	0	0				20181108191328
1155	06/01/2005		2005	6	1	0	0	0	0				20181108191328
1156	06/01/2005		2005	6	1	0	0	0	0				20181108191328
1157	06/01/2005		2005	6	1	0	0	0	0				20181108191328
1158	06/01/2005		2005	6	1	0	0	0	0				20181108191328
1160	06/01/2005		2005	6	1	0	0	0	0				20181108191328
1161	06/01/2005		2005	6	1	0	0	0	0				20181108191328
1162	06/01/2005		2005	6	1	0	0	0	0				20181108191328
1163	06/01/2005		2005	6	1	0	0	0	0				20181108191328
1164	06/01/2005		2005	6	1	0	0	0	0				20181108191328
1165	06/01/2005		2005	6	1	0	0	0	0				20181108191328
1166	06/01/2005		2005	6	1	0	0	0	0				20181108191328
1167	06/01/2005		2005	6	1	0	0	0	0				20181108191328
1169	06/01/2005		2005	6	1	0	0	0	0				20181108191328
1170	06/01/2005		2005	6	1	0	0	0	0				20181108191328
1171	06/01/2005		2005	6	1	0	0	0	0				20181108191328
1172	06/01/2005		2005	6	1	0	0	0	0				20181108191328
1173	06/01/2005		2005	6	1	0	0	0	0				20181108191328
1174	06/01/2005		2005	6	1	0	0	0	0				20181108191328
1175	06/01/2005		2005	6	1	0	0	0	0				20181108191328
1176	06/01/2005		2005	6	1	0	0	0	0				20181108191328
1177	06/01/2005		2005	6	1	0	0	0	0				20181108191328
1178	06/01/2005		2005	6	1	0	0	0	0				20181108191328
1179	06/01/2005		2005	6	1	0	0	0	0				20181108191328
1180	06/01/2005		2005	6	1	0	0	0	0				20181108191328
1181	06/01/2005		2005	6	1	0	0	0	0				20181108191328
1182	06/01/2005		2005	6	1	0	0	0	0				20181108191328
1184	06/01/2005		2005	6	1	0	0	0	0				20181108191328
1185	06/01/2005		2005	6	1	0	0	0	0				20181108191328
1186	06/01/2005		2005	6	1	0	0	0	0				20181108191329
1187	06/01/2005		2005	6	1	0	0	0	0				20181108191329
1188	06/01/2005		2005	6	1	0	0	0	0				20181108191329
1189	06/01/2005		2005	6	1	0	0	0	0				20181108191329
1191	06/01/2005		2005	6	1	0	0	0	0				20181108191329
1192	06/01/2005		2005	6	1	0	0	0	0				20181108191329
1193	06/01/2005		2005	6	1	0	0	0	0				20181108191329
1194	06/01/2005		2005	6	1	0	0	0	0				20181108191329
1195	06/01/2005		2005	6	1	0	0	0	0				20181108191329
1196	06/01/2005		2005	6	1	0	0	0	0				20181108191329
1197	06/01/2005		2005	6	1	0	0	0	0				20181108191329
1198	06/01/2005		2005	6	1	0	0	0	0				20181108191329
1199	06/01/2005		2005	6	1	0	0	0	0				20181108191329
1200	06/01/2005		2005	6	1	0	0	0	0				20181108191329
1201	06/01/2005		2005	6	1	0	0	0	0				20181108191329
1202	06/01/2005		2005	6	1	0	0	0	0				20181108191329
1203	06/01/2005		2005	6	1	0	0	0	0				20181108191329
1204	06/01/2005		2005	6	1	0	0	0	0				20181108191329
1205	06/01/2005		2005	6	1	0	0	0	0				20181108191329
1206	06/01/2005		2005	6	1	0	0	0	0				20181108191329
1207	06/01/2005		2005	6	1	0	0	0	0				20181108191329
1208	06/01/2005		2005	6	1	0	0	0	0				20181108191329
1209	06/01/2005		2005	6	1	0	0	0	0				20181108191329
1210	06/01/2005		2005	6	1	0	0	0	0				20181108191329
1211	06/01/2005		2005	6	1	0	0	0	0				20181108191329
1212	06/01/2005		2005	6	1	0	0	0	0				20181108191329
1213	06/01/2005		2005	6	1	0	0	0	0				20181108191329
1214	06/01/2005		2005	6	1	0	0	0	0				20181108191329
1215	06/01/2005		2005	6	1	0	0	0	0				20181108191329
1216	06/01/2005		2005	6	1	0	0	0	0				20181108191329
1217	06/01/2005		2005	6	1	0	0	0	0				20181108191329
1218	06/01/2005		2005	6	1	0	0	0	0				20181108191329
1219	06/01/2005		2005	6	1	0	0	0	0				20181108191329
1220	06/01/2005		2005	6	1	0	0	0	0				20181108191329
1221	06/01/2005		2005	6	1	0	0	0	0				20181108191329
1222	06/01/2005		2005	6	1	0	0	0	0				20181108191329
1223	06/01/2005		2005	6	1	0	0	0	0				20181108191329
1224	06/01/2005		2005	6	1	0	0	0	0				20181108191329
1225	06/01/2005		2005	6	1	0	0	0	0				20181108191329
1226	06/01/2005		2005	6	1	0	0	0	0				20181108191329
1227	06/01/2005		2005	6	1	0	0	0	0				20181108191329
1228	06/01/2005		2005	6	1	0	0	0	0				20181108191329
1229	06/01/2005		2005	6	1	0	0	0	0				20181108191329
1230	06/01/2005		2005	6	1	0	0	0	0				20181108191329
1231	06/01/2005		2005	6	1	0	0	0	0				20181108191329
1232	06/01/2005		2005	6	1	0	0	0	0				20181108191329
1233	06/01/2005		2005	6	1	0	0	0	0				20181108191329
1235	06/01/2005		2005	6	1	0	0	0	0				20181108191329
1236	06/01/2005		2005	6	1	0	0	0	0				20181108191329
1237	06/01/2005		2005	6	1	0	0	0	0				20181108191329
1238	06/01/2005		2005	6	1	0	0	0	0				20181108191329
1239	06/01/2005		2005	6	1	0	0	0	0				20181108191329
1240	06/01/2005		2005	6	1	0	0	0	0				20181108191329
1241	06/01/2005		2005	6	1	0	0	0	0				20181108191329
1242	06/01/2005		2005	6	1	0	0	0	0				20181108191329
1243	06/01/2005		2005	6	1	0	0	0	0				20181108191329
1244	06/01/2005		2005	6	1	0	0	0	0				20181108191329
1245	06/01/2005		2005	6	1	0	0	0	0				20181108191329
1246	06/01/2005		2005	6	1	0	0	0	0				20181108191329
1248	06/02/2005		2005	6	2	0	0	0	0				20181108191329
1249	06/02/2005		2005	6	2	0	0	0	0				20181108191329
1250	06/02/2005		2005	6	2	0	0	0	0				20181108191329
1251	06/02/2005		2005	6	2	0	0	0	0				20181108191329
1252	06/02/2005		2005	6	2	0	0	0	0				20181108191329
1253	06/02/2005		2005	6	2	0	0	0	0				20181108191329
1254	06/02/2005		2005	6	2	0	0	0	0				20181108191329
1255	06/02/2005		2005	6	2	0	0	0	0				20181108191329
1256	06/02/2005		2005	6	2	0	0	0	0				20181108191329
1257	06/02/2005		2005	6	2	0	0	0	0				20181108191329
1258	06/02/2005		2005	6	2	0	0	0	0				20181108191329
1259	06/02/2005		2005	6	2	0	0	0	0				20181108191329
1260	06/02/2005		2005	6	2	0	0	0	0				20181108191329
1261	06/02/2005		2005	6	2	0	0	0	0				20181108191329
1262	06/02/2005		2005	6	2	0	0	0	0				20181108191329
1263	06/02/2005		2005	6	2	0	0	0	0				20181108191329
1264	06/02/2005		2005	6	2	0	0	0	0				20181108191329
1265	06/02/2005		2005	6	2	0	0	0	0				20181108191329
1266	06/02/2005		2005	6	2	0	0	0	0				20181108191329
1267	06/02/2005		2005	6	2	0	0	0	0				20181108191329
1268	06/02/2005		2005	6	2	0	0	0	0				20181108191329
1269	06/02/2005		2005	6	2	0	0	0	0				20181108191329
1270	06/02/2005		2005	6	2	0	0	0	0				20181108191329
1271	06/02/2005		2005	6	2	0	0	0	0				20181108191329
1272	06/02/2005		2005	6	2	0	0	0	0				20181108191329
1273	06/02/2005		2005	6	2	0	0	0	0				20181108191329
1274	06/02/2005		2005	6	2	0	0	0	0				20181108191329
1275	06/02/2005		2005	6	2	0	0	0	0				20181108191329
1277	06/02/2005		2005	6	2	0	0	0	0				20181108191329
1278	06/02/2005		2005	6	2	0	0	0	0				20181108191329
1279	06/02/2005		2005	6	2	0	0	0	0				20181108191329
1280	06/02/2005		2005	6	2	0	0	0	0				20181108191329
1282	06/02/2005		2005	6	2	0	0	0	0				20181108191329
1283	06/02/2005		2005	6	2	0	0	0	0				20181108191329
1284	06/02/2005		2005	6	2	0	0	0	0				20181108191329
1285	06/02/2005		2005	6	2	0	0	0	0				20181108191329
1286	06/02/2005		2005	6	2	0	0	0	0				20181108191329
1287	06/02/2005		2005	6	2	0	0	0	0				20181108191329
1288	06/02/2005		2005	6	2	0	0	0	0				20181108191329
1289	06/02/2005		2005	6	2	0	0	0	0				20181108191329
1290	06/02/2005		2005	6	2	0	0	0	0				20181108191329
1291	06/02/2005		2005	6	2	0	0	0	0				20181108191329
1292	06/02/2005		2005	6	2	0	0	0	0				20181108191329
1293	06/02/2005		2005	6	2	0	0	0	0				20181108191329
1294	06/02/2005		2005	6	2	0	0	0	0				20181108191329
1295	06/02/2005		2005	6	2	0	0	0	0				20181108191329
1297	06/02/2005		2005	6	2	0	0	0	0				20181108191329
1299	06/02/2005		2005	6	2	0	0	0	0				20181108191329
1300	06/02/2005		2005	6	2	0	0	0	0				20181108191329
1301	06/02/2005		2005	6	2	0	0	0	0				20181108191329
1302	06/02/2005		2005	6	2	0	0	0	0				20181108191329
1303	06/02/2005		2005	6	2	0	0	0	0				20181108191329
1304	06/02/2005		2005	6	2	0	0	0	0				20181108191329
1305	06/02/2005		2005	6	2	0	0	0	0				20181108191329
1306	06/02/2005		2005	6	2	0	0	0	0				20181108191329
1307	06/02/2005		2005	6	2	0	0	0	0				20181108191329
1308	06/02/2005		2005	6	2	0	0	0	0				20181108191329
1309	06/02/2005		2005	6	2	0	0	0	0				20181108191329
1310	06/02/2005		2005	6	2	0	0	0	0				20181108191329
1311	06/02/2005		2005	6	2	0	0	0	0				20181108191329
1312	06/02/2005		2005	6	2	0	0	0	0				20181108191329
1313	06/02/2005		2005	6	2	0	0	0	0				20181108191329
1314	06/02/2005		2005	6	2	0	0	0	0				20181108191329
1316	06/02/2005		2005	6	2	0	0	0	0				20181108191329
1317	06/02/2005		2005	6	2	0	0	0	0				20181108191329
1318	06/08/2005		2005	6	8	0	0	0	0				20181108191329
1319	06/08/2005		2005	6	8	0	0	0	0				20181108191329
1320	06/08/2005		2005	6	8	0	0	0	0				20181108191329
1321	06/08/2005		2005	6	8	0	0	0	0				20181108191329
1323	06/08/2005		2005	6	8	0	0	0	0				20181108191329
1325	06/08/2005		2005	6	8	0	0	0	0				20181108191329
1326	06/08/2005		2005	6	8	0	0	0	0				20181108191329
1327	06/08/2005		2005	6	8	0	0	0	0				20181108191329
1328	06/08/2005		2005	6	8	0	0	0	0				20181108191329
1329	06/08/2005		2005	6	8	0	0	0	0				20181108191329
1330	06/08/2005		2005	6	8	0	0	0	0				20181108191329
1331	06/08/2005		2005	6	8	0	0	0	0				20181108191329
1332	06/08/2005		2005	6	8	0	0	0	0				20181108191329
1333	06/08/2005		2005	6	8	0	0	0	0				20181108191329
1334	06/08/2005		2005	6	8	0	0	0	0				20181108191329
1335	06/08/2005		2005	6	8	0	0	0	0				20181108191329
1336	06/08/2005		2005	6	8	0	0	0	0				20181108191329
1337	06/08/2005		2005	6	8	0	0	0	0				20181108191329
1338	06/08/2005		2005	6	8	0	0	0	0				20181108191329
1339	06/08/2005		2005	6	8	0	0	0	0				20181108191329
1340	06/08/2005		2005	6	8	0	0	0	0				20181108191329
1341	06/08/2005		2005	6	8	0	0	0	0				20181108191329
1342	06/08/2005		2005	6	8	0	0	0	0				20181108191329
1343	06/08/2005		2005	6	8	0	0	0	0				20181108191329
1344	06/08/2005		2005	6	8	0	0	0	0				20181108191329
1345	06/08/2005		2005	6	8	0	0	0	0				20181108191329
1346	06/08/2005		2005	6	8	0	0	0	0				20181108191329
1350	06/08/2005		2005	6	8	0	0	0	0				20181108191329
1351	06/08/2005		2005	6	8	0	0	0	0				20181108191329
1353	06/08/2005		2005	6	8	0	0	0	0				20181108191329
1354	06/08/2005		2005	6	8	0	0	0	0				20181108191329
1355	06/08/2005		2005	6	8	0	0	0	0				20181108191329
1356	06/08/2005		2005	6	8	0	0	0	0				20181108191329
1357	06/08/2005		2005	6	8	0	0	0	0				20181108191329
1358	06/08/2005		2005	6	8	0	0	0	0				20181108191329
1359	06/08/2005		2005	6	8	0	0	0	0				20181108191329
1360	06/08/2005		2005	6	8	0	0	0	0				20181108191329
1361	06/08/2005		2005	6	8	0	0	0	0				20181108191329
1363	06/08/2005		2005	6	8	0	0	0	0				20181108191329
1364	06/08/2005		2005	6	8	0	0	0	0				20181108191329
1365	06/08/2005		2005	6	8	0	0	0	0				20181108191329
1366	06/08/2005		2005	6	8	0	0	0	0				20181108191329
1367	06/08/2005		2005	6	8	0	0	0	0				20181108191329
1368	06/08/2005		2005	6	8	0	0	0	0				20181108191329
1369	06/08/2005		2005	6	8	0	0	0	0				20181108191329
1370	06/08/2005		2005	6	8	0	0	0	0				20181108191329
1371	06/08/2005		2005	6	8	0	0	0	0				20181108191329
1373	06/08/2005		2005	6	8	0	0	0	0				20181108191329
1374	06/08/2005		2005	6	8	0	0	0	0				20181108191329
1375	06/08/2005		2005	6	8	0	0	0	0				20181108191329
1376	06/08/2005		2005	6	8	0	0	0	0				20181108191329
1377	06/08/2005		2005	6	8	0	0	0	0				20181108191329
1378	06/08/2005		2005	6	8	0	0	0	0				20181108191329
1379	06/08/2005		2005	6	8	0	0	0	0				20181108191329
1380	06/08/2005		2005	6	8	0	0	0	0				20181108191329
1381	06/08/2005		2005	6	8	0	0	0	0				20181108191329
1382	06/08/2005		2005	6	8	0	0	0	0				20181108191329
1383	06/08/2005		2005	6	8	0	0	0	0				20181108191329
1384	06/08/2005		2005	6	8	0	0	0	0				20181108191329
1385	06/08/2005		2005	6	8	0	0	0	0				20181108191329
1386	06/08/2005		2005	6	8	0	0	0	0				20181108191329
1387	06/08/2005		2005	6	8	0	0	0	0				20181108191329
1388	06/08/2005		2005	6	8	0	0	0	0				20181108191329
1389	06/08/2005		2005	6	8	0	0	0	0				20181108191329
1390	06/08/2005		2005	6	8	0	0	0	0				20181108191329
1391	06/08/2005		2005	6	8	0	0	0	0				20181108191329
1392	06/08/2005		2005	6	8	0	0	0	0				20181108191329
1393	06/08/2005		2005	6	8	0	0	0	0				20181108191329
1394	06/08/2005		2005	6	8	0	0	0	0				20181108191329
1395	06/08/2005		2005	6	8	0	0	0	0				20181108191329
1396	06/08/2005		2005	6	8	0	0	0	0				20181108191329
1397	06/08/2005		2005	6	8	0	0	0	0				20181108191329
1398	06/08/2005		2005	6	8	0	0	0	0				20181108191329
1399	06/08/2005		2005	6	8	0	0	0	0				20181108191329
1400	06/08/2005		2005	6	8	0	0	0	0				20181108191329
1401	06/08/2005		2005	6	8	0	0	0	0				20181108191329
1402	06/08/2005		2005	6	8	0	0	0	0				20181108191329
1403	06/08/2005		2005	6	8	0	0	0	0				20181108191329
1404	06/08/2005		2005	6	8	0	0	0	0				20181108191329
1405	06/08/2005		2005	6	8	0	0	0	0				20181108191329
1406	06/08/2005		2005	6	8	0	0	0	0				20181108191329
1407	06/08/2005		2005	6	8	0	0	0	0				20181108191329
1408	06/08/2005		2005	6	8	0	0	0	0				20181108191329
1409	06/08/2005		2005	6	8	0	0	0	0				20181108191329
1410	06/08/2005		2005	6	8	0	0	0	0				20181108191329
1411	06/08/2005		2005	6	8	0	0	0	0				20181108191329
1412	06/08/2005		2005	6	8	0	0	0	0				20181108191329
1413	06/08/2005		2005	6	8	0	0	0	0				20181108191329
1414	06/08/2005		2005	6	8	0	0	0	0				20181108191329
1415	06/08/2005		2005	6	8	0	0	0	0				20181108191329
1416	06/08/2005		2005	6	8	0	0	0	0				20181108191329
1417	06/08/2005		2005	6	8	0	0	0	0				20181108191329
1418	06/08/2005		2005	6	8	0	0	0	0				20181108191329
1419	06/08/2005		2005	6	8	0	0	0	0				20181108191329
1420	06/08/2005		2005	6	8	0	0	0	0				20181108191329
1421	06/08/2005		2005	6	8	0	0	0	0				20181108191329
1422	06/08/2005		2005	6	8	0	0	0	0				20181108191329
1423	06/08/2005		2005	6	8	0	0	0	0				20181108191329
1424	06/08/2005		2005	6	8	0	0	0	0				20181108191329
1425	06/08/2005		2005	6	8	0	0	0	0				20181108191329
1426	06/08/2005		2005	6	8	0	0	0	0				20181108191329
1427	06/09/2005		2005	6	9	0	0	0	0				20181108191329
1428	06/09/2005		2005	6	9	0	0	0	0				20181108191329
1429	06/09/2005		2005	6	9	0	0	0	0				20181108191329
1430	06/09/2005		2005	6	9	0	0	0	0				20181108191329
1431	06/09/2005		2005	6	9	0	0	0	0				20181108191329
1432	06/09/2005		2005	6	9	0	0	0	0				20181108191329
1433	06/09/2005		2005	6	9	0	0	0	0				20181108191329
1434	06/09/2005		2005	6	9	0	0	0	0				20181108191329
1435	06/09/2005		2005	6	9	0	0	0	0				20181108191329
1436	06/09/2005		2005	6	9	0	0	0	0				20181108191329
1437	06/09/2005		2005	6	9	0	0	0	0				20181108191329
1440	06/09/2005		2005	6	9	0	0	0	0				20181108191329
1441	06/09/2005		2005	6	9	0	0	0	0				20181108191329
1442	06/09/2005		2005	6	9	0	0	0	0				20181108191329
1443	06/09/2005		2005	6	9	0	0	0	0				20181108191329
1444	06/09/2005		2005	6	9	0	0	0	0				20181108191329
1445	06/09/2005		2005	6	9	0	0	0	0				20181108191329
1446	06/09/2005		2005	6	9	0	0	0	0				20181108191329
1447	06/09/2005		2005	6	9	0	0	0	0				20181108191329
1448	06/09/2005		2005	6	9	0	0	0	0				20181108191329
1449	06/09/2005		2005	6	9	0	0	0	0				20181108191329
1450	06/09/2005		2005	6	9	0	0	0	0				20181108191329
1451	06/09/2005		2005	6	9	0	0	0	0				20181108191329
1452	06/09/2005		2005	6	9	0	0	0	0				20181108191329
1453	06/09/2005		2005	6	9	0	0	0	0				20181108191329
1454	06/09/2005		2005	6	9	0	0	0	0				20181108191329
1455	06/09/2005		2005	6	9	0	0	0	0				20181108191329
1456	06/09/2005		2005	6	9	0	0	0	0				20181108191329
1457	06/09/2005		2005	6	9	0	0	0	0				20181108191329
1458	06/09/2005		2005	6	9	0	0	0	0				20181108191329
1459	06/09/2005		2005	6	9	0	0	0	0				20181108191329
1460	06/09/2005		2005	6	9	0	0	0	0				20181108191329
1461	06/09/2005		2005	6	9	0	0	0	0				20181108191329
1462	06/09/2005		2005	6	9	0	0	0	0				20181108191329
1463	06/09/2005		2005	6	9	0	0	0	0				20181108191329
1464	06/09/2005		2005	6	9	0	0	0	0				20181108191329
1465	06/09/2005		2005	6	9	0	0	0	0				20181108191329
1466	06/09/2005		2005	6	9	0	0	0	0				20181108191329
1467	06/09/2005		2005	6	9	0	0	0	0				20181108191329
1468	06/09/2005		2005	6	9	0	0	0	0				20181108191329
1469	06/09/2005		2005	6	9	0	0	0	0				20181108191329
1470	06/09/2005		2005	6	9	0	0	0	0				20181108191329
1471	06/09/2005		2005	6	9	0	0	0	0				20181108191329
1472	06/09/2005		2005	6	9	0	0	0	0				20181108191329
1473	06/09/2005		2005	6	9	0	0	0	0				20181108191329
1474	06/09/2005		2005	6	9	0	0	0	0				20181108191329
1475	06/09/2005		2005	6	9	0	0	0	0				20181108191329
1476	06/09/2005		2005	6	9	0	0	0	0				20181108191329
1477	06/09/2005		2005	6	9	0	0	0	0				20181108191329
1478	06/09/2005		2005	6	9	0	0	0	0				20181108191329
1479	06/09/2005		2005	6	9	0	0	0	0				20181108191329
1480	06/09/2005		2005	6	9	0	0	0	0				20181108191329
1481	06/09/2005		2005	6	9	0	0	0	0				20181108191329
1482	06/09/2005		2005	6	9	0	0	0	0				20181108191329
1483	06/09/2005		2005	6	9	0	0	0	0				20181108191329
1484	06/09/2005		2005	6	9	0	0	0	0				20181108191329
1485	06/09/2005		2005	6	9	0	0	0	0				20181108191329
1486	06/09/2005		2005	6	9	0	0	0	0				20181108191329
1487	06/09/2005		2005	6	9	0	0	0	0				20181108191329
1489	06/09/2005		2005	6	9	0	0	0	0				20181108191329
1490	06/09/2005		2005	6	9	0	0	0	0				20181108191329
1491	06/09/2005		2005	6	9	0	0	0	0				20181108191329
1492	06/09/2005		2005	6	9	0	0	0	0				20181108191329
1493	06/09/2005		2005	6	9	0	0	0	0				20181108191329
1494	06/09/2005		2005	6	9	0	0	0	0				20181108191329
1495	06/09/2005		2005	6	9	0	0	0	0				20181108191329
1496	06/09/2005		2005	6	9	0	0	0	0				20181108191329
1497	06/09/2005		2005	6	9	0	0	0	0				20181108191329
1498	06/09/2005		2005	6	9	0	0	0	0				20181108191329
1499	06/09/2005		2005	6	9	0	0	0	0				20181108191329
1501	06/09/2005		2005	6	9	0	0	0	0				20181108191329
1502	06/09/2005		2005	6	9	0	0	0	0				20181108191329
1503	06/09/2005		2005	6	9	0	0	0	0				20181108191329
1504	06/09/2005		2005	6	9	0	0	0	0				20181108191329
1505	06/09/2005		2005	6	9	0	0	0	0				20181108191329
1506	06/09/2005		2005	6	9	0	0	0	0				20181108191329
1507	06/09/2005		2005	6	9	0	0	0	0				20181108191329
1508	06/09/2005		2005	6	9	0	0	0	0				20181108191329
1509	06/09/2005		2005	6	9	0	0	0	0				20181108191329
1510	06/09/2005		2005	6	9	0	0	0	0				20181108191329
1511	06/09/2005		2005	6	9	0	0	0	0				20181108191329
1512	06/09/2005		2005	6	9	0	0	0	0				20181108191329
1513	06/09/2005		2005	6	9	0	0	0	0				20181108191329
1514	06/09/2005		2005	6	9	0	0	0	0				20181108191329
1515	06/09/2005		2005	6	9	0	0	0	0				20181108191329
1516	06/09/2005		2005	6	9	0	0	0	0				20181108191329
1517	06/09/2005		2005	6	9	0	0	0	0				20181108191329
1518	06/09/2005		2005	6	9	0	0	0	0				20181108191329
1519	06/09/2005		2005	6	9	0	0	0	0				20181108191329
1520	06/09/2005		2005	6	9	0	0	0	0				20181108191329
1521	06/09/2005		2005	6	9	0	0	0	0				20181108191329
1522	06/09/2005		2005	6	9	0	0	0	0				20181108191329
1523	06/09/2005		2005	6	9	0	0	0	0				20181108191329
1524	06/09/2005		2005	6	9	0	0	0	0				20181108191329
1525	06/09/2005		2005	6	9	0	0	0	0				20181108191329
1526	06/09/2005		2005	6	9	0	0	0	0				20181108191329
1527	06/09/2005		2005	6	9	0	0	0	0				20181108191329
1528	06/09/2005		2005	6	9	0	0	0	0				20181108191329
1529	06/09/2005		2005	6	9	0	0	0	0				20181108191329
1530	06/09/2005		2005	6	9	0	0	0	0				20181108191329
1531	06/09/2005		2005	6	9	0	0	0	0				20181108191329
1532	06/09/2005		2005	6	9	0	0	0	0				20181108191329
1534	06/09/2005		2005	6	9	0	0	0	0				20181108191329
1535	06/09/2005		2005	6	9	0	0	0	0				20181108191329
1536	06/09/2005		2005	6	9	0	0	0	0				20181108191329
1537	06/09/2005		2005	6	9	0	0	0	0				20181108191329
1538	06/09/2005		2005	6	9	0	0	0	0				20181108191329
1539	06/09/2005		2005	6	9	0	0	0	0				20181108191329
1540	06/09/2005		2005	6	9	0	0	0	0				20181108191329
1541	06/09/2005		2005	6	9	0	0	0	0				20181108191329
1542	06/09/2005		2005	6	9	0	0	0	0				20181108191329
1543	06/09/2005		2005	6	9	0	0	0	0				20181108191330
1544	06/09/2005		2005	6	9	0	0	0	0				20181108191330
1545	06/09/2005		2005	6	9	0	0	0	0				20181108191330
1546	06/09/2005		2005	6	9	0	0	0	0				20181108191330
1547	06/09/2005		2005	6	9	0	0	0	0				20181108191330
1548	06/09/2005		2005	6	9	0	0	0	0				20181108191330
1549	06/09/2005		2005	6	9	0	0	0	0				20181108191330
1550	06/09/2005		2005	6	9	0	0	0	0				20181108191330
1551	06/09/2005		2005	6	9	0	0	0	0				20181108191330
1552	06/09/2005		2005	6	9	0	0	0	0				20181108191330
1553	06/09/2005		2005	6	9	0	0	0	0				20181108191330
1554	06/09/2005		2005	6	9	0	0	0	0				20181108191330
1555	06/09/2005		2005	6	9	0	0	0	0				20181108191330
1556	06/09/2005		2005	6	9	0	0	0	0				20181108191330
1557	06/09/2005		2005	6	9	0	0	0	0				20181108191330
1558	06/09/2005		2005	6	9	0	0	0	0				20181108191330
1559	06/09/2005		2005	6	9	0	0	0	0				20181108191330
1560	06/09/2005		2005	6	9	0	0	0	0				20181108191330
1561	06/09/2005		2005	6	9	0	0	0	0				20181108191330
1562	06/09/2005		2005	6	9	0	0	0	0				20181108191330
1563	06/09/2005		2005	6	9	0	0	0	0				20181108191330
1564	06/09/2005		2005	6	9	0	0	0	0				20181108191330
1566	06/09/2005		2005	6	9	0	0	0	0				20181108191330
1567	06/09/2005		2005	6	9	0	0	0	0				20181108191330
1568	06/09/2005		2005	6	9	0	0	0	0				20181108191330
1569	06/09/2005		2005	6	9	0	0	0	0				20181108191330
1570	06/09/2005		2005	6	9	0	0	0	0				20181108191330
1571	06/09/2005		2005	6	9	0	0	0	0				20181108191330
1572	06/09/2005		2005	6	9	0	0	0	0				20181108191330
1573	06/09/2005		2005	6	9	0	0	0	0				20181108191330
1574	06/09/2005		2005	6	9	0	0	0	0				20181108191330
1575	06/09/2005		2005	6	9	0	0	0	0				20181108191330
1576	06/09/2005		2005	6	9	0	0	0	0				20181108191330
1577	06/09/2005		2005	6	9	0	0	0	0				20181108191330
1578	06/09/2005		2005	6	9	0	0	0	0				20181108191330
1579	06/09/2005		2005	6	9	0	0	0	0				20181108191330
1580	06/09/2005		2005	6	9	0	0	0	0				20181108191330
1581	06/09/2005		2005	6	9	0	0	0	0				20181108191330
1582	06/09/2005		2005	6	9	0	0	0	0				20181108191330
1583	06/09/2005		2005	6	9	0	0	0	0				20181108191330
1584	06/09/2005		2005	6	9	0	0	0	0				20181108191330
1585	06/09/2005		2005	6	9	0	0	0	0				20181108191330
1586	06/09/2005		2005	6	9	0	0	0	0				20181108191330
1587	06/09/2005		2005	6	9	0	0	0	0				20181108191330
1588	06/09/2005		2005	6	9	0	0	0	0				20181108191330
1589	06/09/2005		2005	6	9	0	0	0	0				20181108191330
1590	06/09/2005		2005	6	9	0	0	0	0				20181108191330
1591	06/09/2005		2005	6	9	0	0	0	0				20181108191330
1592	06/09/2005		2005	6	9	0	0	0	0				20181108191330
1593	06/09/2005		2005	6	9	0	0	0	0				20181108191330
1594	06/09/2005		2005	6	9	0	0	0	0				20181108191330
1596	06/09/2005		2005	6	9	0	0	0	0				20181108191330
1597	06/09/2005		2005	6	9	0	0	0	0				20181108191330
1599	06/09/2005		2005	6	9	0	0	0	0				20181108191330
1600	06/09/2005		2005	6	9	0	0	0	0				20181108191330
1601	06/09/2005		2005	6	9	0	0	0	0				20181108191330
1602	06/09/2005		2005	6	9	0	0	0	0				20181108191330
1603	06/09/2005		2005	6	9	0	0	0	0				20181108191330
1604	06/09/2005		2005	6	9	0	0	0	0				20181108191330
1605	06/09/2005		2005	6	9	0	0	0	0				20181108191330
1606	06/09/2005		2005	6	9	0	0	0	0				20181108191330
1607	06/09/2005		2005	6	9	0	0	0	0				20181108191330
1608	06/09/2005		2005	6	9	0	0	0	0				20181108191330
1609	06/09/2005		2005	6	9	0	0	0	0				20181108191330
1610	06/09/2005		2005	6	9	0	0	0	0				20181108191330
1611	06/09/2005		2005	6	9	0	0	0	0				20181108191330
1612	06/09/2005		2005	6	9	0	0	0	0				20181108191330
1613	06/09/2005		2005	6	9	0	0	0	0				20181108191330
1614	06/09/2005		2005	6	9	0	0	0	0				20181108191330
1615	06/09/2005		2005	6	9	0	0	0	0				20181108191330
1616	06/09/2005		2005	6	9	0	0	0	0				20181108191330
1618	06/09/2005		2005	6	9	0	0	0	0				20181108191330
1619	06/09/2005		2005	6	9	0	0	0	0				20181108191330
1620	06/09/2005		2005	6	9	0	0	0	0				20181108191330
1621	06/09/2005		2005	6	9	0	0	0	0				20181108191330
1622	06/09/2005		2005	6	9	0	0	0	0				20181108191330
1623	06/09/2005		2005	6	9	0	0	0	0				20181108191330
1624	06/09/2005		2005	6	9	0	0	0	0				20181108191330
1625	06/09/2005		2005	6	9	0	0	0	0				20181108191330
1626	06/09/2005		2005	6	9	0	0	0	0				20181108191330
1627	06/09/2005		2005	6	9	0	0	0	0				20181108191330
1628	06/09/2005		2005	6	9	0	0	0	0				20181108191330
1630	06/09/2005		2005	6	9	0	0	0	0				20181108191330
1631	06/09/2005		2005	6	9	0	0	0	0				20181108191330
1632	06/09/2005		2005	6	9	0	0	0	0				20181108191330
1633	06/09/2005		2005	6	9	0	0	0	0				20181108191330
1634	06/09/2005		2005	6	9	0	0	0	0				20181108191330
1635	06/09/2005		2005	6	9	0	0	0	0				20181108191330
1636	06/09/2005		2005	6	9	0	0	0	0				20181108191330
1637	06/09/2005		2005	6	9	0	0	0	0				20181108191330
1638	06/09/2005		2005	6	9	0	0	0	0				20181108191330
1639	06/09/2005		2005	6	9	0	0	0	0				20181108191330
1640	06/09/2005		2005	6	9	0	0	0	0				20181108191330
1641	06/09/2005		2005	6	9	0	0	0	0				20181108191330
1642	06/09/2005		2005	6	9	0	0	0	0				20181108191330
1643	06/09/2005		2005	6	9	0	0	0	0				20181108191330
1644	06/09/2005		2005	6	9	0	0	0	0				20181108191330
1645	06/09/2005		2005	6	9	0	0	0	0				20181108191330
1646	06/09/2005		2005	6	9	0	0	0	0				20181108191330
1647	06/09/2005		2005	6	9	0	0	0	0				20181108191330
1648	06/09/2005		2005	6	9	0	0	0	0				20181108191330
1649	06/09/2005		2005	6	9	0	0	0	0				20181108191330
1650	06/09/2005		2005	6	9	0	0	0	0				20181108191330
1651	06/09/2005		2005	6	9	0	0	0	0				20181108191330
1652	06/09/2005		2005	6	9	0	0	0	0				20181108191330
1653	06/09/2005		2005	6	9	0	0	0	0				20181108191330
1654	06/09/2005		2005	6	9	0	0	0	0				20181108191330
1655	06/10/2005		2005	6	10	0	0	0	0				20181108191330
1656	06/10/2005		2005	6	10	0	0	0	0				20181108191330
1657	06/10/2005		2005	6	10	0	0	0	0				20181108191330
1658	06/10/2005		2005	6	10	0	0	0	0				20181108191330
1659	06/10/2005		2005	6	10	0	0	0	0				20181108191330
1660	06/10/2005		2005	6	10	0	0	0	0				20181108191330
1661	06/10/2005		2005	6	10	0	0	0	0				20181108191330
1662	06/10/2005		2005	6	10	0	0	0	0				20181108191330
1663	06/10/2005		2005	6	10	0	0	0	0				20181108191330
1664	06/10/2005		2005	6	10	0	0	0	0				20181108191330
1665	06/10/2005		2005	6	10	0	0	0	0				20181108191330
1666	06/10/2005		2005	6	10	0	0	0	0				20181108191330
1667	06/10/2005		2005	6	10	0	0	0	0				20181108191330
1668	06/10/2005		2005	6	10	0	0	0	0				20181108191330
1669	06/10/2005		2005	6	10	0	0	0	0				20181108191330
1670	06/10/2005		2005	6	10	0	0	0	0				20181108191330
1671	06/10/2005		2005	6	10	0	0	0	0				20181108191330
1672	06/10/2005		2005	6	10	0	0	0	0				20181108191330
1673	06/10/2005		2005	6	10	0	0	0	0				20181108191330
1674	06/10/2005		2005	6	10	0	0	0	0				20181108191330
1675	06/10/2005		2005	6	10	0	0	0	0				20181108191330
1676	06/10/2005		2005	6	10	0	0	0	0				20181108191330
1677	06/10/2005		2005	6	10	0	0	0	0				20181108191330
1678	06/10/2005		2005	6	10	0	0	0	0				20181108191330
1679	06/10/2005		2005	6	10	0	0	0	0				20181108191330
1680	06/10/2005		2005	6	10	0	0	0	0				20181108191330
1681	06/10/2005		2005	6	10	0	0	0	0				20181108191330
1682	06/10/2005		2005	6	10	0	0	0	0				20181108191330
1683	06/10/2005		2005	6	10	0	0	0	0				20181108191330
1684	06/10/2005		2005	6	10	0	0	0	0				20181108191330
1685	06/10/2005		2005	6	10	0	0	0	0				20181108191330
1686	06/10/2005		2005	6	10	0	0	0	0				20181108191330
1687	06/10/2005		2005	6	10	0	0	0	0				20181108191330
1688	06/10/2005		2005	6	10	0	0	0	0				20181108191330
1689	06/10/2005		2005	6	10	0	0	0	0				20181108191330
1690	06/10/2005		2005	6	10	0	0	0	0				20181108191330
1691	06/10/2005		2005	6	10	0	0	0	0				20181108191330
1692	06/10/2005		2005	6	10	0	0	0	0				20181108191330
1694	06/10/2005		2005	6	10	0	0	0	0				20181108191330
1695	06/10/2005		2005	6	10	0	0	0	0				20181108191330
1696	06/10/2005		2005	6	10	0	0	0	0				20181108191330
1697	06/10/2005		2005	6	10	0	0	0	0				20181108191330
1698	06/10/2005		2005	6	10	0	0	0	0				20181108191330
1700	06/10/2005		2005	6	10	0	0	0	0				20181108191330
1701	06/10/2005		2005	6	10	0	0	0	0				20181108191330
1702	06/10/2005		2005	6	10	0	0	0	0				20181108191330
1703	06/10/2005		2005	6	10	0	0	0	0				20181108191330
1704	06/10/2005		2005	6	10	0	0	0	0				20181108191330
1705	06/10/2005		2005	6	10	0	0	0	0				20181108191330
1706	06/10/2005		2005	6	10	0	0	0	0				20181108191330
1707	06/10/2005		2005	6	10	0	0	0	0				20181108191330
1708	06/10/2005		2005	6	10	0	0	0	0				20181108191330
1709	06/10/2005		2005	6	10	0	0	0	0				20181108191330
1710	06/10/2005		2005	6	10	0	0	0	0				20181108191330
1711	06/10/2005		2005	6	10	0	0	0	0				20181108191330
1712	06/10/2005		2005	6	10	0	0	0	0				20181108191330
1713	06/10/2005		2005	6	10	0	0	0	0				20181108191330
1714	06/10/2005		2005	6	10	0	0	0	0				20181108191330
1715	06/10/2005		2005	6	10	0	0	0	0				20181108191330
1716	06/10/2005		2005	6	10	0	0	0	0				20181108191330
1717	06/10/2005		2005	6	10	0	0	0	0				20181108191330
1718	06/10/2005		2005	6	10	0	0	0	0				20181108191330
1719	06/10/2005		2005	6	10	0	0	0	0				20181108191330
1720	06/10/2005		2005	6	10	0	0	0	0				20181108191330
1721	06/10/2005		2005	6	10	0	0	0	0				20181108191330
1722	06/10/2005		2005	6	10	0	0	0	0				20181108191330
1723	06/10/2005		2005	6	10	0	0	0	0				20181108191330
1724	06/10/2005		2005	6	10	0	0	0	0				20181108191330
1725	06/10/2005		2005	6	10	0	0	0	0				20181108191330
1726	06/10/2005		2005	6	10	0	0	0	0				20181108191330
1727	06/10/2005		2005	6	10	0	0	0	0				20181108191330
1728	06/10/2005		2005	6	10	0	0	0	0				20181108191330
1729	06/10/2005		2005	6	10	0	0	0	0				20181108191330
1731	06/10/2005		2005	6	10	0	0	0	0				20181108191330
1732	06/10/2005		2005	6	10	0	0	0	0				20181108191330
1733	06/10/2005		2005	6	10	0	0	0	0				20181108191330
1735	06/10/2005		2005	6	10	0	0	0	0				20181108191330
1736	06/10/2005		2005	6	10	0	0	0	0				20181108191330
1737	06/10/2005		2005	6	10	0	0	0	0				20181108191330
1738	06/10/2005		2005	6	10	0	0	0	0				20181108191330
1739	06/10/2005		2005	6	10	0	0	0	0				20181108191330
1740	06/10/2005		2005	6	10	0	0	0	0				20181108191330
1741	06/10/2005		2005	6	10	0	0	0	0				20181108191330
1742	06/10/2005		2005	6	10	0	0	0	0				20181108191330
1743	06/10/2005		2005	6	10	0	0	0	0				20181108191330
1744	06/10/2005		2005	6	10	0	0	0	0				20181108191330
1745	06/10/2005		2005	6	10	0	0	0	0				20181108191330
1746	06/10/2005		2005	6	10	0	0	0	0				20181108191330
1747	06/10/2005		2005	6	10	0	0	0	0				20181108191330
1748	06/10/2005		2005	6	10	0	0	0	0				20181108191330
1749	06/10/2005		2005	6	10	0	0	0	0				20181108191330
1750	06/10/2005		2005	6	10	0	0	0	0				20181108191330
1751	06/10/2005		2005	6	10	0	0	0	0				20181108191330
1752	06/10/2005		2005	6	10	0	0	0	0				20181108191330
1753	06/10/2005		2005	6	10	0	0	0	0				20181108191330
1754	06/10/2005		2005	6	10	0	0	0	0				20181108191330
1755	06/10/2005		2005	6	10	0	0	0	0				20181108191330
1756	06/10/2005		2005	6	10	0	0	0	0				20181108191330
1757	06/10/2005		2005	6	10	0	0	0	0				20181108191330
1758	06/10/2005		2005	6	10	0	0	0	0				20181108191330
1759	06/10/2005		2005	6	10	0	0	0	0				20181108191330
1760	06/10/2005		2005	6	10	0	0	0	0				20181108191330
1761	06/10/2005		2005	6	10	0	0	0	0				20181108191330
1762	06/10/2005		2005	6	10	0	0	0	0				20181108191330
1763	06/10/2005		2005	6	10	0	0	0	0				20181108191330
1764	06/10/2005		2005	6	10	0	0	0	0				20181108191330
1766	06/10/2005		2005	6	10	0	0	0	0				20181108191330
1767	06/10/2005		2005	6	10	0	0	0	0				20181108191330
1768	06/10/2005		2005	6	10	0	0	0	0				20181108191330
1769	06/10/2005		2005	6	10	0	0	0	0				20181108191330
1770	06/10/2005		2005	6	10	0	0	0	0				20181108191330
1771	06/10/2005		2005	6	10	0	0	0	0				20181108191330
1772	06/10/2005		2005	6	10	0	0	0	0				20181108191330
1773	06/10/2005		2005	6	10	0	0	0	0				20181108191330
1774	06/10/2005		2005	6	10	0	0	0	0				20181108191330
1775	06/10/2005		2005	6	10	0	0	0	0				20181108191330
1776	06/10/2005		2005	6	10	0	0	0	0				20181108191330
1777	06/10/2005		2005	6	10	0	0	0	0				20181108191330
1778	06/10/2005		2005	6	10	0	0	0	0				20181108191330
1779	06/10/2005		2005	6	10	0	0	0	0				20181108191330
1780	06/10/2005		2005	6	10	0	0	0	0				20181108191330
1781	06/10/2005		2005	6	10	0	0	0	0				20181108191330
1782	06/10/2005		2005	6	10	0	0	0	0				20181108191330
1783	06/10/2005		2005	6	10	0	0	0	0				20181108191330
1784	06/10/2005		2005	6	10	0	0	0	0				20181108191330
1785	06/10/2005		2005	6	10	0	0	0	0				20181108191330
1786	06/10/2005		2005	6	10	0	0	0	0				20181108191330
1787	06/10/2005		2005	6	10	0	0	0	0				20181108191330
1788	06/10/2005		2005	6	10	0	0	0	0				20181108191330
1789	06/10/2005		2005	6	10	0	0	0	0				20181108191330
1790	06/10/2005		2005	6	10	0	0	0	0				20181108191330
1791	06/10/2005		2005	6	10	0	0	0	0				20181108191330
1792	06/10/2005		2005	6	10	0	0	0	0				20181108191330
1793	06/10/2005		2005	6	10	0	0	0	0				20181108191330
1794	06/10/2005		2005	6	10	0	0	0	0				20181108191330
1795	06/10/2005		2005	6	10	0	0	0	0				20181108191330
1796	06/10/2005		2005	6	10	0	0	0	0				20181108191330
1797	06/10/2005		2005	6	10	0	0	0	0				20181108191330
1798	06/10/2005		2005	6	10	0	0	0	0				20181108191330
1799	06/10/2005		2005	6	10	0	0	0	0				20181108191330
1800	06/10/2005		2005	6	10	0	0	0	0				20181108191330
1801	06/10/2005		2005	6	10	0	0	0	0				20181108191330
1802	06/10/2005		2005	6	10	0	0	0	0				20181108191330
1803	06/10/2005		2005	6	10	0	0	0	0				20181108191330
1804	06/10/2005		2005	6	10	0	0	0	0				20181108191330
1805	06/10/2005		2005	6	10	0	0	0	0				20181108191330
1806	06/10/2005		2005	6	10	0	0	0	0				20181108191330
1808	06/10/2005		2005	6	10	0	0	0	0				20181108191330
1809	06/10/2005		2005	6	10	0	0	0	0				20181108191330
1810	06/10/2005		2005	6	10	0	0	0	0				20181108191330
1811	06/11/2005		2005	6	11	0	0	0	0				20181108191330
1812	06/11/2005		2005	6	11	0	0	0	0				20181108191330
1813	06/11/2005		2005	6	11	0	0	0	0				20181108191330
1814	06/11/2005		2005	6	11	0	0	0	0				20181108191330
1816	06/11/2005		2005	6	11	0	0	0	0				20181108191330
1817	06/11/2005		2005	6	11	0	0	0	0				20181108191330
1818	06/11/2005		2005	6	11	0	0	0	0				20181108191330
1819	06/11/2005		2005	6	11	0	0	0	0				20181108191330
1820	06/11/2005		2005	6	11	0	0	0	0				20181108191330
1821	06/12/2005		2005	6	12	0	0	0	0				20181108191330
1822	06/12/2005		2005	6	12	0	0	0	0				20181108191330
1823	06/12/2005		2005	6	12	0	0	0	0				20181108191330
1824	06/13/2005		2005	6	13	0	0	0	0				20181108191330
1825	06/13/2005		2005	6	13	0	0	0	0				20181108191330
1826	06/13/2005		2005	6	13	0	0	0	0				20181108191330
1827	06/13/2005		2005	6	13	0	0	0	0				20181108191330
1828	06/13/2005		2005	6	13	0	0	0	0				20181108191330
1829	06/13/2005		2005	6	13	0	0	0	0				20181108191330
1831	06/13/2005		2005	6	13	0	0	0	0				20181108191330
1832	06/13/2005		2005	6	13	0	0	0	0				20181108191330
1833	06/13/2005		2005	6	13	0	0	0	0				20181108191330
1834	06/13/2005		2005	6	13	0	0	0	0				20181108191330
1835	06/13/2005		2005	6	13	0	0	0	0				20181108191330
1836	06/13/2005		2005	6	13	0	0	0	0				20181108191330
1837	06/13/2005		2005	6	13	0	0	0	0				20181108191330
1838	06/13/2005		2005	6	13	0	0	0	0				20181108191330
1839	06/13/2005		2005	6	13	0	0	0	0				20181108191330
1840	06/13/2005		2005	6	13	0	0	0	0				20181108191330
1841	06/13/2005		2005	6	13	0	0	0	0				20181108191330
1842	06/13/2005		2005	6	13	0	0	0	0				20181108191330
1843	06/13/2005		2005	6	13	0	0	0	0				20181108191330
1844	06/13/2005		2005	6	13	0	0	0	0				20181108191330
1845	06/13/2005		2005	6	13	0	0	0	0				20181108191330
1846	06/13/2005		2005	6	13	0	0	0	0				20181108191330
1847	06/13/2005		2005	6	13	0	0	0	0				20181108191330
1848	06/13/2005		2005	6	13	0	0	0	0				20181108191330
1849	06/13/2005		2005	6	13	0	0	0	0				20181108191330
1850	06/13/2005		2005	6	13	0	0	0	0				20181108191330
1851	06/13/2005		2005	6	13	0	0	0	0				20181108191330
1852	06/13/2005		2005	6	13	0	0	0	0				20181108191330
1853	06/13/2005		2005	6	13	0	0	0	0				20181108191330
1854	06/13/2005		2005	6	13	0	0	0	0				20181108191330
1855	06/13/2005		2005	6	13	0	0	0	0				20181108191330
1857	06/13/2005		2005	6	13	0	0	0	0				20181108191330
1858	06/13/2005		2005	6	13	0	0	0	0				20181108191330
1859	06/13/2005		2005	6	13	0	0	0	0				20181108191330
1860	06/13/2005		2005	6	13	0	0	0	0				20181108191330
1861	06/13/2005		2005	6	13	0	0	0	0				20181108191330
1862	06/13/2005		2005	6	13	0	0	0	0				20181108191330
1863	06/13/2005		2005	6	13	0	0	0	0				20181108191330
1864	06/13/2005		2005	6	13	0	0	0	0				20181108191330
1865	06/13/2005		2005	6	13	0	0	0	0				20181108191330
1866	06/13/2005		2005	6	13	0	0	0	0				20181108191330
1867	06/13/2005		2005	6	13	0	0	0	0				20181108191330
1868	06/13/2005		2005	6	13	0	0	0	0				20181108191330
1869	06/13/2005		2005	6	13	0	0	0	0				20181108191330
1870	06/13/2005		2005	6	13	0	0	0	0				20181108191330
1871	06/13/2005		2005	6	13	0	0	0	0				20181108191330
1872	06/13/2005		2005	6	13	0	0	0	0				20181108191330
1873	06/13/2005		2005	6	13	0	0	0	0				20181108191330
1874	06/13/2005		2005	6	13	0	0	0	0				20181108191330
1875	06/13/2005		2005	6	13	0	0	0	0				20181108191330
1876	06/13/2005		2005	6	13	0	0	0	0				20181108191330
1877	06/13/2005		2005	6	13	0	0	0	0				20181108191330
1878	06/13/2005		2005	6	13	0	0	0	0				20181108191330
1879	06/13/2005		2005	6	13	0	0	0	0				20181108191330
1880	06/13/2005		2005	6	13	0	0	0	0				20181108191330
1881	06/13/2005		2005	6	13	0	0	0	0				20181108191330
1882	06/13/2005		2005	6	13	0	0	0	0				20181108191330
1883	06/13/2005		2005	6	13	0	0	0	0				20181108191330
1884	06/13/2005		2005	6	13	0	0	0	0				20181108191330
1885	06/13/2005		2005	6	13	0	0	0	0				20181108191330
1886	06/13/2005		2005	6	13	0	0	0	0				20181108191330
1887	06/13/2005		2005	6	13	0	0	0	0				20181108191330
1888	06/13/2005		2005	6	13	0	0	0	0				20181108191330
1889	06/13/2005		2005	6	13	0	0	0	0				20181108191330
1890	06/13/2005		2005	6	13	0	0	0	0				20181108191330
1891	06/13/2005		2005	6	13	0	0	0	0				20181108191330
1892	06/13/2005		2005	6	13	0	0	0	0				20181108191330
1893	06/13/2005		2005	6	13	0	0	0	0				20181108191330
1894	06/13/2005		2005	6	13	0	0	0	0				20181108191330
1895	06/13/2005		2005	6	13	0	0	0	0				20181108191330
1896	06/13/2005		2005	6	13	0	0	0	0				20181108191330
1897	06/13/2005		2005	6	13	0	0	0	0				20181108191330
1898	06/13/2005		2005	6	13	0	0	0	0				20181108191330
1899	06/13/2005		2005	6	13	0	0	0	0				20181108191330
1900	06/13/2005		2005	6	13	0	0	0	0				20181108191330
1901	06/13/2005		2005	6	13	0	0	0	0				20181108191330
1902	06/13/2005		2005	6	13	0	0	0	0				20181108191330
1903	06/13/2005		2005	6	13	0	0	0	0				20181108191330
1904	06/13/2005		2005	6	13	0	0	0	0				20181108191330
1905	06/13/2005		2005	6	13	0	0	0	0				20181108191330
1906	06/13/2005		2005	6	13	0	0	0	0				20181108191330
1907	06/13/2005		2005	6	13	0	0	0	0				20181108191330
1908	06/13/2005		2005	6	13	0	0	0	0				20181108191330
1909	06/13/2005		2005	6	13	0	0	0	0				20181108191330
1910	06/13/2005		2005	6	13	0	0	0	0				20181108191330
1911	06/13/2005		2005	6	13	0	0	0	0				20181108191330
1912	06/13/2005		2005	6	13	0	0	0	0				20181108191330
1913	06/13/2005		2005	6	13	0	0	0	0				20181108191330
1914	06/13/2005		2005	6	13	0	0	0	0				20181108191330
1915	06/13/2005		2005	6	13	0	0	0	0				20181108191330
1916	06/13/2005		2005	6	13	0	0	0	0				20181108191330
1917	06/13/2005		2005	6	13	0	0	0	0				20181108191330
1918	06/13/2005		2005	6	13	0	0	0	0				20181108191330
1919	06/13/2005		2005	6	13	0	0	0	0				20181108191330
1920	06/13/2005		2005	6	13	0	0	0	0				20181108191330
1921	06/13/2005		2005	6	13	0	0	0	0				20181108191331
1922	06/13/2005		2005	6	13	0	0	0	0				20181108191331
1923	06/13/2005		2005	6	13	0	0	0	0				20181108191331
1924	06/13/2005		2005	6	13	0	0	0	0				20181108191331
1925	06/13/2005		2005	6	13	0	0	0	0				20181108191331
1926	06/13/2005		2005	6	13	0	0	0	0				20181108191331
1927	06/13/2005		2005	6	13	0	0	0	0				20181108191331
1928	06/13/2005		2005	6	13	0	0	0	0				20181108191331
1929	06/13/2005		2005	6	13	0	0	0	0				20181108191331
1930	06/13/2005		2005	6	13	0	0	0	0				20181108191331
1931	06/13/2005		2005	6	13	0	0	0	0				20181108191331
1932	06/13/2005		2005	6	13	0	0	0	0				20181108191331
1933	06/13/2005		2005	6	13	0	0	0	0				20181108191331
1934	06/13/2005		2005	6	13	0	0	0	0				20181108191331
1936	06/13/2005		2005	6	13	0	0	0	0				20181108191331
1937	06/13/2005		2005	6	13	0	0	0	0				20181108191331
1938	06/13/2005		2005	6	13	0	0	0	0				20181108191331
1939	06/13/2005		2005	6	13	0	0	0	0				20181108191331
1940	06/13/2005		2005	6	13	0	0	0	0				20181108191331
1941	06/13/2005		2005	6	13	0	0	0	0				20181108191331
1942	06/13/2005		2005	6	13	0	0	0	0				20181108191331
1943	06/13/2005		2005	6	13	0	0	0	0				20181108191331
1944	06/13/2005		2005	6	13	0	0	0	0				20181108191331
1945	06/13/2005		2005	6	13	0	0	0	0				20181108191331
1946	06/13/2005		2005	6	13	0	0	0	0				20181108191331
1947	06/13/2005		2005	6	13	0	0	0	0				20181108191331
1948	06/13/2005		2005	6	13	0	0	0	0				20181108191331
1949	06/13/2005		2005	6	13	0	0	0	0				20181108191331
1951	06/13/2005		2005	6	13	0	0	0	0				20181108191331
1952	06/13/2005		2005	6	13	0	0	0	0				20181108191331
1953	06/13/2005		2005	6	13	0	0	0	0				20181108191331
1954	06/13/2005		2005	6	13	0	0	0	0				20181108191331
1955	06/13/2005		2005	6	13	0	0	0	0				20181108191331
1956	06/13/2005		2005	6	13	0	0	0	0				20181108191331
1957	06/13/2005		2005	6	13	0	0	0	0				20181108191331
1958	06/13/2005		2005	6	13	0	0	0	0				20181108191331
1959	06/13/2005		2005	6	13	0	0	0	0				20181108191331
1960	06/13/2005		2005	6	13	0	0	0	0				20181108191331
1961	06/13/2005		2005	6	13	0	0	0	0				20181108191331
1962	06/13/2005		2005	6	13	0	0	0	0				20181108191331
1963	06/13/2005		2005	6	13	0	0	0	0				20181108191331
1964	06/13/2005		2005	6	13	0	0	0	0				20181108191331
1965	06/13/2005		2005	6	13	0	0	0	0				20181108191331
1966	06/13/2005		2005	6	13	0	0	0	0				20181108191331
1967	06/13/2005		2005	6	13	0	0	0	0				20181108191331
1968	06/13/2005		2005	6	13	0	0	0	0				20181108191331
1969	06/13/2005		2005	6	13	0	0	0	0				20181108191331
1970	06/13/2005		2005	6	13	0	0	0	0				20181108191331
1971	06/13/2005		2005	6	13	0	0	0	0				20181108191331
1972	06/13/2005		2005	6	13	0	0	0	0				20181108191331
1973	06/13/2005		2005	6	13	0	0	0	0				20181108191331
1974	06/13/2005		2005	6	13	0	0	0	0				20181108191331
1975	06/13/2005		2005	6	13	0	0	0	0				20181108191331
1976	06/13/2005		2005	6	13	0	0	0	0				20181108191331
1977	06/13/2005		2005	6	13	0	0	0	0				20181108191331
1978	06/13/2005		2005	6	13	0	0	0	0				20181108191331
1979	06/13/2005		2005	6	13	0	0	0	0				20181108191331
1980	06/13/2005		2005	6	13	0	0	0	0				20181108191331
1981	06/13/2005		2005	6	13	0	0	0	0				20181108191331
1982	06/13/2005		2005	6	13	0	0	0	0				20181108191331
1983	06/13/2005		2005	6	13	0	0	0	0				20181108191331
1984	06/13/2005		2005	6	13	0	0	0	0				20181108191331
1985	06/13/2005		2005	6	13	0	0	0	0				20181108191331
1986	06/13/2005		2005	6	13	0	0	0	0				20181108191331
1988	06/13/2005		2005	6	13	0	0	0	0				20181108191331
1989	06/13/2005		2005	6	13	0	0	0	0				20181108191331
1990	06/13/2005		2005	6	13	0	0	0	0				20181108191331
1991	06/13/2005		2005	6	13	0	0	0	0				20181108191331
1992	06/13/2005		2005	6	13	0	0	0	0				20181108191331
1993	06/13/2005		2005	6	13	0	0	0	0				20181108191331
1994	06/13/2005		2005	6	13	0	0	0	0				20181108191331
1995	06/13/2005		2005	6	13	0	0	0	0				20181108191331
1996	06/13/2005		2005	6	13	0	0	0	0				20181108191331
1997	06/13/2005		2005	6	13	0	0	0	0				20181108191331
1998	06/13/2005		2005	6	13	0	0	0	0				20181108191331
1999	06/13/2005		2005	6	13	0	0	0	0				20181108191331
