Line_ID	As_Short_Text_LTE_400	As_Long_Text_LTE_4000	As_Year	As_Month	As_Day	As_Hour	As_Minute	As_Second	As_Millisecond	As_Double	As_Long	As_Bool	YMD_hms_Key
1	05									5	5		20181108191336
2	05									5	5		20181108191336
3	01									1	1		20181108191336
5	05									5	5		20181108191336
7	05									5	5		20181108191336
8	01									1	1		20181108191336
9	01									1	1		20181108191336
10	05									5	5		20181108191336
11	05									5	5		20181108191336
12	05									5	5		20181108191336
13	05									5	5		20181108191336
14	05									5	5		20181108191336
16	05									5	5		20181108191336
17	05									5	5		20181108191336
18	05									5	5		20181108191336
19	01									1	1		20181108191336
23	01									1	1		20181108191336
24	05									5	5		20181108191336
25	05									5	5		20181108191336
27	05									5	5		20181108191336
28	05									5	5		20181108191336
29	01									1	1		20181108191336
30	05									5	5		20181108191336
34	05									5	5		20181108191336
35	05									5	5		20181108191336
36	05									5	5		20181108191336
37	05									5	5		20181108191336
38	01									1	1		20181108191336
39	05									5	5		20181108191336
40	05									5	5		20181108191336
41	01									1	1		20181108191336
42	01									1	1		20181108191336
43	05									5	5		20181108191336
45	01									1	1		20181108191336
47	05									5	5		20181108191336
48	05									5	5		20181108191336
50	01									1	1		20181108191336
51	05									5	5		20181108191336
52	05									5	5		20181108191336
53	05									5	5		20181108191336
54	01									1	1		20181108191336
55	05									5	5		20181108191336
57	05									5	5		20181108191336
59	05									5	5		20181108191336
60	05									5	5		20181108191336
61	05									5	5		20181108191336
62	05									5	5		20181108191336
64	01									1	1		20181108191336
67	05									5	5		20181108191336
71	05									5	5		20181108191336
72	01									1	1		20181108191336
73	05									5	5		20181108191336
74	01									1	1		20181108191336
75	01									1	1		20181108191336
77	01									1	1		20181108191336
79	01									1	1		20181108191336
80	01									1	1		20181108191336
81	01									1	1		20181108191336
82	01									1	1		20181108191336
83	05									5	5		20181108191336
84	01									1	1		20181108191336
85	01									1	1		20181108191336
86	01									1	1		20181108191336
87	01									1	1		20181108191336
89	01									1	1		20181108191336
90	05									5	5		20181108191336
92	01									1	1		20181108191336
93	05									5	5		20181108191336
94	01									1	1		20181108191336
95	05									5	5		20181108191336
97	01									1	1		20181108191336
99	05									5	5		20181108191336
100	05									5	5		20181108191336
101	05									5	5		20181108191336
102	05									5	5		20181108191336
103	05									5	5		20181108191336
104	05									5	5		20181108191336
105	05									5	5		20181108191336
106	01									1	1		20181108191336
107	01									1	1		20181108191336
108	01									1	1		20181108191336
109	05									5	5		20181108191336
110	01									1	1		20181108191336
114	05									5	5		20181108191336
115	05									5	5		20181108191336
122	05									5	5		20181108191336
125	05									5	5		20181108191336
128	05									5	5		20181108191336
129	05									5	5		20181108191336
131	01									1	1		20181108191336
132	05									5	5		20181108191336
133	01									1	1		20181108191336
134	05									5	5		20181108191336
135	05									5	5		20181108191336
136	01									1	1		20181108191336
137	05									5	5		20181108191336
138	05									5	5		20181108191336
139	01									1	1		20181108191336
140	05									5	5		20181108191336
142	05									5	5		20181108191336
143	05									5	5		20181108191336
144	05									5	5		20181108191336
146	01									1	1		20181108191336
147	05									5	5		20181108191336
148	05									5	5		20181108191336
149	05									5	5		20181108191336
150	01									1	1		20181108191336
152	05									5	5		20181108191336
153	05									5	5		20181108191336
156	05									5	5		20181108191336
157	01									1	1		20181108191336
158	01									1	1		20181108191336
159	05									5	5		20181108191336
160	01									1	1		20181108191336
161	01									1	1		20181108191336
163	01									1	1		20181108191336
165	05									5	5		20181108191336
167	05									5	5		20181108191336
170	05									5	5		20181108191336
171	01									1	1		20181108191336
172	01									1	1		20181108191336
173	05									5	5		20181108191336
174	05									5	5		20181108191336
175	05									5	5		20181108191336
176	05									5	5		20181108191336
177	05									5	5		20181108191336
179	01									1	1		20181108191336
181	05									5	5		20181108191336
183	05									5	5		20181108191336
184	05									5	5		20181108191336
185	05									5	5		20181108191336
187	05									5	5		20181108191336
188	01									1	1		20181108191336
189	05									5	5		20181108191336
190	05									5	5		20181108191336
191	01									1	1		20181108191336
193	05									5	5		20181108191336
194	05									5	5		20181108191336
195	05									5	5		20181108191336
196	05									5	5		20181108191336
197	05									5	5		20181108191336
198	05									5	5		20181108191336
200	01									1	1		20181108191336
202	05									5	5		20181108191336
203	05									5	5		20181108191336
204	01									1	1		20181108191336
207	01									1	1		20181108191336
208	01									1	1		20181108191336
209	05									5	5		20181108191336
210	05									5	5		20181108191336
212	01									1	1		20181108191336
214	05									5	5		20181108191337
215	05									5	5		20181108191337
216	05									5	5		20181108191337
217	01									1	1		20181108191337
222	01									1	1		20181108191337
223	01									1	1		20181108191337
224	05									5	5		20181108191337
225	05									5	5		20181108191337
226	05									5	5		20181108191337
227	01									1	1		20181108191337
229	05									5	5		20181108191337
230	05									5	5		20181108191337
231	05									5	5		20181108191337
232	05									5	5		20181108191337
233	05									5	5		20181108191337
236	01									1	1		20181108191337
237	05									5	5		20181108191337
238	05									5	5		20181108191337
239	05									5	5		20181108191337
240	05									5	5		20181108191337
241	01									1	1		20181108191337
242	01									1	1		20181108191337
243	05									5	5		20181108191337
244	05									5	5		20181108191337
245	01									1	1		20181108191337
246	05									5	5		20181108191337
247	05									5	5		20181108191337
248	01									1	1		20181108191337
249	01									1	1		20181108191337
250	01									1	1		20181108191337
252	05									5	5		20181108191337
253	05									5	5		20181108191337
256	05									5	5		20181108191337
257	05									5	5		20181108191337
258	01									1	1		20181108191337
259	01									1	1		20181108191337
261	05									5	5		20181108191337
262	01									1	1		20181108191337
263	01									1	1		20181108191337
264	05									5	5		20181108191337
265	05									5	5		20181108191337
268	05									5	5		20181108191337
269	01									1	1		20181108191337
270	05									5	5		20181108191337
273	05									5	5		20181108191337
274	01									1	1		20181108191337
275	01									1	1		20181108191337
276	05									5	5		20181108191337
277	05									5	5		20181108191337
278	05									5	5		20181108191337
280	05									5	5		20181108191337
281	05									5	5		20181108191337
283	05									5	5		20181108191337
284	05									5	5		20181108191337
287	05									5	5		20181108191337
288	05									5	5		20181108191337
290	01									1	1		20181108191337
291	01									1	1		20181108191337
293	01									1	1		20181108191337
294	01									1	1		20181108191337
295	01									1	1		20181108191337
297	05									5	5		20181108191337
298	05									5	5		20181108191337
299	05									5	5		20181108191337
301	05									5	5		20181108191337
303	01									1	1		20181108191337
304	05									5	5		20181108191337
305	01									1	1		20181108191337
306	05									5	5		20181108191337
307	01									1	1		20181108191337
308	01									1	1		20181108191337
311	05									5	5		20181108191337
312	01									1	1		20181108191337
316	05									5	5		20181108191337
318	05									5	5		20181108191337
320	05									5	5		20181108191337
322	05									5	5		20181108191337
324	01									1	1		20181108191337
327	05									5	5		20181108191337
328	05									5	5		20181108191337
329	05									5	5		20181108191337
330	05									5	5		20181108191337
331	05									5	5		20181108191337
335	01									1	1		20181108191337
337	05									5	5		20181108191337
338	01									1	1		20181108191337
339	05									5	5		20181108191337
340	01									1	1		20181108191337
341	01									1	1		20181108191337
342	05									5	5		20181108191337
343	01									1	1		20181108191337
344	05									5	5		20181108191337
345	01									1	1		20181108191337
347	01									1	1		20181108191337
348	01									1	1		20181108191337
350	01									1	1		20181108191337
351	01									1	1		20181108191337
352	01									1	1		20181108191337
353	05									5	5		20181108191337
354	05									5	5		20181108191337
355	05									5	5		20181108191337
357	05									5	5		20181108191337
358	05									5	5		20181108191337
359	05									5	5		20181108191337
360	05									5	5		20181108191337
362	01									1	1		20181108191337
363	05									5	5		20181108191337
364	05									5	5		20181108191337
366	05									5	5		20181108191337
367	05									5	5		20181108191337
370	01									1	1		20181108191337
371	01									1	1		20181108191337
372	01									1	1		20181108191337
373	05									5	5		20181108191337
375	01									1	1		20181108191337
376	05									5	5		20181108191337
378	05									5	5		20181108191337
379	05									5	5		20181108191337
380	05									5	5		20181108191337
381	05									5	5		20181108191337
382	01									1	1		20181108191337
383	05									5	5		20181108191337
384	05									5	5		20181108191337
385	05									5	5		20181108191337
386	01									1	1		20181108191337
388	05									5	5		20181108191337
390	01									1	1		20181108191337
392	01									1	1		20181108191337
395	05									5	5		20181108191337
396	05									5	5		20181108191337
400	01									1	1		20181108191337
401	05									5	5		20181108191337
402	01									1	1		20181108191337
403	05									5	5		20181108191337
405	05									5	5		20181108191337
406	05									5	5		20181108191337
407	05									5	5		20181108191337
408	01									1	1		20181108191337
410	05									5	5		20181108191337
411	05									5	5		20181108191337
412	05									5	5		20181108191337
414	05									5	5		20181108191337
416	01									1	1		20181108191337
417	05									5	5		20181108191337
419	05									5	5		20181108191337
420	05									5	5		20181108191337
421	05									5	5		20181108191337
422	05									5	5		20181108191337
423	01									1	1		20181108191337
424	05									5	5		20181108191337
425	01									1	1		20181108191337
426	01									1	1		20181108191337
428	05									5	5		20181108191337
429	01									1	1		20181108191337
430	01									1	1		20181108191337
431	05									5	5		20181108191337
432	05									5	5		20181108191337
434	05									5	5		20181108191337
436	01									1	1		20181108191337
437	01									1	1		20181108191337
438	01									1	1		20181108191337
439	05									5	5		20181108191337
444	05									5	5		20181108191337
445	05									5	5		20181108191337
446	01									1	1		20181108191337
449	05									5	5		20181108191337
451	05									5	5		20181108191337
452	05									5	5		20181108191337
453	01									1	1		20181108191337
454	05									5	5		20181108191337
455	05									5	5		20181108191337
456	01									1	1		20181108191337
457	05									5	5		20181108191337
458	05									5	5		20181108191337
459	05									5	5		20181108191337
460	05									5	5		20181108191337
462	01									1	1		20181108191337
463	01									1	1		20181108191337
465	01									1	1		20181108191337
467	05									5	5		20181108191337
468	01									1	1		20181108191337
469	01									1	1		20181108191337
470	01									1	1		20181108191337
471	05									5	5		20181108191337
472	05									5	5		20181108191337
473	01									1	1		20181108191337
474	05									5	5		20181108191337
475	05									5	5		20181108191337
479	05									5	5		20181108191337
480	05									5	5		20181108191337
481	05									5	5		20181108191337
482	01									1	1		20181108191337
483	01									1	1		20181108191337
484	01									1	1		20181108191337
486	05									5	5		20181108191337
488	05									5	5		20181108191337
489	01									1	1		20181108191337
491	05									5	5		20181108191337
493	01									1	1		20181108191337
494	05									5	5		20181108191337
495	05									5	5		20181108191337
497	05									5	5		20181108191337
500	05									5	5		20181108191337
502	01									1	1		20181108191337
504	01									1	1		20181108191337
506	01									1	1		20181108191337
507	01									1	1		20181108191337
510	01									1	1		20181108191337
511	01									1	1		20181108191337
512	01									1	1		20181108191337
514	05									5	5		20181108191337
515	05									5	5		20181108191337
517	01									1	1		20181108191337
518	01									1	1		20181108191337
519	05									5	5		20181108191337
520	01									1	1		20181108191337
522	01									1	1		20181108191337
523	05									5	5		20181108191337
524	05									5	5		20181108191337
525	01									1	1		20181108191337
526	05									5	5		20181108191337
529	01									1	1		20181108191337
531	05									5	5		20181108191337
532	01									1	1		20181108191337
535	05									5	5		20181108191337
538	05									5	5		20181108191337
540	05									5	5		20181108191337
541	01									1	1		20181108191337
542	05									5	5		20181108191337
543	05									5	5		20181108191337
547	01									1	1		20181108191337
549	01									1	1		20181108191337
550	05									5	5		20181108191337
552	05									5	5		20181108191337
555	05									5	5		20181108191337
556	05									5	5		20181108191337
557	05									5	5		20181108191337
559	05									5	5		20181108191337
560	05									5	5		20181108191337
563	05									5	5		20181108191337
564	05									5	5		20181108191337
568	01									1	1		20181108191337
570	05									5	5		20181108191337
571	05									5	5		20181108191337
572	01									1	1		20181108191337
573	05									5	5		20181108191337
574	05									5	5		20181108191337
575	05									5	5		20181108191337
577	05									5	5		20181108191337
580	05									5	5		20181108191337
581	05									5	5		20181108191338
582	01									1	1		20181108191338
584	05									5	5		20181108191338
585	05									5	5		20181108191338
588	01									1	1		20181108191338
591	01									1	1		20181108191338
592	05									5	5		20181108191338
593	05									5	5		20181108191338
594	01									1	1		20181108191338
595	01									1	1		20181108191338
599	01									1	1		20181108191338
602	05									5	5		20181108191338
603	05									5	5		20181108191338
604	05									5	5		20181108191338
609	01									1	1		20181108191338
610	05									5	5		20181108191338
611	01									1	1		20181108191338
612	05									5	5		20181108191338
613	05									5	5		20181108191338
616	05									5	5		20181108191338
617	01									1	1		20181108191338
618	01									1	1		20181108191338
619	05									5	5		20181108191338
622	05									5	5		20181108191338
623	01									1	1		20181108191338
624	01									1	1		20181108191338
625	05									5	5		20181108191338
626	05									5	5		20181108191338
627	05									5	5		20181108191338
628	05									5	5		20181108191338
629	05									5	5		20181108191338
630	05									5	5		20181108191338
632	05									5	5		20181108191338
634	05									5	5		20181108191338
635	01									1	1		20181108191338
636	05									5	5		20181108191338
637	05									5	5		20181108191338
640	05									5	5		20181108191338
642	05									5	5		20181108191338
643	05									5	5		20181108191338
644	05									5	5		20181108191338
645	05									5	5		20181108191338
653	05									5	5		20181108191338
655	05									5	5		20181108191338
657	05									5	5		20181108191338
659	05									5	5		20181108191338
660	05									5	5		20181108191338
661	05									5	5		20181108191338
663	05									5	5		20181108191338
664	05									5	5		20181108191338
665	05									5	5		20181108191338
668	05									5	5		20181108191338
669	05									5	5		20181108191338
672	05									5	5		20181108191338
673	01									1	1		20181108191338
675	01									1	1		20181108191338
676	01									1	1		20181108191338
677	05									5	5		20181108191338
678	05									5	5		20181108191338
679	01									1	1		20181108191338
680	01									1	1		20181108191338
681	01									1	1		20181108191338
682	05									5	5		20181108191338
685	05									5	5		20181108191338
687	01									1	1		20181108191338
688	05									5	5		20181108191338
693	05									5	5		20181108191338
694	05									5	5		20181108191338
695	01									1	1		20181108191338
697	05									5	5		20181108191338
698	05									5	5		20181108191338
701	05									5	5		20181108191338
702	05									5	5		20181108191338
704	05									5	5		20181108191338
705	05									5	5		20181108191338
706	05									5	5		20181108191338
707	05									5	5		20181108191338
709	01									1	1		20181108191338
710	05									5	5		20181108191338
714	05									5	5		20181108191338
716	01									1	1		20181108191338
717	01									1	1		20181108191338
718	01									1	1		20181108191338
719	01									1	1		20181108191338
720	05									5	5		20181108191338
721	05									5	5		20181108191338
723	01									1	1		20181108191338
726	05									5	5		20181108191338
727	05									5	5		20181108191338
729	05									5	5		20181108191338
730	05									5	5		20181108191338
731	05									5	5		20181108191338
732	05									5	5		20181108191338
733	01									1	1		20181108191338
736	05									5	5		20181108191338
738	05									5	5		20181108191338
740	05									5	5		20181108191338
741	05									5	5		20181108191338
744	05									5	5		20181108191338
746	05									5	5		20181108191338
748	05									5	5		20181108191338
749	05									5	5		20181108191338
751	05									5	5		20181108191338
757	05									5	5		20181108191338
759	01									1	1		20181108191338
760	01									1	1		20181108191338
761	05									5	5		20181108191338
764	05									5	5		20181108191338
765	05									5	5		20181108191338
768	05									5	5		20181108191338
779	05									5	5		20181108191338
781	05									5	5		20181108191338
783	05									5	5		20181108191338
784	01									1	1		20181108191338
785	01									1	1		20181108191338
786	05									5	5		20181108191338
787	05									5	5		20181108191338
788	01									1	1		20181108191338
790	05									5	5		20181108191338
791	05									5	5		20181108191338
794	05									5	5		20181108191338
795	01									1	1		20181108191338
796	05									5	5		20181108191338
797	05									5	5		20181108191338
799	05									5	5		20181108191338
800	01									1	1		20181108191338
801	05									5	5		20181108191338
804	05									5	5		20181108191338
807	05									5	5		20181108191338
808	05									5	5		20181108191338
810	05									5	5		20181108191338
812	05									5	5		20181108191338
813	01									1	1		20181108191338
816	01									1	1		20181108191338
817	05									5	5		20181108191338
818	01									1	1		20181108191338
819	05									5	5		20181108191338
822	05									5	5		20181108191338
823	05									5	5		20181108191338
824	05									5	5		20181108191338
825	05									5	5		20181108191338
827	05									5	5		20181108191338
828	01									1	1		20181108191338
829	05									5	5		20181108191338
832	05									5	5		20181108191338
833	05									5	5		20181108191338
835	05									5	5		20181108191338
838	05									5	5		20181108191338
839	05									5	5		20181108191338
841	01									1	1		20181108191338
843	01									1	1		20181108191338
845	05									5	5		20181108191338
846	05									5	5		20181108191338
848	05									5	5		20181108191338
849	05									5	5		20181108191338
851	05									5	5		20181108191338
852	01									1	1		20181108191338
855	05									5	5		20181108191338
856	05									5	5		20181108191338
858	05									5	5		20181108191338
859	01									1	1		20181108191338
861	05									5	5		20181108191338
863	01									1	1		20181108191338
864	05									5	5		20181108191338
865	05									5	5		20181108191338
866	01									1	1		20181108191338
867	05									5	5		20181108191338
868	05									5	5		20181108191338
870	01									1	1		20181108191338
871	05									5	5		20181108191338
872	05									5	5		20181108191338
873	01									1	1		20181108191338
874	05									5	5		20181108191338
875	05									5	5		20181108191338
876	01									1	1		20181108191338
877	01									1	1		20181108191338
878	05									5	5		20181108191338
879	01									1	1		20181108191338
881	05									5	5		20181108191338
882	01									1	1		20181108191338
883	05									5	5		20181108191338
884	05									5	5		20181108191338
885	01									1	1		20181108191338
886	05									5	5		20181108191338
887	05									5	5		20181108191338
889	05									5	5		20181108191338
891	01									1	1		20181108191338
892	05									5	5		20181108191338
894	01									1	1		20181108191338
895	05									5	5		20181108191338
897	05									5	5		20181108191338
899	05									5	5		20181108191338
901	01									1	1		20181108191338
902	05									5	5		20181108191338
903	01									1	1		20181108191338
904	05									5	5		20181108191338
905	01									1	1		20181108191338
906	05									5	5		20181108191338
907	05									5	5		20181108191338
909	01									1	1		20181108191338
910	05									5	5		20181108191338
911	05									5	5		20181108191338
913	01									1	1		20181108191338
915	01									1	1		20181108191338
916	05									5	5		20181108191338
917	01									1	1		20181108191338
918	01									1	1		20181108191338
919	01									1	1		20181108191338
920	05									5	5		20181108191338
922	05									5	5		20181108191338
923	05									5	5		20181108191338
924	01									1	1		20181108191338
927	01									1	1		20181108191338
928	05									5	5		20181108191338
936	01									1	1		20181108191338
937	01									1	1		20181108191338
939	01									1	1		20181108191338
940	05									5	5		20181108191338
942	01									1	1		20181108191338
944	01									1	1		20181108191338
947	01									1	1		20181108191338
948	05									5	5		20181108191338
949	05									5	5		20181108191338
950	01									1	1		20181108191338
951	01									1	1		20181108191338
954	05									5	5		20181108191338
955	01									1	1		20181108191338
956	01									1	1		20181108191338
958	01									1	1		20181108191338
959	01									1	1		20181108191338
960	05									5	5		20181108191338
962	05									5	5		20181108191338
963	05									5	5		20181108191338
964	01									1	1		20181108191338
965	05									5	5		20181108191338
966	05									5	5		20181108191338
967	05									5	5		20181108191338
969	01									1	1		20181108191338
972	05									5	5		20181108191338
974	01									1	1		20181108191338
975	01									1	1		20181108191338
976	05									5	5		20181108191338
978	05									5	5		20181108191338
980	05									5	5		20181108191339
982	05									5	5		20181108191339
983	05									5	5		20181108191339
985	05									5	5		20181108191339
986	05									5	5		20181108191339
987	05									5	5		20181108191339
988	05									5	5		20181108191339
990	05									5	5		20181108191339
991	05									5	5		20181108191339
993	05									5	5		20181108191339
994	05									5	5		20181108191339
995	01									1	1		20181108191339
996	05									5	5		20181108191339
997	05									5	5		20181108191339
999	05									5	5		20181108191339
1002	05									5	5		20181108191339
1003	05									5	5		20181108191339
1005	05									5	5		20181108191339
1006	05									5	5		20181108191339
1008	05									5	5		20181108191339
1010	05									5	5		20181108191339
1011	05									5	5		20181108191339
1013	01									1	1		20181108191339
1015	01									1	1		20181108191339
1016	01									1	1		20181108191339
1018	05									5	5		20181108191339
1019	01									1	1		20181108191339
1022	01									1	1		20181108191339
1024	05									5	5		20181108191339
1025	05									5	5		20181108191339
1026	05									5	5		20181108191339
1027	05									5	5		20181108191339
1028	01									1	1		20181108191339
1029	05									5	5		20181108191339
1030	05									5	5		20181108191339
1032	05									5	5		20181108191339
1037	01									1	1		20181108191339
1038	01									1	1		20181108191339
1039	01									1	1		20181108191339
1041	05									5	5		20181108191339
1042	05									5	5		20181108191339
1043	05									5	5		20181108191339
1044	05									5	5		20181108191339
1045	05									5	5		20181108191339
1046	05									5	5		20181108191339
1048	05									5	5		20181108191339
1049	01									1	1		20181108191339
1050	05									5	5		20181108191339
1051	05									5	5		20181108191339
1052	05									5	5		20181108191339
1053	05									5	5		20181108191339
1054	05									5	5		20181108191339
1056	01									1	1		20181108191339
1057	05									5	5		20181108191339
1058	05									5	5		20181108191339
1059	05									5	5		20181108191339
1060	05									5	5		20181108191339
1061	05									5	5		20181108191339
1062	05									5	5		20181108191339
1063	01									1	1		20181108191339
1064	05									5	5		20181108191339
1065	05									5	5		20181108191339
1070	01									1	1		20181108191339
1072	05									5	5		20181108191339
1073	01									1	1		20181108191339
1075	01									1	1		20181108191339
1076	05									5	5		20181108191339
1078	05									5	5		20181108191339
1079	05									5	5		20181108191339
1080	05									5	5		20181108191339
1081	05									5	5		20181108191339
1082	01									1	1		20181108191339
1083	05									5	5		20181108191339
1084	05									5	5		20181108191339
1085	05									5	5		20181108191339
1086	05									5	5		20181108191339
1087	05									5	5		20181108191339
1088	01									1	1		20181108191339
1090	05									5	5		20181108191339
1095	05									5	5		20181108191339
1096	05									5	5		20181108191339
1097	05									5	5		20181108191339
1098	05									5	5		20181108191339
1099	05									5	5		20181108191339
1100	05									5	5		20181108191339
1102	05									5	5		20181108191339
1107	01									1	1		20181108191339
1108	05									5	5		20181108191339
1109	05									5	5		20181108191339
1110	01									1	1		20181108191339
1111	05									5	5		20181108191339
1112	01									1	1		20181108191339
1113	05									5	5		20181108191339
1114	05									5	5		20181108191339
1116	05									5	5		20181108191339
1117	05									5	5		20181108191339
1118	05									5	5		20181108191339
1120	05									5	5		20181108191339
1121	01									1	1		20181108191339
1123	05									5	5		20181108191339
1126	05									5	5		20181108191339
1129	05									5	5		20181108191339
1131	05									5	5		20181108191339
1134	01									1	1		20181108191339
1135	05									5	5		20181108191339
1136	05									5	5		20181108191339
1137	05									5	5		20181108191339
1138	05									5	5		20181108191339
1139	01									1	1		20181108191339
1140	05									5	5		20181108191339
1141	01									1	1		20181108191339
1142	05									5	5		20181108191339
1144	05									5	5		20181108191339
1147	01									1	1		20181108191339
1148	05									5	5		20181108191339
1149	05									5	5		20181108191339
1151	05									5	5		20181108191339
1153	01									1	1		20181108191339
1154	01									1	1		20181108191339
1159	05									5	5		20181108191339
1160	05									5	5		20181108191339
1161	01									1	1		20181108191339
1163	05									5	5		20181108191339
1164	05									5	5		20181108191339
1166	01									1	1		20181108191339
1167	01									1	1		20181108191339
1168	01									1	1		20181108191339
1170	05									5	5		20181108191339
1171	05									5	5		20181108191339
1173	01									1	1		20181108191339
1174	01									1	1		20181108191339
1177	01									1	1		20181108191339
1180	05									5	5		20181108191339
1182	01									1	1		20181108191339
1184	05									5	5		20181108191339
1185	05									5	5		20181108191339
1186	05									5	5		20181108191339
1187	05									5	5		20181108191339
1188	01									1	1		20181108191339
1189	01									1	1		20181108191339
1192	05									5	5		20181108191339
1194	05									5	5		20181108191339
1196	05									5	5		20181108191339
1197	05									5	5		20181108191339
1198	01									1	1		20181108191339
1199	01									1	1		20181108191339
1202	05									5	5		20181108191339
1203	05									5	5		20181108191339
1204	05									5	5		20181108191339
1206	05									5	5		20181108191339
1207	05									5	5		20181108191339
1208	05									5	5		20181108191339
1210	05									5	5		20181108191339
1211	01									1	1		20181108191339
1212	05									5	5		20181108191339
1213	05									5	5		20181108191339
1214	05									5	5		20181108191339
1216	01									1	1		20181108191339
1217	05									5	5		20181108191339
1218	05									5	5		20181108191339
1219	05									5	5		20181108191339
1220	05									5	5		20181108191339
1221	05									5	5		20181108191339
1222	05									5	5		20181108191339
1223	05									5	5		20181108191339
1224	05									5	5		20181108191339
1225	05									5	5		20181108191339
1226	05									5	5		20181108191339
1227	05									5	5		20181108191339
1230	05									5	5		20181108191339
1231	05									5	5		20181108191339
1234	05									5	5		20181108191339
1235	05									5	5		20181108191339
1237	05									5	5		20181108191339
1238	01									1	1		20181108191339
1239	05									5	5		20181108191339
1240	05									5	5		20181108191339
1241	05									5	5		20181108191339
1242	01									1	1		20181108191339
1243	05									5	5		20181108191339
1245	01									1	1		20181108191339
1247	05									5	5		20181108191339
1249	01									1	1		20181108191339
1251	05									5	5		20181108191339
1253	01									1	1		20181108191339
1254	05									5	5		20181108191339
1256	05									5	5		20181108191339
1257	05									5	5		20181108191339
1258	05									5	5		20181108191339
1259	05									5	5		20181108191339
1262	05									5	5		20181108191339
1264	01									1	1		20181108191339
1265	05									5	5		20181108191339
1266	05									5	5		20181108191339
1268	05									5	5		20181108191339
1269	01									1	1		20181108191339
1270	05									5	5		20181108191339
1271	05									5	5		20181108191339
1272	05									5	5		20181108191339
1273	01									1	1		20181108191339
1276	05									5	5		20181108191339
1277	01									1	1		20181108191339
1280	05									5	5		20181108191339
1281	01									1	1		20181108191339
1283	05									5	5		20181108191339
1287	05									5	5		20181108191339
1288	05									5	5		20181108191339
1289	01									1	1		20181108191339
1290	05									5	5		20181108191339
1291	05									5	5		20181108191339
1294	01									1	1		20181108191339
1296	05									5	5		20181108191339
1298	05									5	5		20181108191339
1303	05									5	5		20181108191339
1305	05									5	5		20181108191339
1307	05									5	5		20181108191339
1310	05									5	5		20181108191339
1312	01									1	1		20181108191339
1313	05									5	5		20181108191339
1316	01									1	1		20181108191339
1317	05									5	5		20181108191339
1318	05									5	5		20181108191339
1319	05									5	5		20181108191339
1321	05									5	5		20181108191339
1325	01									1	1		20181108191339
1326	01									1	1		20181108191339
1328	05									5	5		20181108191339
1329	01									1	1		20181108191339
1330	05									5	5		20181108191339
1333	05									5	5		20181108191339
1334	01									1	1		20181108191339
1335	01									1	1		20181108191339
1336	01									1	1		20181108191339
1338	01									1	1		20181108191339
1340	05									5	5		20181108191339
1341	05									5	5		20181108191339
1342	05									5	5		20181108191339
1345	05									5	5		20181108191339
1347	05									5	5		20181108191339
1348	01									1	1		20181108191339
1349	05									5	5		20181108191339
1350	01									1	1		20181108191339
1351	05									5	5		20181108191339
1352	05									5	5		20181108191339
1354	01									1	1		20181108191339
1355	01									1	1		20181108191339
1357	01									1	1		20181108191339
1358	05									5	5		20181108191339
1362	01									1	1		20181108191339
1363	05									5	5		20181108191339
1364	01									1	1		20181108191339
1365	05									5	5		20181108191339
1367	05									5	5		20181108191339
1370	05									5	5		20181108191339
1371	05									5	5		20181108191339
1372	05									5	5		20181108191339
1373	05									5	5		20181108191340
1374	05									5	5		20181108191340
1375	05									5	5		20181108191340
1376	05									5	5		20181108191340
1377	01									1	1		20181108191340
1378	05									5	5		20181108191340
1379	01									1	1		20181108191340
1383	05									5	5		20181108191340
1384	05									5	5		20181108191340
1385	01									1	1		20181108191340
1386	01									1	1		20181108191340
1388	05									5	5		20181108191340
1389	01									1	1		20181108191340
1390	01									1	1		20181108191340
1392	05									5	5		20181108191340
1393	05									5	5		20181108191340
1394	05									5	5		20181108191340
1397	05									5	5		20181108191340
1398	05									5	5		20181108191340
1399	05									5	5		20181108191340
1400	05									5	5		20181108191340
1401	01									1	1		20181108191340
1402	01									1	1		20181108191340
1403	01									1	1		20181108191340
1404	05									5	5		20181108191340
1405	05									5	5		20181108191340
1406	05									5	5		20181108191340
1407	05									5	5		20181108191340
1408	05									5	5		20181108191340
1409	01									1	1		20181108191340
1410	05									5	5		20181108191340
1411	05									5	5		20181108191340
1412	05									5	5		20181108191340
1413	01									1	1		20181108191340
1414	01									1	1		20181108191340
1415	01									1	1		20181108191340
1416	01									1	1		20181108191340
1418	01									1	1		20181108191340
1419	05									5	5		20181108191340
1423	05									5	5		20181108191340
1424	05									5	5		20181108191340
1428	05									5	5		20181108191340
1430	05									5	5		20181108191340
1431	05									5	5		20181108191340
1432	05									5	5		20181108191340
1433	01									1	1		20181108191340
1434	05									5	5		20181108191340
1435	01									1	1		20181108191340
1436	01									1	1		20181108191340
1437	05									5	5		20181108191340
1439	01									1	1		20181108191340
1440	05									5	5		20181108191340
1441	01									1	1		20181108191340
1442	05									5	5		20181108191340
1443	01									1	1		20181108191340
1444	01									1	1		20181108191340
1445	05									5	5		20181108191340
1446	01									1	1		20181108191340
1448	05									5	5		20181108191340
1449	05									5	5		20181108191340
1450	05									5	5		20181108191340
1452	05									5	5		20181108191340
1453	05									5	5		20181108191340
1454	01									1	1		20181108191340
1455	05									5	5		20181108191340
1457	01									1	1		20181108191340
1458	01									1	1		20181108191340
1459	05									5	5		20181108191340
1462	05									5	5		20181108191340
1463	01									1	1		20181108191340
1464	01									1	1		20181108191340
1465	05									5	5		20181108191340
1466	05									5	5		20181108191340
1467	05									5	5		20181108191340
1469	05									5	5		20181108191340
1470	05									5	5		20181108191340
1471	05									5	5		20181108191340
1472	05									5	5		20181108191340
1473	05									5	5		20181108191340
1474	01									1	1		20181108191340
1475	05									5	5		20181108191340
1476	05									5	5		20181108191340
1478	01									1	1		20181108191340
1479	01									1	1		20181108191340
1480	05									5	5		20181108191340
1481	05									5	5		20181108191340
1482	05									5	5		20181108191340
1483	01									1	1		20181108191340
1484	05									5	5		20181108191340
1486	01									1	1		20181108191340
1487	05									5	5		20181108191340
1490	01									1	1		20181108191340
1492	05									5	5		20181108191340
1493	05									5	5		20181108191340
1494	05									5	5		20181108191340
1495	05									5	5		20181108191340
1498	05									5	5		20181108191340
1500	01									1	1		20181108191340
1502	01									1	1		20181108191340
1503	05									5	5		20181108191340
1506	05									5	5		20181108191340
1507	01									1	1		20181108191340
1508	05									5	5		20181108191340
1509	05									5	5		20181108191340
1510	01									1	1		20181108191340
1511	05									5	5		20181108191340
1512	05									5	5		20181108191340
1513	05									5	5		20181108191340
1514	01									1	1		20181108191340
1515	01									1	1		20181108191340
1516	01									1	1		20181108191340
1519	05									5	5		20181108191340
1520	01									1	1		20181108191340
1521	05									5	5		20181108191340
1522	01									1	1		20181108191340
1523	05									5	5		20181108191340
1524	05									5	5		20181108191340
1527	01									1	1		20181108191340
1529	01									1	1		20181108191340
1530	05									5	5		20181108191340
1531	05									5	5		20181108191340
1533	05									5	5		20181108191340
1534	01									1	1		20181108191340
1535	01									1	1		20181108191340
1536	05									5	5		20181108191340
1537	05									5	5		20181108191340
1538	01									1	1		20181108191340
1539	05									5	5		20181108191340
1541	05									5	5		20181108191340
1542	05									5	5		20181108191340
1543	05									5	5		20181108191340
1544	05									5	5		20181108191340
1548	05									5	5		20181108191340
1550	05									5	5		20181108191340
1551	05									5	5		20181108191340
1552	01									1	1		20181108191340
1556	05									5	5		20181108191340
1557	05									5	5		20181108191340
1558	01									1	1		20181108191340
1559	01									1	1		20181108191340
1560	01									1	1		20181108191340
1562	05									5	5		20181108191340
1563	05									5	5		20181108191340
1565	05									5	5		20181108191340
1567	05									5	5		20181108191340
1568	05									5	5		20181108191340
1569	05									5	5		20181108191340
1570	05									5	5		20181108191340
1573	01									1	1		20181108191340
1574	01									1	1		20181108191340
1576	05									5	5		20181108191340
1577	01									1	1		20181108191340
1579	05									5	5		20181108191340
1580	05									5	5		20181108191340
1581	05									5	5		20181108191340
1582	05									5	5		20181108191340
1584	05									5	5		20181108191340
1585	01									1	1		20181108191340
1586	05									5	5		20181108191340
1587	05									5	5		20181108191340
1588	05									5	5		20181108191340
1589	01									1	1		20181108191340
1591	05									5	5		20181108191340
1595	05									5	5		20181108191340
1596	05									5	5		20181108191340
1598	05									5	5		20181108191340
1599	05									5	5		20181108191340
1600	05									5	5		20181108191340
1601	01									1	1		20181108191340
1605	05									5	5		20181108191340
1611	01									1	1		20181108191340
1612	01									1	1		20181108191340
1613	05									5	5		20181108191340
1615	05									5	5		20181108191340
1616	01									1	1		20181108191340
1618	05									5	5		20181108191340
1619	05									5	5		20181108191340
1620	01									1	1		20181108191340
1622	05									5	5		20181108191340
1623	05									5	5		20181108191340
1624	05									5	5		20181108191340
1625	01									1	1		20181108191340
1626	05									5	5		20181108191340
1627	05									5	5		20181108191340
1628	01									1	1		20181108191340
1629	05									5	5		20181108191340
1630	01									1	1		20181108191340
1632	05									5	5		20181108191340
1634	01									1	1		20181108191340
1636	05									5	5		20181108191340
1637	01									1	1		20181108191340
1638	01									1	1		20181108191340
1640	05									5	5		20181108191340
1641	05									5	5		20181108191340
1642	05									5	5		20181108191340
1643	05									5	5		20181108191340
1644	01									1	1		20181108191340
1645	05									5	5		20181108191340
1649	05									5	5		20181108191340
1652	01									1	1		20181108191340
1655	05									5	5		20181108191340
1656	01									1	1		20181108191340
1657	05									5	5		20181108191340
1658	05									5	5		20181108191340
1660	05									5	5		20181108191340
1661	05									5	5		20181108191340
1662	05									5	5		20181108191340
1663	05									5	5		20181108191340
1664	01									1	1		20181108191340
1665	05									5	5		20181108191340
1666	01									1	1		20181108191340
1670	01									1	1		20181108191340
1671	01									1	1		20181108191340
1672	05									5	5		20181108191340
1674	01									1	1		20181108191340
1675	01									1	1		20181108191340
1676	05									5	5		20181108191340
1677	01									1	1		20181108191340
1678	01									1	1		20181108191340
1679	01									1	1		20181108191340
1680	05									5	5		20181108191340
1681	05									5	5		20181108191340
1682	05									5	5		20181108191340
1685	01									1	1		20181108191340
1687	05									5	5		20181108191340
1688	05									5	5		20181108191340
1689	05									5	5		20181108191340
1690	05									5	5		20181108191340
1692	05									5	5		20181108191340
1693	05									5	5		20181108191340
1695	05									5	5		20181108191340
1697	05									5	5		20181108191340
1698	05									5	5		20181108191340
1699	05									5	5		20181108191340
1701	01									1	1		20181108191340
1702	01									1	1		20181108191340
1704	05									5	5		20181108191340
1706	05									5	5		20181108191340
1710	01									1	1		20181108191340
1711	05									5	5		20181108191340
1712	05									5	5		20181108191340
1714	05									5	5		20181108191340
1716	05									5	5		20181108191340
1717	05									5	5		20181108191340
1718	01									1	1		20181108191340
1719	05									5	5		20181108191340
1721	05									5	5		20181108191340
1722	05									5	5		20181108191340
1723	05									5	5		20181108191340
1725	05									5	5		20181108191340
1727	05									5	5		20181108191340
1729	05									5	5		20181108191340
1730	01									1	1		20181108191340
1731	01									1	1		20181108191340
1732	01									1	1		20181108191340
1733	01									1	1		20181108191340
1734	05									5	5		20181108191340
1735	05									5	5		20181108191340
1738	05									5	5		20181108191340
1741	05									5	5		20181108191340
1743	05									5	5		20181108191340
1744	05									5	5		20181108191340
1745	01									1	1		20181108191340
1746	01									1	1		20181108191340
1747	05									5	5		20181108191340
1749	05									5	5		20181108191341
1750	05									5	5		20181108191341
1751	01									1	1		20181108191341
1753	01									1	1		20181108191341
1756	01									1	1		20181108191341
1757	05									5	5		20181108191341
1758	05									5	5		20181108191341
1759	01									1	1		20181108191341
1761	05									5	5		20181108191341
1762	05									5	5		20181108191341
1763	01									1	1		20181108191341
1764	05									5	5		20181108191341
1765	05									5	5		20181108191341
1766	05									5	5		20181108191341
1767	05									5	5		20181108191341
1769	05									5	5		20181108191341
1770	05									5	5		20181108191341
1772	01									1	1		20181108191341
1774	05									5	5		20181108191341
1776	05									5	5		20181108191341
1777	05									5	5		20181108191341
1778	05									5	5		20181108191341
1779	05									5	5		20181108191341
1780	05									5	5		20181108191341
1783	05									5	5		20181108191341
1784	05									5	5		20181108191341
1785	01									1	1		20181108191341
1786	05									5	5		20181108191341
1788	05									5	5		20181108191341
1789	05									5	5		20181108191341
1790	05									5	5		20181108191341
1797	05									5	5		20181108191341
1798	05									5	5		20181108191341
1799	05									5	5		20181108191341
1800	01									1	1		20181108191341
1801	05									5	5		20181108191341
1804	01									1	1		20181108191341
1805	05									5	5		20181108191341
1806	05									5	5		20181108191341
1808	05									5	5		20181108191341
1809	01									1	1		20181108191341
1810	05									5	5		20181108191341
1812	01									1	1		20181108191341
1813	01									1	1		20181108191341
1814	05									5	5		20181108191341
1815	01									1	1		20181108191341
1818	05									5	5		20181108191341
1819	05									5	5		20181108191341
1821	01									1	1		20181108191341
1822	01									1	1		20181108191341
1823	01									1	1		20181108191341
1824	01									1	1		20181108191341
1825	05									5	5		20181108191341
1826	01									1	1		20181108191341
1827	05									5	5		20181108191341
1829	05									5	5		20181108191341
1830	05									5	5		20181108191341
1831	05									5	5		20181108191341
1833	05									5	5		20181108191341
1834	05									5	5		20181108191341
1836	05									5	5		20181108191341
1837	05									5	5		20181108191341
1838	01									1	1		20181108191341
1840	05									5	5		20181108191341
1841	05									5	5		20181108191341
1843	05									5	5		20181108191341
1844	05									5	5		20181108191341
1845	01									1	1		20181108191341
1846	05									5	5		20181108191341
1848	01									1	1		20181108191341
1850	05									5	5		20181108191341
1856	05									5	5		20181108191341
1857	01									1	1		20181108191341
1859	05									5	5		20181108191341
1862	01									1	1		20181108191341
1863	05									5	5		20181108191341
1866	05									5	5		20181108191341
1867	05									5	5		20181108191341
1868	05									5	5		20181108191341
1872	05									5	5		20181108191341
1873	01									1	1		20181108191341
1874	01									1	1		20181108191341
1875	01									1	1		20181108191341
1876	01									1	1		20181108191341
1877	05									5	5		20181108191341
1883	01									1	1		20181108191341
1884	01									1	1		20181108191341
1885	01									1	1		20181108191341
1886	01									1	1		20181108191341
1887	05									5	5		20181108191341
1888	05									5	5		20181108191341
1889	01									1	1		20181108191341
1891	05									5	5		20181108191341
1893	05									5	5		20181108191341
1894	05									5	5		20181108191341
1895	05									5	5		20181108191341
1896	01									1	1		20181108191341
1897	05									5	5		20181108191341
1898	05									5	5		20181108191341
1899	05									5	5		20181108191341
1900	01									1	1		20181108191341
1903	01									1	1		20181108191341
1906	05									5	5		20181108191341
1907	01									1	1		20181108191341
1910	05									5	5		20181108191341
1912	05									5	5		20181108191341
1914	01									1	1		20181108191341
1916	05									5	5		20181108191341
1920	05									5	5		20181108191341
1921	05									5	5		20181108191341
1923	05									5	5		20181108191341
1924	05									5	5		20181108191341
1925	05									5	5		20181108191341
1926	05									5	5		20181108191341
1935	01									1	1		20181108191341
1939	05									5	5		20181108191341
1940	05									5	5		20181108191341
1941	01									1	1		20181108191341
1942	05									5	5		20181108191341
1943	01									1	1		20181108191341
1945	05									5	5		20181108191341
1946	05									5	5		20181108191341
1947	05									5	5		20181108191341
1949	01									1	1		20181108191341
1954	05									5	5		20181108191341
1956	05									5	5		20181108191341
1957	05									5	5		20181108191341
1958	05									5	5		20181108191341
1959	01									1	1		20181108191341
1960	05									5	5		20181108191341
1963	01									1	1		20181108191341
1964	01									1	1		20181108191341
1968	05									5	5		20181108191341
1969	05									5	5		20181108191341
1970	05									5	5		20181108191341
1971	05									5	5		20181108191341
1972	01									1	1		20181108191341
1973	01									1	1		20181108191341
1974	01									1	1		20181108191341
1976	05									5	5		20181108191341
1978	05									5	5		20181108191341
1979	05									5	5		20181108191341
1981	05									5	5		20181108191341
1982	05									5	5		20181108191341
1983	05									5	5		20181108191341
1985	01									1	1		20181108191341
1986	05									5	5		20181108191341
1988	05									5	5		20181108191341
1989	05									5	5		20181108191341
1990	05									5	5		20181108191341
1991	05									5	5		20181108191341
1992	05									5	5		20181108191341
1994	05									5	5		20181108191341
1996	05									5	5		20181108191341
1998	05									5	5		20181108191341
1999	05									5	5		20181108191341
