Line_ID	As_Short_Text_LTE_400	As_Long_Text_LTE_4000	As_Year	As_Month	As_Day	As_Hour	As_Minute	As_Second	As_Millisecond	As_Double	As_Long	As_Bool	YMD_hms_Key
1	1									1	1		20181108192038
2	1									1	1		20181108192038
3	1									1	1		20181108192038
4	2									2	2		20181108192038
5	2									2	2		20181108192038
6	1									1	1		20181108192038
7	2									2	2		20181108192038
8	1									1	1		20181108192038
9	1									1	1		20181108192038
10	1									1	1		20181108192038
11	1									1	1		20181108192038
12	2									2	2		20181108192038
13	1									1	1		20181108192038
14	1									1	1		20181108192038
15	1									1	1		20181108192038
16	1									1	1		20181108192038
17	1									1	1		20181108192038
18	1									1	1		20181108192038
19	1									1	1		20181108192038
20	2									2	2		20181108192038
21	1									1	1		20181108192038
22	1									1	1		20181108192038
23	1									1	1		20181108192038
24	1									1	1		20181108192038
25	1									1	1		20181108192038
26	1									1	1		20181108192038
27	1									1	1		20181108192038
28	1									1	1		20181108192038
29	2									2	2		20181108192038
30	1									1	1		20181108192038
31	1									1	1		20181108192038
32	1									1	1		20181108192038
33	1									1	1		20181108192038
34	1									1	1		20181108192038
35	1									1	1		20181108192038
36	1									1	1		20181108192038
37	1									1	1		20181108192038
38	1									1	1		20181108192038
39	1									1	1		20181108192038
40	1									1	1		20181108192038
41	1									1	1		20181108192038
42	1									1	1		20181108192038
43	1									1	1		20181108192038
44	2									2	2		20181108192038
45	1									1	1		20181108192038
46	2									2	2		20181108192038
47	1									1	1		20181108192038
48	1									1	1		20181108192038
49	1									1	1		20181108192038
50	1									1	1		20181108192038
51	2									2	2		20181108192038
52	1									1	1		20181108192038
53	2									2	2		20181108192038
54	1									1	1		20181108192038
55	1									1	1		20181108192038
56	1									1	1		20181108192038
57	1									1	1		20181108192038
58	1									1	1		20181108192038
59	1									1	1		20181108192038
60	1									1	1		20181108192038
61	2									2	2		20181108192038
62	1									1	1		20181108192038
63	1									1	1		20181108192038
64	1									1	1		20181108192038
65	1									1	1		20181108192038
67	1									1	1		20181108192038
68	1									1	1		20181108192038
69	2									2	2		20181108192038
70	1									1	1		20181108192038
71	1									1	1		20181108192038
72	1									1	1		20181108192038
73	1									1	1		20181108192038
74	1									1	1		20181108192038
75	1									1	1		20181108192038
76	2									2	2		20181108192038
77	1									1	1		20181108192038
78	2									2	2		20181108192038
79	1									1	1		20181108192038
80	1									1	1		20181108192038
81	1									1	1		20181108192038
82	1									1	1		20181108192038
83	2									2	2		20181108192038
84	1									1	1		20181108192038
85	1									1	1		20181108192038
86	2									2	2		20181108192038
87	1									1	1		20181108192038
88	1									1	1		20181108192038
89	1									1	1		20181108192038
90	2									2	2		20181108192038
91	1									1	1		20181108192038
92	1									1	1		20181108192038
94	1									1	1		20181108192038
95	1									1	1		20181108192038
96	2									2	2		20181108192038
97	1									1	1		20181108192038
98	1									1	1		20181108192038
99	1									1	1		20181108192038
100	1									1	1		20181108192038
101	1									1	1		20181108192038
102	2									2	2		20181108192038
103	1									1	1		20181108192038
104	1									1	1		20181108192038
105	1									1	1		20181108192038
106	1									1	1		20181108192038
107	1									1	1		20181108192038
108	1									1	1		20181108192038
109	1									1	1		20181108192038
110	1									1	1		20181108192038
111	1									1	1		20181108192038
112	1									1	1		20181108192038
113	1									1	1		20181108192038
114	1									1	1		20181108192039
115	1									1	1		20181108192039
116	1									1	1		20181108192039
118	1									1	1		20181108192039
119	1									1	1		20181108192039
120	1									1	1		20181108192039
121	2									2	2		20181108192039
122	1									1	1		20181108192039
123	1									1	1		20181108192039
124	1									1	1		20181108192039
125	1									1	1		20181108192039
126	1									1	1		20181108192039
127	1									1	1		20181108192039
128	1									1	1		20181108192039
129	1									1	1		20181108192039
130	1									1	1		20181108192039
131	1									1	1		20181108192039
132	1									1	1		20181108192039
133	2									2	2		20181108192039
134	1									1	1		20181108192039
135	2									2	2		20181108192039
136	1									1	1		20181108192039
137	1									1	1		20181108192039
138	1									1	1		20181108192039
139	1									1	1		20181108192039
140	1									1	1		20181108192039
141	1									1	1		20181108192039
142	1									1	1		20181108192039
143	1									1	1		20181108192039
144	1									1	1		20181108192039
145	1									1	1		20181108192039
146	1									1	1		20181108192039
147	2									2	2		20181108192039
148	1									1	1		20181108192039
149	1									1	1		20181108192039
150	1									1	1		20181108192039
151	2									2	2		20181108192039
152	1									1	1		20181108192039
153	1									1	1		20181108192039
154	1									1	1		20181108192039
155	2									2	2		20181108192039
156	2									2	2		20181108192039
157	1									1	1		20181108192039
158	1									1	1		20181108192039
159	1									1	1		20181108192039
160	1									1	1		20181108192039
161	1									1	1		20181108192039
162	1									1	1		20181108192039
163	1									1	1		20181108192039
164	1									1	1		20181108192039
165	1									1	1		20181108192039
166	2									2	2		20181108192039
167	1									1	1		20181108192039
168	2									2	2		20181108192039
169	1									1	1		20181108192039
170	1									1	1		20181108192039
171	1									1	1		20181108192039
172	1									1	1		20181108192039
173	1									1	1		20181108192039
174	2									2	2		20181108192039
175	1									1	1		20181108192039
176	1									1	1		20181108192039
177	1									1	1		20181108192039
178	2									2	2		20181108192039
179	2									2	2		20181108192039
180	1									1	1		20181108192039
181	1									1	1		20181108192039
182	2									2	2		20181108192039
183	1									1	1		20181108192039
184	2									2	2		20181108192039
185	1									1	1		20181108192039
186	1									1	1		20181108192039
187	2									2	2		20181108192039
189	2									2	2		20181108192039
190	1									1	1		20181108192039
192	2									2	2		20181108192039
193	2									2	2		20181108192039
194	1									1	1		20181108192039
195	1									1	1		20181108192039
196	1									1	1		20181108192039
197	1									1	1		20181108192039
198	1									1	1		20181108192039
199	1									1	1		20181108192039
200	1									1	1		20181108192039
201	1									1	1		20181108192039
202	1									1	1		20181108192039
203	1									1	1		20181108192039
204	1									1	1		20181108192039
205	1									1	1		20181108192039
206	1									1	1		20181108192039
207	1									1	1		20181108192039
208	2									2	2		20181108192039
209	2									2	2		20181108192039
210	1									1	1		20181108192039
211	1									1	1		20181108192039
212	2									2	2		20181108192039
213	1									1	1		20181108192039
214	1									1	1		20181108192039
215	1									1	1		20181108192039
216	1									1	1		20181108192039
217	1									1	1		20181108192039
218	1									1	1		20181108192039
219	1									1	1		20181108192039
220	1									1	1		20181108192039
221	1									1	1		20181108192039
222	1									1	1		20181108192039
223	1									1	1		20181108192039
224	1									1	1		20181108192039
225	2									2	2		20181108192039
226	1									1	1		20181108192039
227	1									1	1		20181108192039
228	1									1	1		20181108192039
229	2									2	2		20181108192039
230	2									2	2		20181108192039
231	1									1	1		20181108192039
232	1									1	1		20181108192039
233	1									1	1		20181108192039
234	2									2	2		20181108192039
235	1									1	1		20181108192039
236	2									2	2		20181108192039
237	1									1	1		20181108192039
238	2									2	2		20181108192039
239	1									1	1		20181108192039
240	1									1	1		20181108192039
241	1									1	1		20181108192039
242	1									1	1		20181108192039
243	1									1	1		20181108192039
244	1									1	1		20181108192039
245	1									1	1		20181108192039
246	1									1	1		20181108192039
247	1									1	1		20181108192039
248	1									1	1		20181108192039
249	1									1	1		20181108192039
250	1									1	1		20181108192039
251	1									1	1		20181108192039
252	2									2	2		20181108192039
253	1									1	1		20181108192039
254	1									1	1		20181108192039
255	2									2	2		20181108192039
256	1									1	1		20181108192039
257	1									1	1		20181108192039
258	1									1	1		20181108192039
259	1									1	1		20181108192039
260	1									1	1		20181108192039
261	2									2	2		20181108192039
262	2									2	2		20181108192039
263	1									1	1		20181108192039
264	1									1	1		20181108192039
265	1									1	1		20181108192039
266	1									1	1		20181108192039
267	1									1	1		20181108192039
268	1									1	1		20181108192039
269	1									1	1		20181108192039
270	1									1	1		20181108192039
271	1									1	1		20181108192039
272	1									1	1		20181108192039
273	1									1	1		20181108192039
274	2									2	2		20181108192039
275	2									2	2		20181108192039
276	1									1	1		20181108192039
277	1									1	1		20181108192039
278	1									1	1		20181108192039
279	2									2	2		20181108192039
280	1									1	1		20181108192039
281	1									1	1		20181108192039
282	2									2	2		20181108192039
283	1									1	1		20181108192039
284	2									2	2		20181108192039
285	2									2	2		20181108192039
286	1									1	1		20181108192039
287	2									2	2		20181108192039
288	1									1	1		20181108192039
289	1									1	1		20181108192039
290	1									1	1		20181108192039
291	2									2	2		20181108192039
292	1									1	1		20181108192039
293	2									2	2		20181108192039
294	1									1	1		20181108192039
296	2									2	2		20181108192039
297	1									1	1		20181108192039
298	1									1	1		20181108192039
299	1									1	1		20181108192039
300	2									2	2		20181108192039
301	1									1	1		20181108192039
302	2									2	2		20181108192039
303	1									1	1		20181108192039
304	1									1	1		20181108192039
305	1									1	1		20181108192039
306	1									1	1		20181108192039
307	2									2	2		20181108192039
308	1									1	1		20181108192039
309	1									1	1		20181108192039
310	1									1	1		20181108192039
311	2									2	2		20181108192039
312	2									2	2		20181108192039
313	1									1	1		20181108192039
315	1									1	1		20181108192039
316	1									1	1		20181108192039
317	1									1	1		20181108192039
318	2									2	2		20181108192039
319	1									1	1		20181108192039
320	1									1	1		20181108192039
321	2									2	2		20181108192039
322	1									1	1		20181108192039
323	1									1	1		20181108192039
324	2									2	2		20181108192039
325	1									1	1		20181108192039
326	2									2	2		20181108192039
327	1									1	1		20181108192039
328	2									2	2		20181108192039
329	1									1	1		20181108192039
330	2									2	2		20181108192039
331	1									1	1		20181108192039
332	1									1	1		20181108192039
333	2									2	2		20181108192039
334	1									1	1		20181108192039
335	1									1	1		20181108192039
336	1									1	1		20181108192039
337	1									1	1		20181108192039
338	1									1	1		20181108192039
339	1									1	1		20181108192039
340	1									1	1		20181108192039
341	1									1	1		20181108192039
342	1									1	1		20181108192039
343	1									1	1		20181108192039
344	1									1	1		20181108192039
345	2									2	2		20181108192039
346	2									2	2		20181108192039
347	1									1	1		20181108192039
349	1									1	1		20181108192039
350	2									2	2		20181108192039
351	1									1	1		20181108192039
352	1									1	1		20181108192039
353	1									1	1		20181108192039
354	1									1	1		20181108192039
355	1									1	1		20181108192039
356	1									1	1		20181108192039
357	1									1	1		20181108192039
358	1									1	1		20181108192039
359	2									2	2		20181108192039
360	1									1	1		20181108192039
361	2									2	2		20181108192039
362	1									1	1		20181108192039
363	1									1	1		20181108192039
364	1									1	1		20181108192039
365	1									1	1		20181108192039
366	1									1	1		20181108192039
367	1									1	1		20181108192039
368	1									1	1		20181108192039
369	1									1	1		20181108192039
370	1									1	1		20181108192039
371	1									1	1		20181108192039
372	1									1	1		20181108192039
373	2									2	2		20181108192039
374	2									2	2		20181108192039
375	1									1	1		20181108192039
376	1									1	1		20181108192039
377	1									1	1		20181108192039
378	1									1	1		20181108192039
379	1									1	1		20181108192039
380	1									1	1		20181108192039
381	1									1	1		20181108192039
382	1									1	1		20181108192039
383	1									1	1		20181108192039
384	1									1	1		20181108192039
385	1									1	1		20181108192039
387	1									1	1		20181108192039
388	1									1	1		20181108192039
389	1									1	1		20181108192039
390	1									1	1		20181108192039
391	1									1	1		20181108192039
392	1									1	1		20181108192039
393	1									1	1		20181108192039
394	1									1	1		20181108192039
395	1									1	1		20181108192039
396	1									1	1		20181108192039
397	1									1	1		20181108192039
398	1									1	1		20181108192039
399	1									1	1		20181108192039
400	2									2	2		20181108192039
401	1									1	1		20181108192039
402	1									1	1		20181108192039
403	2									2	2		20181108192039
404	1									1	1		20181108192039
405	2									2	2		20181108192039
406	2									2	2		20181108192039
407	2									2	2		20181108192039
408	1									1	1		20181108192039
409	1									1	1		20181108192039
410	1									1	1		20181108192039
411	1									1	1		20181108192039
412	1									1	1		20181108192039
413	1									1	1		20181108192039
414	1									1	1		20181108192039
415	1									1	1		20181108192039
416	1									1	1		20181108192039
417	1									1	1		20181108192039
418	2									2	2		20181108192039
419	1									1	1		20181108192039
420	1									1	1		20181108192039
421	1									1	1		20181108192039
422	1									1	1		20181108192039
423	1									1	1		20181108192039
424	1									1	1		20181108192039
425	1									1	1		20181108192039
426	1									1	1		20181108192039
427	1									1	1		20181108192039
428	1									1	1		20181108192039
429	1									1	1		20181108192039
430	1									1	1		20181108192039
431	1									1	1		20181108192039
432	1									1	1		20181108192039
433	1									1	1		20181108192039
434	1									1	1		20181108192039
435	1									1	1		20181108192039
436	1									1	1		20181108192039
437	1									1	1		20181108192039
438	1									1	1		20181108192039
439	1									1	1		20181108192039
441	1									1	1		20181108192039
442	1									1	1		20181108192039
443	1									1	1		20181108192039
444	1									1	1		20181108192039
445	1									1	1		20181108192039
446	1									1	1		20181108192039
447	1									1	1		20181108192039
448	2									2	2		20181108192039
449	2									2	2		20181108192039
450	1									1	1		20181108192039
451	1									1	1		20181108192039
452	1									1	1		20181108192039
453	1									1	1		20181108192039
454	2									2	2		20181108192039
455	1									1	1		20181108192039
456	1									1	1		20181108192039
457	1									1	1		20181108192039
458	1									1	1		20181108192039
459	2									2	2		20181108192039
460	1									1	1		20181108192039
461	1									1	1		20181108192039
462	2									2	2		20181108192039
463	1									1	1		20181108192039
464	1									1	1		20181108192039
465	1									1	1		20181108192039
466	1									1	1		20181108192039
467	1									1	1		20181108192039
468	1									1	1		20181108192039
469	1									1	1		20181108192039
470	1									1	1		20181108192039
471	1									1	1		20181108192039
472	1									1	1		20181108192039
473	1									1	1		20181108192039
474	1									1	1		20181108192039
476	1									1	1		20181108192039
477	1									1	1		20181108192039
478	1									1	1		20181108192039
479	1									1	1		20181108192039
480	2									2	2		20181108192039
481	1									1	1		20181108192039
482	1									1	1		20181108192039
484	1									1	1		20181108192039
485	1									1	1		20181108192039
486	1									1	1		20181108192039
487	1									1	1		20181108192039
488	2									2	2		20181108192039
489	2									2	2		20181108192039
491	2									2	2		20181108192039
492	1									1	1		20181108192039
493	1									1	1		20181108192039
494	2									2	2		20181108192039
495	1									1	1		20181108192039
496	1									1	1		20181108192039
497	1									1	1		20181108192039
498	1									1	1		20181108192039
499	1									1	1		20181108192039
501	1									1	1		20181108192039
502	1									1	1		20181108192039
503	1									1	1		20181108192039
504	1									1	1		20181108192039
505	1									1	1		20181108192039
506	1									1	1		20181108192039
507	1									1	1		20181108192040
508	2									2	2		20181108192040
509	1									1	1		20181108192040
510	1									1	1		20181108192040
511	1									1	1		20181108192040
512	1									1	1		20181108192040
513	1									1	1		20181108192040
514	1									1	1		20181108192040
515	2									2	2		20181108192040
516	1									1	1		20181108192040
517	1									1	1		20181108192040
518	1									1	1		20181108192040
519	1									1	1		20181108192040
520	1									1	1		20181108192040
521	1									1	1		20181108192040
522	1									1	1		20181108192040
523	1									1	1		20181108192040
524	1									1	1		20181108192040
525	2									2	2		20181108192040
526	1									1	1		20181108192040
527	1									1	1		20181108192040
528	1									1	1		20181108192040
529	1									1	1		20181108192040
530	1									1	1		20181108192040
531	1									1	1		20181108192040
532	1									1	1		20181108192040
533	1									1	1		20181108192040
534	1									1	1		20181108192040
535	1									1	1		20181108192040
536	1									1	1		20181108192040
537	1									1	1		20181108192040
538	1									1	1		20181108192040
539	1									1	1		20181108192040
540	1									1	1		20181108192040
541	1									1	1		20181108192040
542	1									1	1		20181108192040
543	1									1	1		20181108192040
544	1									1	1		20181108192040
545	1									1	1		20181108192040
546	1									1	1		20181108192040
547	1									1	1		20181108192040
548	1									1	1		20181108192040
549	1									1	1		20181108192040
550	1									1	1		20181108192040
551	1									1	1		20181108192040
552	1									1	1		20181108192040
553	1									1	1		20181108192040
554	1									1	1		20181108192040
555	1									1	1		20181108192040
556	1									1	1		20181108192040
557	1									1	1		20181108192040
558	1									1	1		20181108192040
559	1									1	1		20181108192040
560	1									1	1		20181108192040
561	1									1	1		20181108192040
562	1									1	1		20181108192040
563	2									2	2		20181108192040
564	2									2	2		20181108192040
565	1									1	1		20181108192040
566	1									1	1		20181108192040
567	1									1	1		20181108192040
568	1									1	1		20181108192040
569	1									1	1		20181108192040
570	1									1	1		20181108192040
571	2									2	2		20181108192040
572	2									2	2		20181108192040
573	1									1	1		20181108192040
574	1									1	1		20181108192040
575	1									1	1		20181108192040
576	1									1	1		20181108192040
577	1									1	1		20181108192040
578	1									1	1		20181108192040
579	2									2	2		20181108192040
580	1									1	1		20181108192040
581	1									1	1		20181108192040
582	1									1	1		20181108192040
583	1									1	1		20181108192040
584	2									2	2		20181108192040
585	1									1	1		20181108192040
587	1									1	1		20181108192040
588	1									1	1		20181108192040
589	2									2	2		20181108192040
590	1									1	1		20181108192040
591	1									1	1		20181108192040
592	1									1	1		20181108192040
593	1									1	1		20181108192040
595	2									2	2		20181108192040
596	1									1	1		20181108192040
597	1									1	1		20181108192040
598	1									1	1		20181108192040
599	2									2	2		20181108192040
600	1									1	1		20181108192040
601	1									1	1		20181108192040
602	1									1	1		20181108192040
603	1									1	1		20181108192040
604	1									1	1		20181108192040
605	2									2	2		20181108192040
606	1									1	1		20181108192040
607	1									1	1		20181108192040
608	2									2	2		20181108192040
609	1									1	1		20181108192040
610	1									1	1		20181108192040
611	1									1	1		20181108192040
612	1									1	1		20181108192040
613	1									1	1		20181108192040
614	2									2	2		20181108192040
615	1									1	1		20181108192040
617	1									1	1		20181108192040
618	1									1	1		20181108192040
619	1									1	1		20181108192040
620	1									1	1		20181108192040
621	1									1	1		20181108192040
622	1									1	1		20181108192040
623	1									1	1		20181108192040
624	1									1	1		20181108192040
625	1									1	1		20181108192040
626	1									1	1		20181108192040
627	1									1	1		20181108192040
628	1									1	1		20181108192040
629	2									2	2		20181108192040
630	1									1	1		20181108192040
631	2									2	2		20181108192040
632	2									2	2		20181108192040
633	1									1	1		20181108192040
634	1									1	1		20181108192040
635	1									1	1		20181108192040
636	1									1	1		20181108192040
637	1									1	1		20181108192040
638	1									1	1		20181108192040
639	1									1	1		20181108192040
640	1									1	1		20181108192040
641	1									1	1		20181108192040
642	1									1	1		20181108192040
643	2									2	2		20181108192040
644	1									1	1		20181108192040
645	1									1	1		20181108192040
646	1									1	1		20181108192040
647	1									1	1		20181108192040
648	1									1	1		20181108192040
649	1									1	1		20181108192040
650	1									1	1		20181108192040
651	1									1	1		20181108192040
652	1									1	1		20181108192040
653	1									1	1		20181108192040
654	1									1	1		20181108192040
655	1									1	1		20181108192040
656	2									2	2		20181108192040
657	1									1	1		20181108192040
658	2									2	2		20181108192040
659	2									2	2		20181108192040
660	1									1	1		20181108192040
662	1									1	1		20181108192040
664	1									1	1		20181108192040
665	1									1	1		20181108192040
666	1									1	1		20181108192040
667	1									1	1		20181108192040
668	1									1	1		20181108192040
669	1									1	1		20181108192040
670	2									2	2		20181108192040
671	1									1	1		20181108192040
672	1									1	1		20181108192040
673	2									2	2		20181108192040
674	2									2	2		20181108192040
675	1									1	1		20181108192040
676	2									2	2		20181108192040
677	1									1	1		20181108192040
678	1									1	1		20181108192040
679	2									2	2		20181108192040
680	1									1	1		20181108192040
681	1									1	1		20181108192040
682	2									2	2		20181108192040
683	1									1	1		20181108192040
684	1									1	1		20181108192040
685	1									1	1		20181108192040
686	1									1	1		20181108192040
687	2									2	2		20181108192040
688	1									1	1		20181108192040
689	1									1	1		20181108192040
690	1									1	1		20181108192040
691	1									1	1		20181108192040
692	1									1	1		20181108192040
693	1									1	1		20181108192040
694	2									2	2		20181108192040
695	1									1	1		20181108192040
696	1									1	1		20181108192040
697	1									1	1		20181108192040
698	1									1	1		20181108192040
699	2									2	2		20181108192040
700	2									2	2		20181108192040
701	1									1	1		20181108192040
702	2									2	2		20181108192040
703	1									1	1		20181108192040
704	1									1	1		20181108192040
705	1									1	1		20181108192040
706	1									1	1		20181108192040
707	1									1	1		20181108192040
708	1									1	1		20181108192040
709	1									1	1		20181108192040
710	1									1	1		20181108192040
711	1									1	1		20181108192040
712	1									1	1		20181108192040
713	1									1	1		20181108192040
714	2									2	2		20181108192040
715	1									1	1		20181108192040
716	2									2	2		20181108192040
717	1									1	1		20181108192040
718	1									1	1		20181108192040
719	1									1	1		20181108192040
720	1									1	1		20181108192040
721	1									1	1		20181108192040
722	1									1	1		20181108192040
723	1									1	1		20181108192040
724	1									1	1		20181108192040
725	1									1	1		20181108192040
726	1									1	1		20181108192040
727	1									1	1		20181108192040
728	1									1	1		20181108192040
729	1									1	1		20181108192040
730	1									1	1		20181108192040
731	1									1	1		20181108192040
732	1									1	1		20181108192040
733	2									2	2		20181108192040
734	1									1	1		20181108192040
735	1									1	1		20181108192040
736	1									1	1		20181108192040
737	1									1	1		20181108192040
738	1									1	1		20181108192040
739	1									1	1		20181108192040
740	1									1	1		20181108192040
741	1									1	1		20181108192040
742	1									1	1		20181108192040
743	2									2	2		20181108192040
744	1									1	1		20181108192040
745	1									1	1		20181108192040
746	1									1	1		20181108192040
747	1									1	1		20181108192040
748	1									1	1		20181108192040
749	1									1	1		20181108192040
750	1									1	1		20181108192040
751	1									1	1		20181108192040
752	1									1	1		20181108192040
753	1									1	1		20181108192040
754	1									1	1		20181108192040
755	1									1	1		20181108192040
756	2									2	2		20181108192040
757	2									2	2		20181108192040
758	2									2	2		20181108192040
759	1									1	1		20181108192040
760	1									1	1		20181108192040
761	2									2	2		20181108192040
762	1									1	1		20181108192040
763	1									1	1		20181108192040
764	1									1	1		20181108192040
765	1									1	1		20181108192040
766	1									1	1		20181108192040
767	1									1	1		20181108192040
769	1									1	1		20181108192040
770	2									2	2		20181108192040
771	2									2	2		20181108192040
772	1									1	1		20181108192040
773	1									1	1		20181108192040
774	1									1	1		20181108192040
775	1									1	1		20181108192040
776	1									1	1		20181108192040
777	1									1	1		20181108192040
778	1									1	1		20181108192040
779	1									1	1		20181108192040
780	1									1	1		20181108192040
781	2									2	2		20181108192040
782	1									1	1		20181108192040
784	1									1	1		20181108192040
785	1									1	1		20181108192040
786	1									1	1		20181108192040
787	1									1	1		20181108192040
788	1									1	1		20181108192040
789	1									1	1		20181108192040
790	1									1	1		20181108192040
791	1									1	1		20181108192040
792	1									1	1		20181108192040
793	1									1	1		20181108192040
794	1									1	1		20181108192040
795	2									2	2		20181108192040
796	1									1	1		20181108192040
797	1									1	1		20181108192040
798	1									1	1		20181108192040
799	1									1	1		20181108192040
800	2									2	2		20181108192040
802	1									1	1		20181108192040
803	1									1	1		20181108192040
804	1									1	1		20181108192040
805	1									1	1		20181108192040
806	1									1	1		20181108192040
807	1									1	1		20181108192040
808	1									1	1		20181108192040
809	1									1	1		20181108192040
810	1									1	1		20181108192040
811	2									2	2		20181108192040
812	1									1	1		20181108192040
813	1									1	1		20181108192040
814	1									1	1		20181108192040
815	1									1	1		20181108192040
816	1									1	1		20181108192040
818	1									1	1		20181108192040
819	1									1	1		20181108192040
820	1									1	1		20181108192040
821	1									1	1		20181108192040
822	1									1	1		20181108192040
823	1									1	1		20181108192040
824	1									1	1		20181108192040
825	1									1	1		20181108192040
826	1									1	1		20181108192040
827	1									1	1		20181108192040
828	1									1	1		20181108192040
829	2									2	2		20181108192040
830	2									2	2		20181108192040
831	2									2	2		20181108192040
832	1									1	1		20181108192040
833	1									1	1		20181108192040
834	1									1	1		20181108192040
836	2									2	2		20181108192040
837	1									1	1		20181108192040
838	1									1	1		20181108192040
839	2									2	2		20181108192040
840	1									1	1		20181108192040
841	1									1	1		20181108192040
842	1									1	1		20181108192040
843	1									1	1		20181108192040
844	1									1	1		20181108192040
845	1									1	1		20181108192040
846	1									1	1		20181108192040
847	1									1	1		20181108192040
848	1									1	1		20181108192040
849	2									2	2		20181108192040
850	1									1	1		20181108192040
851	1									1	1		20181108192040
852	2									2	2		20181108192040
853	1									1	1		20181108192040
854	1									1	1		20181108192040
855	1									1	1		20181108192040
856	1									1	1		20181108192040
857	1									1	1		20181108192040
858	1									1	1		20181108192040
859	1									1	1		20181108192040
860	2									2	2		20181108192040
861	1									1	1		20181108192040
862	1									1	1		20181108192040
863	1									1	1		20181108192040
864	1									1	1		20181108192040
865	1									1	1		20181108192040
866	1									1	1		20181108192040
867	1									1	1		20181108192040
869	2									2	2		20181108192040
870	1									1	1		20181108192040
871	1									1	1		20181108192040
872	2									2	2		20181108192040
873	1									1	1		20181108192040
874	1									1	1		20181108192040
875	1									1	1		20181108192040
876	2									2	2		20181108192040
877	1									1	1		20181108192040
878	1									1	1		20181108192040
879	2									2	2		20181108192040
880	1									1	1		20181108192040
881	1									1	1		20181108192040
882	1									1	1		20181108192040
883	1									1	1		20181108192040
884	1									1	1		20181108192040
885	1									1	1		20181108192040
886	1									1	1		20181108192040
887	1									1	1		20181108192040
888	1									1	1		20181108192040
889	1									1	1		20181108192040
890	1									1	1		20181108192040
891	1									1	1		20181108192040
892	1									1	1		20181108192040
893	1									1	1		20181108192040
894	1									1	1		20181108192040
895	1									1	1		20181108192040
896	1									1	1		20181108192040
897	1									1	1		20181108192040
898	1									1	1		20181108192040
899	1									1	1		20181108192040
900	2									2	2		20181108192040
901	1									1	1		20181108192040
902	1									1	1		20181108192040
903	1									1	1		20181108192040
904	1									1	1		20181108192040
905	1									1	1		20181108192040
906	1									1	1		20181108192041
907	1									1	1		20181108192041
908	1									1	1		20181108192041
909	1									1	1		20181108192041
910	1									1	1		20181108192041
911	1									1	1		20181108192041
912	1									1	1		20181108192041
913	1									1	1		20181108192041
914	1									1	1		20181108192041
915	1									1	1		20181108192041
916	1									1	1		20181108192041
917	1									1	1		20181108192041
918	1									1	1		20181108192041
919	1									1	1		20181108192041
920	1									1	1		20181108192041
921	1									1	1		20181108192041
922	1									1	1		20181108192041
923	1									1	1		20181108192041
924	1									1	1		20181108192041
925	1									1	1		20181108192041
926	1									1	1		20181108192041
927	1									1	1		20181108192041
928	1									1	1		20181108192041
929	2									2	2		20181108192041
930	1									1	1		20181108192041
931	1									1	1		20181108192041
932	1									1	1		20181108192041
933	1									1	1		20181108192041
934	2									2	2		20181108192041
935	1									1	1		20181108192041
936	1									1	1		20181108192041
938	1									1	1		20181108192041
940	2									2	2		20181108192041
941	1									1	1		20181108192041
942	1									1	1		20181108192041
943	1									1	1		20181108192041
944	1									1	1		20181108192041
945	2									2	2		20181108192041
946	1									1	1		20181108192041
947	1									1	1		20181108192041
948	1									1	1		20181108192041
949	1									1	1		20181108192041
950	1									1	1		20181108192041
951	2									2	2		20181108192041
952	1									1	1		20181108192041
954	1									1	1		20181108192041
955	2									2	2		20181108192041
956	1									1	1		20181108192041
957	1									1	1		20181108192041
958	1									1	1		20181108192041
960	1									1	1		20181108192041
961	1									1	1		20181108192041
962	1									1	1		20181108192041
963	1									1	1		20181108192041
964	1									1	1		20181108192041
965	1									1	1		20181108192041
966	1									1	1		20181108192041
967	1									1	1		20181108192041
968	1									1	1		20181108192041
969	2									2	2		20181108192041
970	1									1	1		20181108192041
971	2									2	2		20181108192041
972	1									1	1		20181108192041
973	1									1	1		20181108192041
974	2									2	2		20181108192041
975	1									1	1		20181108192041
976	1									1	1		20181108192041
977	1									1	1		20181108192041
978	2									2	2		20181108192041
979	2									2	2		20181108192041
980	1									1	1		20181108192041
981	1									1	1		20181108192041
982	2									2	2		20181108192041
983	1									1	1		20181108192041
984	1									1	1		20181108192041
985	2									2	2		20181108192041
986	2									2	2		20181108192041
987	1									1	1		20181108192041
988	1									1	1		20181108192041
989	2									2	2		20181108192041
991	1									1	1		20181108192041
992	2									2	2		20181108192041
993	1									1	1		20181108192041
994	1									1	1		20181108192041
995	1									1	1		20181108192041
996	1									1	1		20181108192041
997	1									1	1		20181108192041
998	1									1	1		20181108192041
999	1									1	1		20181108192041
1000	2									2	2		20181108192041
1001	1									1	1		20181108192041
1002	2									2	2		20181108192041
1003	2									2	2		20181108192041
1004	1									1	1		20181108192041
1005	1									1	1		20181108192041
1006	1									1	1		20181108192041
1007	1									1	1		20181108192041
1008	1									1	1		20181108192041
1009	1									1	1		20181108192041
1010	1									1	1		20181108192041
1011	1									1	1		20181108192041
1012	1									1	1		20181108192041
1013	1									1	1		20181108192041
1014	1									1	1		20181108192041
1015	1									1	1		20181108192041
1016	2									2	2		20181108192041
1017	1									1	1		20181108192041
1018	1									1	1		20181108192041
1019	1									1	1		20181108192041
1020	1									1	1		20181108192041
1021	1									1	1		20181108192041
1022	1									1	1		20181108192041
1023	1									1	1		20181108192041
1024	1									1	1		20181108192041
1025	1									1	1		20181108192041
1026	1									1	1		20181108192041
1027	1									1	1		20181108192041
1028	1									1	1		20181108192041
1029	1									1	1		20181108192041
1030	1									1	1		20181108192041
1031	1									1	1		20181108192041
1032	1									1	1		20181108192041
1033	1									1	1		20181108192041
1034	1									1	1		20181108192041
1035	1									1	1		20181108192041
1036	1									1	1		20181108192041
1037	1									1	1		20181108192041
1038	2									2	2		20181108192041
1039	1									1	1		20181108192041
1040	2									2	2		20181108192041
1041	1									1	1		20181108192041
1042	1									1	1		20181108192041
1043	1									1	1		20181108192041
1044	1									1	1		20181108192041
1045	1									1	1		20181108192041
1046	1									1	1		20181108192041
1047	1									1	1		20181108192041
1048	1									1	1		20181108192041
1049	1									1	1		20181108192041
1050	1									1	1		20181108192041
1051	1									1	1		20181108192041
1052	1									1	1		20181108192041
1053	2									2	2		20181108192041
1054	1									1	1		20181108192041
1055	1									1	1		20181108192041
1056	1									1	1		20181108192041
1059	1									1	1		20181108192041
1060	1									1	1		20181108192041
1061	1									1	1		20181108192041
1062	1									1	1		20181108192041
1063	1									1	1		20181108192041
1064	1									1	1		20181108192041
1065	1									1	1		20181108192041
1066	1									1	1		20181108192041
1067	1									1	1		20181108192041
1068	1									1	1		20181108192041
1069	1									1	1		20181108192041
1070	2									2	2		20181108192041
1071	2									2	2		20181108192041
1072	1									1	1		20181108192041
1073	1									1	1		20181108192041
1074	1									1	1		20181108192041
1075	1									1	1		20181108192041
1076	2									2	2		20181108192041
1077	1									1	1		20181108192041
1078	1									1	1		20181108192041
1079	2									2	2		20181108192041
1080	2									2	2		20181108192041
1081	1									1	1		20181108192041
1082	1									1	1		20181108192041
1083	2									2	2		20181108192041
1084	2									2	2		20181108192041
1085	1									1	1		20181108192041
1086	1									1	1		20181108192041
1087	1									1	1		20181108192041
1088	1									1	1		20181108192041
1089	2									2	2		20181108192041
1090	1									1	1		20181108192041
1091	1									1	1		20181108192041
1092	2									2	2		20181108192041
1093	1									1	1		20181108192041
1094	1									1	1		20181108192041
1095	2									2	2		20181108192041
1096	1									1	1		20181108192041
1097	1									1	1		20181108192041
1098	1									1	1		20181108192041
1099	1									1	1		20181108192041
1100	1									1	1		20181108192041
1101	2									2	2		20181108192041
1102	1									1	1		20181108192041
1103	1									1	1		20181108192041
1104	1									1	1		20181108192041
1105	1									1	1		20181108192041
1106	1									1	1		20181108192041
1107	2									2	2		20181108192041
1108	1									1	1		20181108192041
1109	1									1	1		20181108192041
1110	1									1	1		20181108192041
1111	1									1	1		20181108192041
1112	2									2	2		20181108192041
1113	1									1	1		20181108192041
1114	1									1	1		20181108192041
1115	1									1	1		20181108192041
1116	1									1	1		20181108192041
1117	1									1	1		20181108192041
1118	2									2	2		20181108192041
1119	1									1	1		20181108192041
1120	1									1	1		20181108192041
1121	2									2	2		20181108192041
1122	2									2	2		20181108192041
1123	1									1	1		20181108192041
1124	1									1	1		20181108192041
1125	2									2	2		20181108192041
1126	1									1	1		20181108192041
1127	1									1	1		20181108192041
1128	1									1	1		20181108192041
1129	1									1	1		20181108192041
1130	1									1	1		20181108192041
1134	1									1	1		20181108192041
1135	2									2	2		20181108192041
1136	2									2	2		20181108192041
1137	2									2	2		20181108192041
1138	1									1	1		20181108192041
1139	1									1	1		20181108192041
1140	1									1	1		20181108192041
1141	1									1	1		20181108192041
1142	1									1	1		20181108192041
1143	1									1	1		20181108192041
1144	1									1	1		20181108192041
1145	1									1	1		20181108192041
1146	1									1	1		20181108192041
1147	1									1	1		20181108192041
1148	1									1	1		20181108192041
1149	1									1	1		20181108192041
1150	1									1	1		20181108192041
1151	1									1	1		20181108192041
1152	1									1	1		20181108192041
1154	1									1	1		20181108192041
1155	2									2	2		20181108192041
1156	1									1	1		20181108192041
1158	1									1	1		20181108192041
1159	1									1	1		20181108192041
1160	1									1	1		20181108192041
1162	1									1	1		20181108192041
1163	1									1	1		20181108192041
1164	2									2	2		20181108192041
1165	1									1	1		20181108192041
1166	1									1	1		20181108192041
1167	2									2	2		20181108192041
1168	1									1	1		20181108192041
1169	1									1	1		20181108192041
1170	1									1	1		20181108192041
1171	2									2	2		20181108192041
1172	2									2	2		20181108192041
1173	2									2	2		20181108192041
1174	1									1	1		20181108192041
1175	1									1	1		20181108192041
1176	1									1	1		20181108192041
1177	1									1	1		20181108192041
1178	1									1	1		20181108192041
1179	1									1	1		20181108192041
1180	1									1	1		20181108192041
1181	1									1	1		20181108192041
1182	1									1	1		20181108192041
1183	1									1	1		20181108192041
1185	2									2	2		20181108192041
1186	1									1	1		20181108192041
1187	2									2	2		20181108192041
1188	1									1	1		20181108192041
1189	1									1	1		20181108192041
1190	2									2	2		20181108192041
1191	1									1	1		20181108192041
1192	1									1	1		20181108192041
1193	2									2	2		20181108192041
1194	1									1	1		20181108192041
1195	2									2	2		20181108192041
1196	2									2	2		20181108192041
1197	1									1	1		20181108192041
1198	1									1	1		20181108192041
1199	1									1	1		20181108192041
1200	1									1	1		20181108192041
1201	1									1	1		20181108192041
1202	2									2	2		20181108192041
1203	1									1	1		20181108192041
1204	1									1	1		20181108192041
1205	1									1	1		20181108192041
1206	1									1	1		20181108192041
1207	1									1	1		20181108192041
1208	1									1	1		20181108192041
1209	2									2	2		20181108192041
1210	1									1	1		20181108192041
1211	1									1	1		20181108192041
1212	2									2	2		20181108192041
1213	1									1	1		20181108192041
1214	1									1	1		20181108192041
1215	1									1	1		20181108192041
1216	1									1	1		20181108192041
1217	1									1	1		20181108192041
1218	1									1	1		20181108192041
1219	1									1	1		20181108192041
1220	2									2	2		20181108192041
1221	1									1	1		20181108192041
1222	1									1	1		20181108192041
1223	1									1	1		20181108192041
1224	1									1	1		20181108192041
1225	2									2	2		20181108192041
1226	1									1	1		20181108192041
1227	1									1	1		20181108192041
1229	1									1	1		20181108192041
1230	1									1	1		20181108192041
1231	1									1	1		20181108192041
1232	2									2	2		20181108192041
1233	1									1	1		20181108192041
1234	2									2	2		20181108192041
1235	1									1	1		20181108192041
1236	1									1	1		20181108192041
1237	1									1	1		20181108192041
1238	2									2	2		20181108192041
1239	1									1	1		20181108192041
1240	1									1	1		20181108192041
1241	1									1	1		20181108192041
1242	1									1	1		20181108192041
1243	1									1	1		20181108192041
1244	1									1	1		20181108192041
1245	1									1	1		20181108192041
1246	1									1	1		20181108192041
1247	1									1	1		20181108192041
1248	2									2	2		20181108192041
1249	1									1	1		20181108192041
1250	1									1	1		20181108192041
1251	1									1	1		20181108192041
1252	1									1	1		20181108192041
1253	1									1	1		20181108192041
1254	1									1	1		20181108192041
1255	1									1	1		20181108192041
1256	1									1	1		20181108192041
1257	2									2	2		20181108192041
1258	2									2	2		20181108192041
1259	1									1	1		20181108192041
1260	1									1	1		20181108192041
1261	1									1	1		20181108192041
1262	1									1	1		20181108192041
1263	2									2	2		20181108192041
1264	1									1	1		20181108192041
1265	1									1	1		20181108192041
1266	1									1	1		20181108192041
1267	1									1	1		20181108192041
1268	1									1	1		20181108192041
1269	1									1	1		20181108192041
1270	1									1	1		20181108192041
1271	1									1	1		20181108192041
1272	1									1	1		20181108192041
1273	1									1	1		20181108192041
1274	1									1	1		20181108192041
1275	1									1	1		20181108192041
1276	1									1	1		20181108192041
1277	1									1	1		20181108192041
1278	1									1	1		20181108192041
1279	1									1	1		20181108192041
1280	1									1	1		20181108192041
1282	1									1	1		20181108192041
1283	1									1	1		20181108192041
1284	1									1	1		20181108192041
1285	2									2	2		20181108192041
1286	1									1	1		20181108192041
1287	1									1	1		20181108192041
1288	1									1	1		20181108192041
1289	1									1	1		20181108192041
1290	1									1	1		20181108192041
1291	2									2	2		20181108192041
1292	1									1	1		20181108192041
1294	1									1	1		20181108192041
1295	1									1	1		20181108192041
1296	1									1	1		20181108192041
1298	1									1	1		20181108192041
1299	1									1	1		20181108192041
1300	1									1	1		20181108192041
1301	1									1	1		20181108192041
1302	1									1	1		20181108192041
1303	1									1	1		20181108192041
1304	1									1	1		20181108192041
1305	1									1	1		20181108192041
1306	1									1	1		20181108192041
1308	1									1	1		20181108192042
1309	1									1	1		20181108192042
1310	1									1	1		20181108192042
1311	1									1	1		20181108192042
1312	1									1	1		20181108192042
1313	1									1	1		20181108192042
1314	1									1	1		20181108192042
1315	1									1	1		20181108192042
1317	1									1	1		20181108192042
1318	2									2	2		20181108192042
1319	1									1	1		20181108192042
1320	1									1	1		20181108192042
1321	2									2	2		20181108192042
1323	2									2	2		20181108192042
1324	2									2	2		20181108192042
1325	1									1	1		20181108192042
1326	1									1	1		20181108192042
1327	1									1	1		20181108192042
1328	1									1	1		20181108192042
1329	1									1	1		20181108192042
1330	2									2	2		20181108192042
1331	1									1	1		20181108192042
1332	1									1	1		20181108192042
1333	2									2	2		20181108192042
1334	1									1	1		20181108192042
1335	1									1	1		20181108192042
1336	1									1	1		20181108192042
1337	1									1	1		20181108192042
1338	1									1	1		20181108192042
1339	1									1	1		20181108192042
1340	1									1	1		20181108192042
1341	1									1	1		20181108192042
1342	1									1	1		20181108192042
1343	2									2	2		20181108192042
1344	1									1	1		20181108192042
1345	1									1	1		20181108192042
1346	2									2	2		20181108192042
1347	2									2	2		20181108192042
1348	1									1	1		20181108192042
1349	2									2	2		20181108192042
1350	1									1	1		20181108192042
1351	1									1	1		20181108192042
1352	1									1	1		20181108192042
1353	1									1	1		20181108192042
1354	1									1	1		20181108192042
1355	2									2	2		20181108192042
1356	1									1	1		20181108192042
1357	2									2	2		20181108192042
1358	1									1	1		20181108192042
1359	1									1	1		20181108192042
1360	1									1	1		20181108192042
1361	1									1	1		20181108192042
1362	1									1	1		20181108192042
1363	1									1	1		20181108192042
1365	2									2	2		20181108192042
1366	1									1	1		20181108192042
1368	1									1	1		20181108192042
1369	1									1	1		20181108192042
1370	1									1	1		20181108192042
1371	2									2	2		20181108192042
1373	1									1	1		20181108192042
1374	1									1	1		20181108192042
1375	1									1	1		20181108192042
1376	2									2	2		20181108192042
1377	1									1	1		20181108192042
1378	1									1	1		20181108192042
1379	1									1	1		20181108192042
1380	2									2	2		20181108192042
1381	1									1	1		20181108192042
1382	1									1	1		20181108192042
1383	1									1	1		20181108192042
1385	1									1	1		20181108192042
1388	1									1	1		20181108192042
1389	1									1	1		20181108192042
1390	2									2	2		20181108192042
1391	2									2	2		20181108192042
1392	1									1	1		20181108192042
1393	1									1	1		20181108192042
1394	1									1	1		20181108192042
1395	1									1	1		20181108192042
1396	1									1	1		20181108192042
1397	1									1	1		20181108192042
1398	1									1	1		20181108192042
1399	1									1	1		20181108192042
1400	2									2	2		20181108192042
1401	1									1	1		20181108192042
1402	1									1	1		20181108192042
1403	1									1	1		20181108192042
1404	1									1	1		20181108192042
1405	2									2	2		20181108192042
1406	1									1	1		20181108192042
1407	1									1	1		20181108192042
1409	1									1	1		20181108192042
1410	1									1	1		20181108192042
1411	1									1	1		20181108192042
1412	2									2	2		20181108192042
1413	1									1	1		20181108192042
1414	1									1	1		20181108192042
1415	1									1	1		20181108192042
1416	1									1	1		20181108192042
1417	1									1	1		20181108192042
1418	1									1	1		20181108192042
1419	1									1	1		20181108192042
1420	1									1	1		20181108192042
1421	2									2	2		20181108192042
1422	1									1	1		20181108192042
1423	1									1	1		20181108192042
1424	2									2	2		20181108192042
1426	1									1	1		20181108192042
1427	1									1	1		20181108192042
1428	2									2	2		20181108192042
1429	1									1	1		20181108192042
1430	1									1	1		20181108192042
1431	1									1	1		20181108192042
1432	1									1	1		20181108192042
1433	1									1	1		20181108192042
1434	1									1	1		20181108192042
1435	1									1	1		20181108192042
1436	2									2	2		20181108192042
1437	2									2	2		20181108192042
1438	2									2	2		20181108192042
1439	1									1	1		20181108192042
1440	1									1	1		20181108192042
1441	1									1	1		20181108192042
1442	2									2	2		20181108192042
1444	1									1	1		20181108192042
1445	1									1	1		20181108192042
1446	1									1	1		20181108192042
1447	1									1	1		20181108192042
1448	1									1	1		20181108192042
1449	2									2	2		20181108192042
1450	1									1	1		20181108192042
1451	1									1	1		20181108192042
1452	1									1	1		20181108192042
1453	1									1	1		20181108192042
1454	1									1	1		20181108192042
1455	1									1	1		20181108192042
1456	1									1	1		20181108192042
1457	1									1	1		20181108192042
1458	1									1	1		20181108192042
1459	1									1	1		20181108192042
1460	1									1	1		20181108192042
1461	1									1	1		20181108192042
1462	1									1	1		20181108192042
1463	1									1	1		20181108192042
1464	2									2	2		20181108192042
1465	1									1	1		20181108192042
1466	1									1	1		20181108192042
1467	1									1	1		20181108192042
1468	1									1	1		20181108192042
1469	1									1	1		20181108192042
1470	2									2	2		20181108192042
1471	1									1	1		20181108192042
1472	1									1	1		20181108192042
1473	1									1	1		20181108192042
1474	1									1	1		20181108192042
1475	1									1	1		20181108192042
1476	2									2	2		20181108192042
1477	1									1	1		20181108192042
1478	1									1	1		20181108192042
1479	1									1	1		20181108192042
1480	1									1	1		20181108192042
1481	1									1	1		20181108192042
1482	1									1	1		20181108192042
1483	1									1	1		20181108192042
1484	1									1	1		20181108192042
1485	1									1	1		20181108192042
1486	1									1	1		20181108192042
1487	1									1	1		20181108192042
1488	1									1	1		20181108192042
1489	1									1	1		20181108192042
1490	1									1	1		20181108192042
1491	1									1	1		20181108192042
1492	1									1	1		20181108192042
1493	1									1	1		20181108192042
1494	1									1	1		20181108192042
1495	1									1	1		20181108192042
1496	1									1	1		20181108192042
1497	1									1	1		20181108192042
1498	1									1	1		20181108192042
1499	1									1	1		20181108192042
1500	1									1	1		20181108192042
1501	2									2	2		20181108192042
1502	1									1	1		20181108192042
1503	1									1	1		20181108192042
1504	1									1	1		20181108192042
1505	1									1	1		20181108192042
1506	1									1	1		20181108192042
1507	1									1	1		20181108192042
1508	1									1	1		20181108192042
1509	1									1	1		20181108192042
1510	1									1	1		20181108192042
1511	1									1	1		20181108192042
1512	1									1	1		20181108192042
1513	1									1	1		20181108192042
1514	1									1	1		20181108192042
1515	1									1	1		20181108192042
1516	1									1	1		20181108192042
1517	1									1	1		20181108192042
1518	1									1	1		20181108192042
1519	1									1	1		20181108192042
1520	1									1	1		20181108192042
1522	1									1	1		20181108192042
1523	1									1	1		20181108192042
1524	1									1	1		20181108192042
1525	1									1	1		20181108192042
1526	1									1	1		20181108192042
1527	1									1	1		20181108192042
1528	2									2	2		20181108192042
1529	1									1	1		20181108192042
1530	1									1	1		20181108192042
1531	1									1	1		20181108192042
1532	1									1	1		20181108192042
1533	1									1	1		20181108192042
1534	1									1	1		20181108192042
1535	1									1	1		20181108192042
1536	1									1	1		20181108192042
1537	1									1	1		20181108192042
1538	1									1	1		20181108192042
1539	1									1	1		20181108192042
1540	1									1	1		20181108192042
1541	1									1	1		20181108192042
1542	1									1	1		20181108192042
1543	2									2	2		20181108192042
1544	1									1	1		20181108192042
1545	1									1	1		20181108192042
1546	1									1	1		20181108192042
1547	1									1	1		20181108192042
1548	1									1	1		20181108192042
1549	1									1	1		20181108192042
1550	1									1	1		20181108192042
1551	1									1	1		20181108192042
1552	1									1	1		20181108192042
1553	2									2	2		20181108192042
1554	2									2	2		20181108192042
1555	2									2	2		20181108192042
1556	1									1	1		20181108192042
1557	1									1	1		20181108192042
1558	1									1	1		20181108192042
1560	1									1	1		20181108192042
1561	1									1	1		20181108192042
1562	1									1	1		20181108192042
1563	1									1	1		20181108192042
1564	1									1	1		20181108192042
1565	1									1	1		20181108192042
1566	1									1	1		20181108192042
1567	2									2	2		20181108192042
1568	1									1	1		20181108192042
1569	1									1	1		20181108192042
1571	1									1	1		20181108192042
1572	1									1	1		20181108192042
1573	2									2	2		20181108192042
1574	1									1	1		20181108192042
1575	1									1	1		20181108192042
1576	2									2	2		20181108192042
1577	1									1	1		20181108192042
1578	1									1	1		20181108192042
1579	1									1	1		20181108192042
1580	1									1	1		20181108192042
1581	1									1	1		20181108192042
1582	1									1	1		20181108192042
1583	1									1	1		20181108192042
1584	1									1	1		20181108192042
1585	1									1	1		20181108192042
1586	1									1	1		20181108192042
1587	2									2	2		20181108192042
1588	1									1	1		20181108192042
1589	1									1	1		20181108192042
1590	1									1	1		20181108192042
1591	1									1	1		20181108192042
1592	1									1	1		20181108192042
1593	1									1	1		20181108192042
1594	1									1	1		20181108192042
1595	1									1	1		20181108192042
1596	1									1	1		20181108192042
1597	1									1	1		20181108192042
1598	1									1	1		20181108192042
1599	1									1	1		20181108192042
1600	1									1	1		20181108192042
1601	1									1	1		20181108192042
1602	1									1	1		20181108192042
1603	1									1	1		20181108192042
1604	1									1	1		20181108192042
1605	1									1	1		20181108192042
1606	1									1	1		20181108192042
1607	1									1	1		20181108192042
1608	1									1	1		20181108192042
1609	1									1	1		20181108192042
1610	1									1	1		20181108192042
1611	1									1	1		20181108192042
1612	1									1	1		20181108192042
1613	1									1	1		20181108192042
1614	1									1	1		20181108192042
1615	1									1	1		20181108192042
1616	1									1	1		20181108192042
1617	1									1	1		20181108192042
1618	1									1	1		20181108192042
1619	1									1	1		20181108192042
1620	1									1	1		20181108192042
1621	1									1	1		20181108192042
1622	1									1	1		20181108192042
1624	1									1	1		20181108192042
1625	1									1	1		20181108192042
1626	1									1	1		20181108192042
1627	1									1	1		20181108192042
1628	1									1	1		20181108192042
1629	1									1	1		20181108192042
1630	1									1	1		20181108192042
1631	1									1	1		20181108192042
1632	1									1	1		20181108192042
1633	1									1	1		20181108192042
1634	1									1	1		20181108192042
1635	1									1	1		20181108192042
1636	1									1	1		20181108192042
1637	1									1	1		20181108192042
1638	1									1	1		20181108192042
1639	1									1	1		20181108192042
1640	2									2	2		20181108192042
1641	1									1	1		20181108192042
1642	1									1	1		20181108192042
1643	2									2	2		20181108192042
1644	1									1	1		20181108192042
1645	1									1	1		20181108192042
1646	1									1	1		20181108192042
1647	1									1	1		20181108192042
1648	1									1	1		20181108192042
1649	1									1	1		20181108192042
1650	1									1	1		20181108192042
1651	2									2	2		20181108192042
1652	1									1	1		20181108192042
1654	2									2	2		20181108192042
1655	1									1	1		20181108192042
1656	1									1	1		20181108192042
1657	1									1	1		20181108192042
1658	1									1	1		20181108192042
1659	2									2	2		20181108192042
1660	1									1	1		20181108192042
1661	1									1	1		20181108192042
1662	1									1	1		20181108192042
1663	1									1	1		20181108192042
1664	2									2	2		20181108192042
1665	2									2	2		20181108192042
1666	1									1	1		20181108192042
1667	1									1	1		20181108192042
1668	1									1	1		20181108192042
1669	1									1	1		20181108192042
1670	1									1	1		20181108192042
1671	1									1	1		20181108192042
1672	1									1	1		20181108192042
1673	1									1	1		20181108192042
1674	1									1	1		20181108192042
1675	2									2	2		20181108192042
1676	1									1	1		20181108192042
1677	1									1	1		20181108192042
1678	1									1	1		20181108192042
1679	1									1	1		20181108192042
1680	1									1	1		20181108192042
1681	1									1	1		20181108192042
1682	1									1	1		20181108192042
1683	1									1	1		20181108192042
1685	1									1	1		20181108192042
1686	1									1	1		20181108192042
1687	1									1	1		20181108192042
1688	1									1	1		20181108192042
1689	1									1	1		20181108192042
1690	1									1	1		20181108192042
1691	2									2	2		20181108192042
1692	1									1	1		20181108192042
1693	1									1	1		20181108192042
1694	1									1	1		20181108192042
1695	1									1	1		20181108192042
1696	1									1	1		20181108192042
1697	1									1	1		20181108192042
1699	1									1	1		20181108192042
1700	1									1	1		20181108192042
1701	1									1	1		20181108192042
1702	2									2	2		20181108192042
1703	1									1	1		20181108192042
1704	1									1	1		20181108192042
1705	1									1	1		20181108192042
1706	1									1	1		20181108192042
1707	1									1	1		20181108192043
1708	1									1	1		20181108192043
1709	1									1	1		20181108192043
1710	1									1	1		20181108192043
1712	2									2	2		20181108192043
1713	1									1	1		20181108192043
1714	1									1	1		20181108192043
1715	1									1	1		20181108192043
1717	2									2	2		20181108192043
1718	1									1	1		20181108192043
1719	1									1	1		20181108192043
1720	1									1	1		20181108192043
1721	1									1	1		20181108192043
1722	1									1	1		20181108192043
1723	1									1	1		20181108192043
1724	1									1	1		20181108192043
1725	1									1	1		20181108192043
1726	1									1	1		20181108192043
1727	1									1	1		20181108192043
1728	1									1	1		20181108192043
1729	1									1	1		20181108192043
1730	1									1	1		20181108192043
1731	2									2	2		20181108192043
1732	1									1	1		20181108192043
1733	1									1	1		20181108192043
1734	1									1	1		20181108192043
1735	1									1	1		20181108192043
1736	1									1	1		20181108192043
1737	2									2	2		20181108192043
1738	1									1	1		20181108192043
1739	1									1	1		20181108192043
1740	2									2	2		20181108192043
1742	2									2	2		20181108192043
1743	1									1	1		20181108192043
1744	1									1	1		20181108192043
1745	2									2	2		20181108192043
1746	1									1	1		20181108192043
1747	1									1	1		20181108192043
1748	2									2	2		20181108192043
1749	1									1	1		20181108192043
1750	1									1	1		20181108192043
1751	1									1	1		20181108192043
1752	1									1	1		20181108192043
1753	1									1	1		20181108192043
1754	1									1	1		20181108192043
1755	1									1	1		20181108192043
1756	1									1	1		20181108192043
1757	1									1	1		20181108192043
1758	1									1	1		20181108192043
1759	1									1	1		20181108192043
1760	1									1	1		20181108192043
1761	1									1	1		20181108192043
1762	1									1	1		20181108192043
1763	1									1	1		20181108192043
1764	2									2	2		20181108192043
1765	1									1	1		20181108192043
1766	1									1	1		20181108192043
1767	1									1	1		20181108192043
1768	1									1	1		20181108192043
1769	2									2	2		20181108192043
1770	1									1	1		20181108192043
1771	1									1	1		20181108192043
1772	1									1	1		20181108192043
1773	1									1	1		20181108192043
1774	1									1	1		20181108192043
1775	2									2	2		20181108192043
1776	1									1	1		20181108192043
1777	2									2	2		20181108192043
1779	1									1	1		20181108192043
1780	2									2	2		20181108192043
1781	2									2	2		20181108192043
1782	1									1	1		20181108192043
1783	2									2	2		20181108192043
1784	1									1	1		20181108192043
1786	1									1	1		20181108192043
1787	1									1	1		20181108192043
1788	1									1	1		20181108192043
1789	1									1	1		20181108192043
1790	1									1	1		20181108192043
1791	1									1	1		20181108192043
1792	2									2	2		20181108192043
1793	1									1	1		20181108192043
1794	1									1	1		20181108192043
1795	2									2	2		20181108192043
1796	2									2	2		20181108192043
1797	1									1	1		20181108192043
1798	1									1	1		20181108192043
1799	1									1	1		20181108192043
1800	1									1	1		20181108192043
1801	1									1	1		20181108192043
1802	1									1	1		20181108192043
1803	1									1	1		20181108192043
1804	2									2	2		20181108192043
1805	1									1	1		20181108192043
1806	1									1	1		20181108192043
1807	1									1	1		20181108192043
1808	1									1	1		20181108192043
1809	1									1	1		20181108192043
1810	1									1	1		20181108192043
1812	1									1	1		20181108192043
1813	1									1	1		20181108192043
1814	1									1	1		20181108192043
1815	2									2	2		20181108192043
1816	1									1	1		20181108192043
1817	2									2	2		20181108192043
1818	1									1	1		20181108192043
1819	1									1	1		20181108192043
1820	1									1	1		20181108192043
1821	1									1	1		20181108192043
1822	1									1	1		20181108192043
1823	1									1	1		20181108192043
1824	1									1	1		20181108192043
1825	1									1	1		20181108192043
1826	1									1	1		20181108192043
1827	1									1	1		20181108192043
1828	2									2	2		20181108192043
1829	1									1	1		20181108192043
1830	1									1	1		20181108192043
1831	1									1	1		20181108192043
1832	1									1	1		20181108192043
1833	1									1	1		20181108192043
1834	1									1	1		20181108192043
1835	1									1	1		20181108192043
1836	1									1	1		20181108192043
1837	1									1	1		20181108192043
1838	1									1	1		20181108192043
1839	1									1	1		20181108192043
1840	1									1	1		20181108192043
1841	1									1	1		20181108192043
1842	1									1	1		20181108192043
1843	1									1	1		20181108192043
1844	2									2	2		20181108192043
1845	1									1	1		20181108192043
1846	1									1	1		20181108192043
1848	1									1	1		20181108192043
1849	1									1	1		20181108192043
1851	1									1	1		20181108192043
1852	1									1	1		20181108192043
1853	1									1	1		20181108192043
1854	1									1	1		20181108192043
1855	1									1	1		20181108192043
1856	1									1	1		20181108192043
1857	1									1	1		20181108192043
1858	1									1	1		20181108192043
1859	1									1	1		20181108192043
1860	1									1	1		20181108192043
1861	1									1	1		20181108192043
1863	2									2	2		20181108192043
1864	1									1	1		20181108192043
1865	1									1	1		20181108192043
1866	2									2	2		20181108192043
1867	1									1	1		20181108192043
1868	1									1	1		20181108192043
1869	2									2	2		20181108192043
1870	1									1	1		20181108192043
1871	2									2	2		20181108192043
1872	1									1	1		20181108192043
1873	1									1	1		20181108192043
1874	1									1	1		20181108192043
1875	1									1	1		20181108192043
1876	2									2	2		20181108192043
1877	2									2	2		20181108192043
1878	1									1	1		20181108192043
1879	1									1	1		20181108192043
1880	1									1	1		20181108192043
1881	1									1	1		20181108192043
1883	1									1	1		20181108192043
1884	1									1	1		20181108192043
1885	1									1	1		20181108192043
1886	1									1	1		20181108192043
1887	1									1	1		20181108192043
1888	1									1	1		20181108192043
1889	1									1	1		20181108192043
1890	1									1	1		20181108192043
1891	2									2	2		20181108192043
1892	2									2	2		20181108192043
1893	1									1	1		20181108192043
1895	1									1	1		20181108192043
1896	1									1	1		20181108192043
1897	2									2	2		20181108192043
1898	2									2	2		20181108192043
1899	1									1	1		20181108192043
1900	1									1	1		20181108192043
1902	1									1	1		20181108192043
1903	1									1	1		20181108192043
1904	1									1	1		20181108192043
1905	1									1	1		20181108192043
1906	1									1	1		20181108192043
1907	1									1	1		20181108192043
1908	1									1	1		20181108192043
1909	1									1	1		20181108192043
1910	1									1	1		20181108192043
1911	1									1	1		20181108192043
1912	1									1	1		20181108192043
1913	1									1	1		20181108192043
1914	1									1	1		20181108192043
1915	1									1	1		20181108192043
1917	1									1	1		20181108192043
1918	1									1	1		20181108192043
1919	1									1	1		20181108192043
1920	2									2	2		20181108192043
1921	1									1	1		20181108192043
1922	1									1	1		20181108192043
1923	1									1	1		20181108192043
1924	1									1	1		20181108192043
1925	1									1	1		20181108192043
1926	1									1	1		20181108192043
1927	1									1	1		20181108192043
1928	1									1	1		20181108192043
1929	1									1	1		20181108192043
1930	1									1	1		20181108192043
1931	1									1	1		20181108192043
1932	1									1	1		20181108192043
1933	2									2	2		20181108192043
1934	1									1	1		20181108192043
1935	1									1	1		20181108192043
1936	1									1	1		20181108192043
1937	1									1	1		20181108192043
1938	1									1	1		20181108192043
1939	1									1	1		20181108192043
1940	1									1	1		20181108192043
1941	1									1	1		20181108192043
1942	1									1	1		20181108192043
1943	1									1	1		20181108192043
1944	1									1	1		20181108192043
1945	2									2	2		20181108192043
1946	1									1	1		20181108192043
1947	1									1	1		20181108192043
1948	1									1	1		20181108192043
1949	1									1	1		20181108192043
1950	1									1	1		20181108192043
1951	1									1	1		20181108192043
1952	1									1	1		20181108192043
1953	1									1	1		20181108192043
1954	2									2	2		20181108192043
1955	1									1	1		20181108192043
1956	1									1	1		20181108192043
1957	1									1	1		20181108192043
1958	2									2	2		20181108192043
1959	2									2	2		20181108192043
1960	1									1	1		20181108192043
1961	2									2	2		20181108192043
1962	2									2	2		20181108192043
1963	1									1	1		20181108192043
1964	1									1	1		20181108192043
1965	1									1	1		20181108192043
1966	1									1	1		20181108192043
1967	1									1	1		20181108192043
1968	1									1	1		20181108192043
1969	1									1	1		20181108192043
1970	1									1	1		20181108192043
1971	1									1	1		20181108192043
1972	1									1	1		20181108192043
1973	1									1	1		20181108192043
1974	1									1	1		20181108192043
1975	1									1	1		20181108192043
1976	1									1	1		20181108192043
1977	1									1	1		20181108192043
1978	2									2	2		20181108192043
1979	1									1	1		20181108192043
1980	2									2	2		20181108192043
1981	1									1	1		20181108192043
1982	1									1	1		20181108192043
1983	1									1	1		20181108192043
1984	1									1	1		20181108192043
1985	1									1	1		20181108192043
1986	1									1	1		20181108192043
1987	1									1	1		20181108192043
1988	1									1	1		20181108192043
1990	2									2	2		20181108192043
1991	1									1	1		20181108192043
1992	1									1	1		20181108192043
1993	1									1	1		20181108192043
1994	1									1	1		20181108192043
1995	1									1	1		20181108192043
1996	1									1	1		20181108192043
1997	2									2	2		20181108192043
1998	1									1	1		20181108192043
1999	2									2	2		20181108192043
