Line_ID	As_Short_Text_LTE_400	As_Long_Text_LTE_4000	As_Year	As_Month	As_Day	As_Hour	As_Minute	As_Second	As_Millisecond	As_Double	As_Long	As_Bool	YMD_hms_Key
1	9043881827									9043881827	9043881827		20181108191331
2	4059123579									4059123579	4059123579		20181108191331
3	3093472416									3093472416	3093472416		20181108191331
4	8607148001									8607148001	8607148001		20181108191331
5	2059394997									2059394997	2059394997		20181108191331
6	2395961413									2395961413	2395961413		20181108191331
8	9042853604									9042853604	9042853604		20181108191331
10	4232304859									4232304859	4232304859		20181108191331
11	2604368585									2604368585	2604368585		20181108191331
12	5618334180									5618334180	5618334180		20181108191331
14	9544376628									9544376628	9544376628		20181108191331
16	2257675494									2257675494	2257675494		20181108191331
17	3039265461									3039265461	3039265461		20181108191331
18	6153409533									6153409533	6153409533		20181108191331
19	5027620469									5027620469	5027620469		20181108191331
20	4239543054									4239543054	4239543054		20181108191331
21	8636073356									8636073356	8636073356		20181108191331
22	5152660615									5152660615	5152660615		20181108191331
24	2198368455									2198368455	2198368455		20181108191331
25	4808990681									4808990681	4808990681		20181108191331
26	7173949223									7173949223	7173949223		20181108191331
27	5036924450									5036924450	5036924450		20181108191331
28	3179245624									3179245624	3179245624		20181108191331
29	8018254039									8018254039	8018254039		20181108191331
30	7135832061									7135832061	7135832061		20181108191331
31	7277853537									7277853537	7277853537		20181108191331
32	9155331241									9155331241	9155331241		20181108191331
33	8164541734									8164541734	8164541734		20181108191331
34	7193896928									7193896928	7193896928		20181108191331
35	8607148439									8607148439	8607148439		20181108191331
37	6365615033									6365615033	6365615033		20181108191331
38	6022537066									6022537066	6022537066		20181108191331
39	8164787222									8164787222	8164787222		20181108191331
40	2157216505									2157216505	2157216505		20181108191331
41	8567517544									8567517544	8567517544		20181108191331
42	2819917617									2819917617	2819917617		20181108191331
44	9015953842									9015953842	9015953842		20181108191331
45	3144344419									3144344419	3144344419		20181108191331
47	4194833483									4194833483	4194833483		20181108191331
48	9376415003									9376415003	9376415003		20181108191331
49	4137335119									4137335119	4137335119		20181108191331
50	8655448435									8655448435	8655448435		20181108191331
51	9193823210									9193823210	9193823210		20181108191331
53	7405893123									7405893123	7405893123		20181108191331
54	4129670186									4129670186	4129670186		20181108191331
55	5852563823									5852563823	5852563823		20181108191331
56	5124166791									5124166791	5124166791		20181108191331
57	2563831870									2563831870	2563831870		20181108191331
58	9144932828									9144932828	9144932828		20181108191331
60	5618334180									5618334180	5618334180		20181108191331
62	5745370357									5745370357	5745370357		20181108191331
63	3212531720									3212531720	3212531720		20181108191331
64	9528930088									9528930088	9528930088		20181108191331
65	8057365355									8057365355	8057365355		20181108191331
66	5176299197									5176299197	5176299197		20181108191331
67	8432488802									8432488802	8432488802		20181108191331
69	7185440166									7185440166	7185440166		20181108191331
70	6152842595									6152842595	6152842595		20181108191331
71	5613680911									5613680911	5613680911		20181108191331
72	9043881827									9043881827	9043881827		20181108191331
73	9124898676									9124898676	9124898676		20181108191331
74	3867342262									3867342262	3867342262		20181108191331
75	7344595799									7344595799	7344595799		20181108191331
76	7347632064									7347632064	7347632064		20181108191331
77	5867552322									5867552322	5867552322		20181108191331
78	2083653589									2083653589	2083653589		20181108191331
79	8152269472									8152269472	8152269472		20181108191331
80	2397723076									2397723076	2397723076		20181108191331
81	9495154821									9495154821	9495154821		20181108191331
82	5632430817									5632430817	5632430817		20181108191331
84	9145937881									9145937881	9145937881		20181108191331
85	4132845559									4132845559	4132845559		20181108191331
86	9017573496									9017573496	9017573496		20181108191331
87	5184390214									5184390214	5184390214		20181108191331
89	8067954652									8067954652	8067954652		20181108191331
90	9012573423									9012573423	9012573423		20181108191331
91	4808891574									4808891574	4808891574		20181108191331
93	2527526600									2527526600	2527526600		20181108191331
94	8562992147									8562992147	8562992147		20181108191331
96	8033294118									8033294118	8033294118		20181108191331
97	9544376628									9544376628	9544376628		20181108191331
100	3346829151									3346829151	3346829151		20181108191331
101	3059329102									3059329102	3059329102		20181108191331
102	7878440085									7878440085	7878440085		20181108191331
103	9376533476									9376533476	9376533476		20181108191331
104	3016654576									3016654576	3016654576		20181108191331
105	8655448435									8655448435	8655448435		20181108191331
106	3863049673									3863049673	3863049673		20181108191331
107	3147414357									3147414357	3147414357		20181108191331
108	5167470166									5167470166	5167470166		20181108191331
109	5078472881									5078472881	5078472881		20181108191331
112	9015155890									9015155890	9015155890		20181108191331
113	9166778575									9166778575	9166778575		20181108191331
114	7603201805									7603201805	7603201805		20181108191331
115	5802424046									5802424046	5802424046		20181108191331
116	2034886899									2034886899	2034886899		20181108191331
117	3104149773									3104149773	3104149773		20181108191331
118	7144816427									7144816427	7144816427		20181108191331
120	4104865022									4104865022	4104865022		20181108191331
121	2023632608									2023632608	2023632608		20181108191331
123	7176322388									7176322388	7176322388		20181108191331
124	5802377913									5802377913	5802377913		20181108191331
125	9016839370									9016839370	9016839370		20181108191331
127	8472238218									8472238218	8472238218		20181108191331
130	4194253668									4194253668	4194253668		20181108191331
132	9373326857									9373326857	9373326857		20181108191331
133	5084777028									5084777028	5084777028		20181108191331
134	6153012329									6153012329	6153012329		20181108191331
135	3098296808									3098296808	3098296808		20181108191331
136	3106719883									3106719883	3106719883		20181108191331
137	7725694583									7725694583	7725694583		20181108191331
138	7323021724									7323021724	7323021724		20181108191331
140	3164625268									3164625268	3164625268		20181108191331
141	7702975010									7702975010	7702975010		20181108191331
142	9015953842									9015953842	9015953842		20181108191331
143	5188283845									5188283845	5188283845		20181108191331
144	9544376628									9544376628	9544376628		20181108191331
145	2708430779									2708430779	2708430779		20181108191331
146	7406896320									7406896320	7406896320		20181108191331
147	4437089320									4437089320	4437089320		20181108191331
149	4236645164									4236645164	4236645164		20181108191331
150	3176217791									3176217791	3176217791		20181108191331
152	8648850349									8648850349	8648850349		20181108191331
153	3862741508									3862741508	3862741508		20181108191331
154	5617409305									5617409305	5617409305		20181108191331
155	2036138886									2036138886	2036138886		20181108191331
156	7158324187									7158324187	7158324187		20181108191331
157	2199228784									2199228784	2199228784		20181108191331
159	6152842595									6152842595	6152842595		20181108191331
160	2708430779									2708430779	2708430779		20181108191331
161	9544376628									9544376628	9544376628		20181108191331
162	5852731041									5852731041	5852731041		20181108191331
163	5097655192									5097655192	5097655192		20181108191331
164	5207976986									5207976986	5207976986		20181108191331
166	9037398206									9037398206	9037398206		20181108191331
168	5803633091									5803633091	5803633091		20181108191331
169	7737029881									7737029881	7737029881		20181108191331
170	6108217915									6108217915	6108217915		20181108191331
171	4105500443									4105500443	4105500443		20181108191331
172	5854242788									5854242788	5854242788		20181108191331
173	2813194623									2813194623	2813194623		20181108191331
175	7876521829									7876521829	7876521829		20181108191331
177	4194749345									4194749345	4194749345		20181108191331
178	3052746316									3052746316	3052746316		20181108191331
179	2604253604									2604253604	2604253604		20181108191331
180	7242249010									7242249010	7242249010		20181108191331
181	6316326936									6316326936	6316326936		20181108191331
182	5412769171									5412769171	5412769171		20181108191331
183	8056487027									8056487027	8056487027		20181108191331
184	4124223759									4124223759	4124223759		20181108191331
185	5016231465									5016231465	5016231465		20181108191331
186	7177246451									7177246451	7177246451		20181108191331
188	5742693995									5742693995	5742693995		20181108191331
189	7179204401									7179204401	7179204401		20181108191331
190	9017472338									9017472338	9017472338		20181108191331
191	9544868979									9544868979	9544868979		20181108191331
192	2317733482									2317733482	2317733482		20181108191331
195	2814406149									2814406149	2814406149		20181108191331
196	6103970980									6103970980	6103970980		20181108191331
197	5852731041									5852731041	5852731041		20181108191331
198	7175448265									7175448265	7175448265		20181108191331
199	6152842751									6152842751	6152842751		20181108191331
200	7872501928									7872501928	7872501928		20181108191331
201	4194715826									4194715826	4194715826		20181108191331
202	3145254269									3145254269	3145254269		20181108191331
205	3184879584									3184879584	3184879584		20181108191331
206	9544376628									9544376628	9544376628		20181108191331
207	7878648061									7878648061	7878648061		20181108191331
208	3608230883									3608230883	3608230883		20181108191331
209	5135850607									5135850607	5135850607		20181108191331
210	8138441988									8138441988	8138441988		20181108191331
211	5058325024									5058325024	5058325024		20181108191331
212	6178251951									6178251951	6178251951		20181108191331
213	9043881827									9043881827	9043881827		20181108191331
214	5617955004									5617955004	5617955004		20181108191331
215	5208866639									5208866639	5208866639		20181108191331
216	5052460684									5052460684	5052460684		20181108191331
217	3048475985									3048475985	3048475985		20181108191331
218	5163585454									5163585454	5163585454		20181108191331
219	2152333421									2152333421	2152333421		20181108191331
220	4079750411									4079750411	4079750411		20181108191331
221	9544376628									9544376628	9544376628		20181108191331
222	8068263201									8068263201	8068263201		20181108191331
223	5416870281									5416870281	5416870281		20181108191331
224	9417461777									9417461777	9417461777		20181108191331
225	3173556166									3173556166	3173556166		20181108191331
226	3015985091									3015985091	3015985091		20181108191331
227	6106787007									6106787007	6106787007		20181108191331
228	6157919710									6157919710	6157919710		20181108191331
229	7314234919									7314234919	7314234919		20181108191331
230	7544008543									7544008543	7544008543		20181108191331
231	8595783800									8595783800	8595783800		20181108191331
232	8136204881									8136204881	8136204881		20181108191331
233	6103763153									6103763153	6103763153		20181108191331
234	3308372221									3308372221	3308372221		20181108191331
235	4078975192									4078975192	4078975192		20181108191331
236	9015953842									9015953842	9015953842		20181108191331
237	3174972502									3174972502	3174972502		20181108191331
238	9015953842									9015953842	9015953842		20181108191331
239	9106095548									9106095548	9106095548		20181108191331
240	3052746316									3052746316	3052746316		20181108191331
241	6154461357									6154461357	6154461357		20181108191331
242	5596351119									5596351119	5596351119		20181108191331
243	3526229238									3526229238	3526229238		20181108191331
244	3372337773									3372337773	3372337773		20181108191331
245	9313889501									9313889501	9313889501		20181108191331
246	2129874675									2129874675	2129874675		20181108191331
247	7032993588									7032993588	7032993588		20181108191331
249	8888162999									8888162999	8888162999		20181108191331
250	5204212411									5204212411	5204212411		20181108191331
251	6158669684									6158669684	6158669684		20181108191331
252	6032287585									6032287585	6032287585		20181108191331
253	7143793313									7143793313	7143793313		20181108191331
254	7067298980									7067298980	7067298980		20181108191331
255	7404411398									7404411398	7404411398		20181108191331
256	2527526600									2527526600	2527526600		20181108191331
257	9363277178									9363277178	9363277178		20181108191331
258	3232648406									3232648406	3232648406		20181108191331
260	6064877407									6064877407	6064877407		20181108191331
261	5742963351									5742963351	5742963351		20181108191331
262	7027969071									7027969071	7027969071		20181108191331
263	7408623704									7408623704	7408623704		20181108191331
264	6152342460									6152342460	6152342460		20181108191331
265	9544211008									9544211008	9544211008		20181108191331
266	4232746354									4232746354	4232746354		20181108191331
267	8645601590									8645601590	8645601590		20181108191331
268	4787436296									4787436296	4787436296		20181108191331
269	5135696555									5135696555	5135696555		20181108191331
271	3157441914									3157441914	3157441914		20181108191331
272	3232610809									3232610809	3232610809		20181108191331
273	3187280173									3187280173	3187280173		20181108191331
274	5708975908									5708975908	5708975908		20181108191331
276	2527285739									2527285739	2527285739		20181108191331
277	4197562298									4197562298	4197562298		20181108191331
278	3108592709									3108592709	3108592709		20181108191331
279	5035285252									5035285252	5035285252		20181108191331
280	5758870163									5758870163	5758870163		20181108191331
282	7634210730									7634210730	7634210730		20181108191331
283	5803362409									5803362409	5803362409		20181108191331
284	5015693157									5015693157	5015693157		20181108191331
285	8282509208									8282509208	8282509208		20181108191331
287	5124547294									5124547294	5124547294		20181108191331
288	5407760699									5407760699	5407760699		20181108191332
289	9315980778									9315980778	9315980778		20181108191332
290	8132540396									8132540396	8132540396		20181108191332
291	3164626214									3164626214	3164626214		20181108191332
293	4808335739									4808335739	4808335739		20181108191332
295	8164443393									8164443393	8164443393		20181108191332
296	9184290072									9184290072	9184290072		20181108191332
297	8148888036									8148888036	8148888036		20181108191332
299	9107351941									9107351941	9107351941		20181108191332
300	8582796444									8582796444	8582796444		20181108191332
301	9562920918									9562920918	9562920918		20181108191332
302	5036437459									5036437459	5036437459		20181108191332
304	6163615828									6163615828	6163615828		20181108191332
306	5059827065									5059827065	5059827065		20181108191332
308	4198416677									4198416677	4198416677		20181108191332
310	9109473035									9109473035	9109473035		20181108191332
312	9733266805									9733266805	9733266805		20181108191332
313	5132313761									5132313761	5132313761		20181108191332
314	8172942402									8172942402	8172942402		20181108191332
315	3368416217									3368416217	3368416217		20181108191332
316	7275619299									7275619299	7275619299		20181108191332
317	5013154888									5013154888	5013154888		20181108191332
320	9373996794									9373996794	9373996794		20181108191332
322	5034138655									5034138655	5034138655		20181108191332
323	8564357291									8564357291	8564357291		20181108191332
324	8303931550									8303931550	8303931550		20181108191332
325	5414714814									5414714814	5414714814		20181108191332
326	9319050410									9319050410	9319050410		20181108191332
327	3306302173									3306302173	3306302173		20181108191332
328	6053357618									6053357618	6053357618		20181108191332
329	3307268683									3307268683	3307268683		20181108191332
330	9252101082									9252101082	9252101082		20181108191332
331	2178245414									2178245414	2178245414		20181108191332
332	8044587377									8044587377	8044587377		20181108191332
334	4122621537									4122621537	4122621537		20181108191332
335	2012244418									2012244418	2012244418		20181108191332
336	7735397508									7735397508	7735397508		20181108191332
338	3083821474									3083821474	3083821474		20181108191332
340	2038522527									2038522527	2038522527		20181108191332
341	2178245414									2178245414	2178245414		20181108191332
343	5095222361									5095222361	5095222361		20181108191332
345	7275877602									7275877602	7275877602		20181108191332
346	2705802273									2705802273	2705802273		20181108191332
347	8709321189									8709321189	8709321189		20181108191332
349	5018034272									5018034272	5018034272		20181108191332
352	8139263041									8139263041	8139263041		20181108191332
353	9145937881									9145937881	9145937881		20181108191332
354	5742512861									5742512861	5742512861		20181108191332
355	4195233960									4195233960	4195233960		20181108191332
356	8144548470									8144548470	8144548470		20181108191332
357	9046200445									9046200445	9046200445		20181108191332
358	9183071943									9183071943	9183071943		20181108191332
359	4024835372									4024835372	4024835372		20181108191332
360	7166899866									7166899866	7166899866		20181108191332
361	4059514955									4059514955	4059514955		20181108191332
362	3018385103									3018385103	3018385103		20181108191332
363	7707519132									7707519132	7707519132		20181108191332
364	9037573893									9037573893	9037573893		20181108191332
365	7048752964									7048752964	7048752964		20181108191332
366	5742963223									5742963223	5742963223		20181108191332
367	3233613642									3233613642	3233613642		20181108191332
368	2707440834									2707440834	2707440834		20181108191332
369	7189603792									7189603792	7189603792		20181108191332
372	5854735864									5854735864	5854735864		20181108191332
373	5033849908									5033849908	5033849908		20181108191332
374	4122621537									4122621537	4122621537		20181108191332
375	7132707533									7132707533	7132707533		20181108191332
376	9798482025									9798482025	9798482025		20181108191332
377	9547272009									9547272009	9547272009		20181108191332
379	2763834927									2763834927	2763834927		20181108191332
380	8137887623									8137887623	8137887623		20181108191332
382	5058411956									5058411956	5058411956		20181108191332
383	9197826578									9197826578	9197826578		20181108191332
384	2524443529									2524443529	2524443529		20181108191332
385	7709440285									7709440285	7709440285		20181108191332
386	7028391301									7028391301	7028391301		20181108191332
388	3602993937									3602993937	3602993937		20181108191332
389	6098834085									6098834085	6098834085		20181108191332
390	3202452555									3202452555	3202452555		20181108191332
391	9167825992									9167825992	9167825992		20181108191332
392	5742714458									5742714458	5742714458		20181108191332
394	9723599010									9723599010	9723599010		20181108191332
395	2159452501									2159452501	2159452501		20181108191332
396	7654724330									7654724330	7654724330		20181108191332
398	5035285255									5035285255	5035285255		20181108191332
399	4174552781									4174552781	4174552781		20181108191332
401	7047352829									7047352829	7047352829		20181108191332
402	6105653046									6105653046	6105653046		20181108191332
404	6154461357									6154461357	6154461357		20181108191332
405	8606761811									8606761811	8606761811		20181108191332
406	3176783222									3176783222	3176783222		20181108191332
407	3202812310									3202812310	3202812310		20181108191332
408	7242289890									7242289890	7242289890		20181108191332
410	3523713372									3523713372	3523713372		20181108191332
411	5306951994									5306951994	5306951994		20181108191332
412	5013293816									5013293816	5013293816		20181108191332
413	5139221812									5139221812	5139221812		20181108191332
415	9145937881									9145937881	9145937881		20181108191332
416	2037397815									2037397815	2037397815		20181108191332
417	8592765340									8592765340	8592765340		20181108191332
418	4192912122									4192912122	4192912122		20181108191332
419	9202376940									9202376940	9202376940		20181108191332
420	9145937881									9145937881	9145937881		20181108191332
421	2126843287									2126843287	2126843287		20181108191332
424	8704244979									8704244979	8704244979		20181108191332
425	3378284983									3378284983	3378284983		20181108191332
426	8159643134									8159643134	8159643134		20181108191332
427	6238463778									6238463778	6238463778		20181108191332
429	3214341667									3214341667	3214341667		20181108191332
430	9018619099									9018619099	9018619099		20181108191332
432	2146485461									2146485461	2146485461		20181108191332
433	5713232665									5713232665	5713232665		20181108191332
434	8172670950									8172670950	8172670950		20181108191332
435	5412748908									5412748908	5412748908		20181108191332
436	9197826578									9197826578	9197826578		20181108191332
437	9197826578									9197826578	9197826578		20181108191332
438	8124765766									8124765766	8124765766		20181108191332
439	3613871286									3613871286	3613871286		20181108191332
440	7738369935									7738369935	7738369935		20181108191332
442	9164365559									9164365559	9164365559		20181108191332
443	6417526572									6417526572	6417526572		20181108191332
444	5415744663									5415744663	5415744663		20181108191332
445	5629253754									5629253754	5629253754		20181108191332
447	8144548470									8144548470	8144548470		20181108191332
448	4017511686									4017511686	4017511686		20181108191332
450	5047547574									5047547574	5047547574		20181108191332
451	6106426808									6106426808	6106426808		20181108191332
452	4194335400									4194335400	4194335400		20181108191332
453	4232830931									4232830931	4232830931		20181108191332
454	8592765340									8592765340	8592765340		20181108191332
455	4154614484									4154614484	4154614484		20181108191332
456	4156680896									4156680896	4156680896		20181108191332
457	4198748606									4198748606	4198748606		20181108191332
458	7139461337									7139461337	7139461337		20181108191332
459	2819920816									2819920816	2819920816		20181108191332
460	4238572261									4238572261	4238572261		20181108191332
461	5028973476									5028973476	5028973476		20181108191332
463	4022805094									4022805094	4022805094		20181108191332
466	7405223620									7405223620	7405223620		20181108191332
468	7857772623									7857772623	7857772623		20181108191332
469	9132730528									9132730528	9132730528		20181108191332
470	7737777543									7737777543	7737777543		20181108191332
471	3307071119									3307071119	3307071119		20181108191332
472	8082461363									8082461363	8082461363		20181108191332
473	4102964114									4102964114	4102964114		20181108191332
474	3212672713									3212672713	3212672713		20181108191332
475	7158424207									7158424207	7158424207		20181108191332
476	3304527012									3304527012	3304527012		20181108191332
477	7033521541									7033521541	7033521541		20181108191332
478	9174416102									9174416102	9174416102		20181108191332
479	2158856861									2158856861	2158856861		20181108191332
480	6369289288									6369289288	6369289288		20181108191332
481	5702706488									5702706488	5702706488		20181108191332
483	6106426808									6106426808	6106426808		20181108191332
485	2158856861									2158856861	2158856861		20181108191332
486	2395141159									2395141159	2395141159		20181108191332
487	6369281242									6369281242	6369281242		20181108191332
488	3026446860									3026446860	3026446860		20181108191332
489	7635250369									7635250369	7635250369		20181108191332
490	6034722872									6034722872	6034722872		20181108191332
492	3212672713									3212672713	3212672713		20181108191332
493	3347936460									3347936460	3347936460		20181108191332
494	7856322309									7856322309	7856322309		20181108191332
496	4016157529									4016157529	4016157529		20181108191332
497	3259429997									3259429997	3259429997		20181108191332
499	4192283273									4192283273	4192283273		20181108191332
500	5408553406									5408553406	5408553406		20181108191332
501	4152399141									4152399141	4152399141		20181108191332
502	7708191730									7708191730	7708191730		20181108191332
503	4783741688									4783741688	4783741688		20181108191332
504	7709440285									7709440285	7709440285		20181108191332
505	7708346118									7708346118	7708346118		20181108191332
507	2146602535									2146602535	2146602535		20181108191332
508	4017511686									4017511686	4017511686		20181108191332
509	9038857126									9038857126	9038857126		20181108191332
510	8124822934									8124822934	8124822934		20181108191332
511	6035289623									6035289623	6035289623		20181108191332
512	2158856861									2158856861	2158856861		20181108191332
513	6034722872									6034722872	6034722872		20181108191332
514	5033849908									5033849908	5033849908		20181108191332
515	6052172900									6052172900	6052172900		20181108191332
516	7852331731									7852331731	7852331731		20181108191332
517	2012249422									2012249422	2012249422		20181108191332
518	9516588956									9516588956	9516588956		20181108191332
519	4232452001									4232452001	4232452001		20181108191332
521	4102550687									4102550687	4102550687		20181108191332
522	9199423331									9199423331	9199423331		20181108191332
523	2528305138									2528305138	2528305138		20181108191332
525	9373996794									9373996794	9373996794		20181108191332
527	5704247312									5704247312	5704247312		20181108191332
528	5134813880									5134813880	5134813880		20181108191332
530	2708854431									2708854431	2708854431		20181108191332
531	4232454679									4232454679	4232454679		20181108191332
532	2032451217									2032451217	2032451217		20181108191332
533	9374299022									9374299022	9374299022		20181108191332
534	7122623658									7122623658	7122623658		20181108191332
537	2038522527									2038522527	2038522527		20181108191332
538	8024424919									8024424919	8024424919		20181108191332
540	3184422192									3184422192	3184422192		20181108191332
542	4192516433									4192516433	4192516433		20181108191332
543	2766790164									2766790164	2766790164		20181108191332
544	5043491490									5043491490	5043491490		20181108191332
545	3217680033									3217680033	3217680033		20181108191332
546	4097873238									4097873238	4097873238		20181108191332
547	8047898619									8047898619	8047898619		20181108191332
548	9406277597									9406277597	9406277597		20181108191332
550	2702514544									2702514544	2702514544		20181108191332
552	7737777543									7737777543	7737777543		20181108191332
553	2198363559									2198363559	2198363559		20181108191332
554	4238572261									4238572261	4238572261		20181108191332
555	9044862314									9044862314	9044862314		20181108191332
556	2703264968									2703264968	2703264968		20181108191332
557	4083280562									4083280562	4083280562		20181108191332
558	8668468709									8668468709	8668468709		20181108191332
559	4196476231									4196476231	4196476231		20181108191332
560	4157594760									4157594760	4157594760		20181108191332
561	6057196470									6057196470	6057196470		20181108191332
562	8317536286									8317536286	8317536286		20181108191332
563	2173424190									2173424190	2173424190		20181108191332
564	9103552422									9103552422	9103552422		20181108191332
566	3603746039									3603746039	3603746039		20181108191332
568	5307589869									5307589869	5307589869		20181108191332
569	3023769160									3023769160	3023769160		20181108191332
570	9722707769									9722707769	9722707769		20181108191332
571	5595918439									5595918439	5595918439		20181108191332
572	6183511287									6183511287	6183511287		20181108191332
575	8122387151									8122387151	8122387151		20181108191332
576	4156660210									4156660210	4156660210		20181108191332
577	2085243950									2085243950	2085243950		20181108191332
578	7168862456									7168862456	7168862456		20181108191332
579	7604993014									7604993014	7604993014		20181108191332
580	7709972844									7709972844	7709972844		20181108191332
581	8882900204									8882900204	8882900204		20181108191332
582	3604683825									3604683825	3604683825		20181108191332
583	8596356607									8596356607	8596356607		20181108191332
584	4808341880									4808341880	4808341880		20181108191332
585	3193423770									3193423770	3193423770		20181108191332
586	7734046280									7734046280	7734046280		20181108191332
587	8066550522									8066550522	8066550522		20181108191332
588	4194731230									4194731230	4194731230		20181108191332
589	8067713175									8067713175	8067713175		20181108191332
590	7195898012									7195898012	7195898012		20181108191332
591	3373928543									3373928543	3373928543		20181108191332
593	9376429766									9376429766	9376429766		20181108191332
594	6072571718									6072571718	6072571718		20181108191332
595	7403532950									7403532950	7403532950		20181108191332
596	3522372456									3522372456	3522372456		20181108191332
597	7178667120									7178667120	7178667120		20181108191332
598	2393327246									2393327246	2393327246		20181108191332
599	2059425627									2059425627	2059425627		20181108191332
600	3367660549									3367660549	3367660549		20181108191332
601	4017621819									4017621819	4017621819		20181108191332
602	2129267778									2129267778	2129267778		20181108191332
603	9374358966									9374358966	9374358966		20181108191332
604	7197752365									7197752365	7197752365		20181108191332
606	9286343130									9286343130	9286343130		20181108191332
607	2405667820									2405667820	2405667820		20181108191332
608	2512463034									2512463034	2512463034		20181108191332
609	7072634251									7072634251	7072634251		20181108191332
610	4105739569									4105739569	4105739569		20181108191332
613	9015953842									9015953842	9015953842		20181108191332
614	3019428031									3019428031	3019428031		20181108191332
615	4017324167									4017324167	4017324167		20181108191332
617	9725962128									9725962128	9725962128		20181108191332
618	5032744814									5032744814	5032744814		20181108191332
622	7166490031									7166490031	7166490031		20181108191332
623	8642279377									8642279377	8642279377		20181108191332
625	5404342404									5404342404	5404342404		20181108191332
626	4105739569									4105739569	4105739569		20181108191332
627	5803472268									5803472268	5803472268		20181108191332
629	8124212722									8124212722	8124212722		20181108191332
630	3202452555									3202452555	3202452555		20181108191332
631	5083628217									5083628217	5083628217		20181108191332
632	2148244431									2148244431	2148244431		20181108191332
634	6022008627									6022008627	6022008627		20181108191332
635	7122623658									7122623658	7122623658		20181108191332
636	9406268637									9406268637	9406268637		20181108191332
637	5132328802									5132328802	5132328802		20181108191332
638	2184854724									2184854724	2184854724		20181108191332
640	6077768032									6077768032	6077768032		20181108191332
641	7032738605									7032738605	7032738605		20181108191332
642	5162481357									5162481357	5162481357		20181108191332
643	7134824525									7134824525	7134824525		20181108191332
644	4024830476									4024830476	4024830476		20181108191332
645	8442743091									8442743091	8442743091		20181108191332
646	7857767392									7857767392	7857767392		20181108191332
648	8174729338									8174729338	8174729338		20181108191332
649	8439211213									8439211213	8439211213		20181108191332
650	4128316965									4128316965	4128316965		20181108191332
652	4107196676									4107196676	4107196676		20181108191332
653	4128316965									4128316965	4128316965		20181108191332
654	7705364947									7705364947	7705364947		20181108191332
655	3017397717									3017397717	3017397717		20181108191332
656	7169455506									7169455506	7169455506		20181108191332
657	7604466415									7604466415	7604466415		20181108191332
658	5123965680									5123965680	5123965680		20181108191332
659	3307580466									3307580466	3307580466		20181108191332
660	3016638062									3016638062	3016638062		20181108191332
661	3218417799									3218417799	3218417799		20181108191332
663	3373540026									3373540026	3373540026		20181108191332
664	7857767392									7857767392	7857767392		20181108191332
665	3037163777									3037163777	3037163777		20181108191332
666	4028963774									4028963774	4028963774		20181108191332
667	8143331025									8143331025	8143331025		20181108191332
668	4024632450									4024632450	4024632450		20181108191332
669	7637629449									7637629449	7637629449		20181108191332
670	9014953842									9014953842	9014953842		20181108191332
672	5089848420									5089848420	5089848420		20181108191332
673	3072371346									3072371346	3072371346		20181108191332
674	8456589745									8456589745	8456589745		20181108191332
675	4143658422									4143658422	4143658422		20181108191332
676	5303438519									5303438519	5303438519		20181108191333
677	7189315994									7189315994	7189315994		20181108191333
678	3236443892									3236443892	3236443892		20181108191333
679	9104865950									9104865950	9104865950		20181108191333
681	3045949310									3045949310	3045949310		20181108191333
682	9104820640									9104820640	9104820640		20181108191333
684	7342422745									7342422745	7342422745		20181108191333
685	2056311522									2056311522	2056311522		20181108191333
686	4233785940									4233785940	4233785940		20181108191333
687	2188223761									2188223761	2188223761		20181108191333
688	8508723729									8508723729	8508723729		20181108191333
689	9144284210									9144284210	9144284210		20181108191333
690	4105739569									4105739569	4105739569		20181108191333
691	4103778221									4103778221	4103778221		20181108191333
692	6096249002									6096249002	6096249002		20181108191333
693	6152148655									6152148655	6152148655		20181108191333
694	8014290600									8014290600	8014290600		20181108191333
697	5302742178									5302742178	5302742178		20181108191333
698	3367660549									3367660549	3367660549		20181108191333
699	8017739792									8017739792	8017739792		20181108191333
700	9085610134									9085610134	9085610134		20181108191333
701	7705342114									7705342114	7705342114		20181108191333
702	4237848615									4237848615	4237848615		20181108191333
703	3017975519									3017975519	3017975519		20181108191333
707	5308416234									5308416234	5308416234		20181108191333
708	3045261538									3045261538	3045261538		20181108191333
709	6022008627									6022008627	6022008627		20181108191333
710	3045274980									3045274980	3045274980		20181108191333
713	5092584456									5092584456	5092584456		20181108191333
715	7878546890									7878546890	7878546890		20181108191333
716	4108765195									4108765195	4108765195		20181108191333
718	7872920222									7872920222	7872920222		20181108191333
719	6157353447									6157353447	6157353447		20181108191333
721	5058411956									5058411956	5058411956		20181108191333
724	4126811040									4126811040	4126811040		20181108191333
725	3305334587									3305334587	3305334587		20181108191333
726	9147369234									9147369234	9147369234		20181108191333
727	6082698872									6082698872	6082698872		20181108191333
728	8128584601									8128584601	8128584601		20181108191333
730	9104232547									9104232547	9104232547		20181108191333
731	7654781243									7654781243	7654781243		20181108191333
733	5058411956									5058411956	5058411956		20181108191333
735	8666949608									8666949608	8666949608		20181108191333
736	8666306348									8666306348	8666306348		20181108191333
737	4078049443									4078049443	4078049443		20181108191333
738	6103743979									6103743979	6103743979		20181108191333
739	3305334587									3305334587	3305334587		20181108191333
742	6608313346									6608313346	6608313346		20181108191333
743	9204326141									9204326141	9204326141		20181108191333
744	8665655190									8665655190	8665655190		20181108191333
745	7878804104									7878804104	7878804104		20181108191333
746	3347565874									3347565874	3347565874		20181108191333
747	5137927807									5137927807	5137927807		20181108191333
748	5123922701									5123922701	5123922701		20181108191333
750	5124778640									5124778640	5124778640		20181108191333
751	7315883229									7315883229	7315883229		20181108191333
752	2256385849									2256385849	2256385849		20181108191333
753	2162219773									2162219773	2162219773		20181108191333
754	3083845201									3083845201	3083845201		20181108191333
755	9733345935									9733345935	9733345935		20181108191333
756	9072642336									9072642336	9072642336		20181108191333
757	2059491400									2059491400	2059491400		20181108191333
759	4082947201									4082947201	4082947201		20181108191333
760	7166335987									7166335987	7166335987		20181108191333
761	8508378280									8508378280	8508378280		20181108191333
762	3019267655									3019267655	3019267655		20181108191333
764	3033942496									3033942496	3033942496		20181108191333
765	9737770380									9737770380	9737770380		20181108191333
767	9783884806									9783884806	9783884806		20181108191333
769	4052622195									4052622195	4052622195		20181108191333
770	2694282943									2694282943	2694282943		20181108191333
772	9033348146									9033348146	9033348146		20181108191333
773	9149412675									9149412675	9149412675		20181108191333
775	2106151141									2106151141	2106151141		20181108191333
776	2025370075									2025370075	2025370075		20181108191333
777	3056670368									3056670368	3056670368		20181108191333
779	8128581001									8128581001	8128581001		20181108191333
781	8014663195									8014663195	8014663195		20181108191333
784	8067880015									8067880015	8067880015		20181108191333
785	4806090828									4806090828	4806090828		20181108191333
786	3212550963									3212550963	3212550963		20181108191333
787	6363441075									6363441075	6363441075		20181108191333
788	7064687020									7064687020	7064687020		20181108191333
791	9378850702									9378850702	9378850702		20181108191333
792	5206820421									5206820421	5206820421		20181108191333
793	3368416945									3368416945	3368416945		20181108191333
794	9728019005									9728019005	9728019005		20181108191333
798	5406679915									5406679915	5406679915		20181108191333
799	5702075579									5702075579	5702075579		20181108191333
801	4194826993									4194826993	4194826993		20181108191333
802	3084253164									3084253164	3084253164		20181108191333
803	4107860486									4107860486	4107860486		20181108191333
804	6157351234									6157351234	6157351234		20181108191333
805	9528840845									9528840845	9528840845		20181108191333
806	2257578061									2257578061	2257578061		20181108191333
807	4024960517									4024960517	4024960517		20181108191333
809	9544315738									9544315738	9544315738		20181108191333
810	7175315596									7175315596	7175315596		20181108191333
811	7654465112									7654465112	7654465112		20181108191333
812	5129019708									5129019708	5129019708		20181108191333
817	5036237352									5036237352	5036237352		20181108191333
818	7173949223									7173949223	7173949223		20181108191333
819	7033136718									7033136718	7033136718		20181108191333
820	5187245757									5187245757	5187245757		20181108191333
821	9284740199									9284740199	9284740199		20181108191333
822	8642259035									8642259035	8642259035		20181108191333
823	8587541202									8587541202	8587541202		20181108191333
824	2143694234									2143694234	2143694234		20181108191333
825	7137430963									7137430963	7137430963		20181108191333
826	5594323025									5594323025	5594323025		20181108191333
827	5163744445									5163744445	5163744445		20181108191333
829	3154224690									3154224690	3154224690		20181108191333
830	7853314338									7853314338	7853314338		20181108191333
831	2073861088									2073861088	2073861088		20181108191333
832	3022453177									3022453177	3022453177		20181108191333
833	3024241456									3024241456	3024241456		20181108191333
834	5137349300									5137349300	5137349300		20181108191333
835	5107957710									5107957710	5107957710		20181108191333
836	4053218683									4053218683	4053218683		20181108191333
837	2078663640									2078663640	2078663640		20181108191333
838	4027212473									4027212473	4027212473		20181108191333
839	7182703848									7182703848	7182703848		20181108191333
840	8003173563									8003173563	8003173563		20181108191333
841	7074638632									7074638632	7074638632		20181108191333
842	2032762278									2032762278	2032762278		20181108191333
843	5094746846									5094746846	5094746846		20181108191333
844	3052790878									3052790878	3052790878		20181108191333
845	5134813880									5134813880	5134813880		20181108191333
846	2292280631									2292280631	2292280631		20181108191333
847	3193848843									3193848843	3193848843		20181108191333
849	8506784910									8506784910	8506784910		20181108191333
850	8435496332									8435496332	8435496332		20181108191333
852	4232828270									4232828270	4232828270		20181108191333
854	5165931197									5165931197	5165931197		20181108191333
855	8282540714									8282540714	8282540714		20181108191333
856	3084253164									3084253164	3084253164		20181108191333
857	7183325413									7183325413	7183325413		20181108191333
858	6143407742									6143407742	6143407742		20181108191333
859	9314565446									9314565446	9314565446		20181108191333
860	3256255693									3256255693	3256255693		20181108191333
861	4056028391									4056028391	4056028391		20181108191333
862	7872880800									7872880800	7872880800		20181108191333
863	2055953427									2055953427	2055953427		20181108191333
864	9256894436									9256894436	9256894436		20181108191333
865	9317832152									9317832152	9317832152		20181108191333
867	2015878192									2015878192	2015878192		20181108191333
868	3088652769									3088652769	3088652769		20181108191333
869	3368416217									3368416217	3368416217		20181108191333
870	5302893159									5302893159	5302893159		20181108191333
871	8283244154									8283244154	8283244154		20181108191333
872	5136215125									5136215125	5136215125		20181108191333
873	7156826404									7156826404	7156826404		20181108191333
874	7818489941									7818489941	7818489941		20181108191333
875	5134813880									5134813880	5134813880		20181108191333
876	7187803079									7187803079	7187803079		20181108191333
877	9035927680									9035927680	9035927680		20181108191333
879	3154702961									3154702961	3154702961		20181108191333
880	3177458400									3177458400	3177458400		20181108191333
881	3188614080									3188614080	3188614080		20181108191333
883	8592541814									8592541814	8592541814		20181108191333
884	6606275802									6606275802	6606275802		20181108191333
885	8475377898									8475377898	8475377898		20181108191333
887	5134758598									5134758598	5134758598		20181108191333
889	4107605932									4107605932	4107605932		20181108191333
890	7066473998									7066473998	7066473998		20181108191333
891	6503455860									6503455860	6503455860		20181108191333
892	6418446208									6418446208	6418446208		20181108191333
893	7858250273									7858250273	7858250273		20181108191333
894	4018463211									4018463211	4018463211		20181108191333
896	7702079029									7702079029	7702079029		20181108191333
897	9702529646									9702529646	9702529646		20181108191333
898	4023931042									4023931042	4023931042		20181108191333
899	7313524459									7313524459	7313524459		20181108191333
902	8637632630									8637632630	8637632630		20181108191333
903	6143407742									6143407742	6143407742		20181108191333
904	5406395426									5406395426	5406395426		20181108191333
905	6096019992									6096019992	6096019992		20181108191333
906	7137430963									7137430963	7137430963		20181108191333
907	8128586240									8128586240	8128586240		20181108191333
908	5754373947									5754373947	5754373947		20181108191333
910	8133480074									8133480074	8133480074		20181108191333
911	5024564440									5024564440	5024564440		20181108191333
912	8125377042									8125377042	8125377042		20181108191333
913	8282540714									8282540714	8282540714		20181108191333
914	6182348634									6182348634	6182348634		20181108191333
915	7166759329									7166759329	7166759329		20181108191333
916	2098252632									2098252632	2098252632		20181108191333
917	6234559214									6234559214	6234559214		20181108191333
919	5048968699									5048968699	5048968699		20181108191333
920	7033915659									7033915659	7033915659		20181108191333
924	3103737744									3103737744	3103737744		20181108191333
926	7609417250									7609417250	7609417250		20181108191333
927	7186458507									7186458507	7186458507		20181108191333
928	8187559301									8187559301	8187559301		20181108191333
929	4024960517									4024960517	4024960517		20181108191333
931	4052828886									4052828886	4052828886		20181108191333
932	7757463411									7757463411	7757463411		20181108191333
933	8159410493									8159410493	8159410493		20181108191333
934	5208854469									5208854469	5208854469		20181108191333
935	5163586954									5163586954	5163586954		20181108191333
936	3867557940									3867557940	3867557940		20181108191333
937	7607433874									7607433874	7607433874		20181108191333
939	7853311799									7853311799	7853311799		20181108191333
940	3037720104									3037720104	3037720104		20181108191333
941	8128584539									8128584539	8128584539		20181108191333
942	8172490884									8172490884	8172490884		20181108191333
943	3017225135									3017225135	3017225135		20181108191333
944	2127044311									2127044311	2127044311		20181108191333
945	5598962518									5598962518	5598962518		20181108191333
947	7173949223									7173949223	7173949223		20181108191333
948	7654495192									7654495192	7654495192		20181108191333
949	4198736418									4198736418	4198736418		20181108191333
950	2312287512									2312287512	2312287512		20181108191333
951	3608484350									3608484350	3608484350		20181108191333
952	4098393174									4098393174	4098393174		20181108191333
953	9035963604									9035963604	9035963604		20181108191333
954	5099466278									5099466278	5099466278		20181108191333
956	8132909691									8132909691	8132909691		20181108191333
957	8642684244									8642684244	8642684244		20181108191333
958	8606510624									8606510624	8606510624		20181108191333
959	7603764891									7603764891	7603764891		20181108191333
960	6317272646									6317272646	6317272646		20181108191333
961	9157799814									9157799814	9157799814		20181108191333
962	7186466623									7186466623	7186466623		20181108191333
963	7068821803									7068821803	7068821803		20181108191333
964	6109884242									6109884242	6109884242		20181108191333
965	4348320322									4348320322	4348320322		20181108191333
966	8026604310									8026604310	8026604310		20181108191333
967	5134746387									5134746387	5134746387		20181108191333
968	8056426524									8056426524	8056426524		20181108191333
969	2187403094									2187403094	2187403094		20181108191333
970	9287722966									9287722966	9287722966		20181108191333
971	2032682668									2032682668	2032682668		20181108191333
972	9075436159									9075436159	9075436159		20181108191333
974	5164666929									5164666929	5164666929		20181108191333
975	8642259035									8642259035	8642259035		20181108191333
976	6238250938									6238250938	6238250938		20181108191333
977	2526339609									2526339609	2526339609		20181108191333
979	5127955122									5127955122	5127955122		20181108191333
980	4356783769									4356783769	4356783769		20181108191333
981	6417545181									6417545181	6417545181		20181108191333
982	4436431505									4436431505	4436431505		20181108191333
983	8123866698									8123866698	8123866698		20181108191333
984	7136577106									7136577106	7136577106		20181108191333
986	4024629192									4024629192	4024629192		20181108191333
987	4052828886									4052828886	4052828886		20181108191333
988	8128584601									8128584601	8128584601		20181108191333
989	2814797895									2814797895	2814797895		20181108191333
990	5853014037									5853014037	5853014037		20181108191333
991	9155423436									9155423436	9155423436		20181108191333
994	6208732066									6208732066	6208732066		20181108191333
995	5857863699									5857863699	5857863699		20181108191333
997	7316324111									7316324111	7316324111		20181108191333
999	4105742691									4105742691	4105742691		20181108191333
1000	2814464879									2814464879	2814464879		20181108191333
1002	6052172900									6052172900	6052172900		20181108191333
1003	8067805423									8067805423	8067805423		20181108191333
1004	5414720609									5414720609	5414720609		20181108191333
1005	8159369477									8159369477	8159369477		20181108191333
1007	5414720609									5414720609	5414720609		20181108191333
1008	3154707283									3154707283	3154707283		20181108191333
1009	7137430963									7137430963	7137430963		20181108191333
1010	7027773055									7027773055	7027773055		20181108191333
1012	8144564542									8144564542	8144564542		20181108191333
1013	3304527012									3304527012	3304527012		20181108191333
1014	2526339609									2526339609	2526339609		20181108191333
1016	8508622951									8508622951	8508622951		20181108191333
1018	3016947906									3016947906	3016947906		20181108191333
1019	6165327230									6165327230	6165327230		20181108191333
1020	7136577106									7136577106	7136577106		20181108191333
1022	5863313060									5863313060	5863313060		20181108191333
1023	9727327794									9727327794	9727327794		20181108191333
1024	8155997650									8155997650	8155997650		20181108191333
1025	3018160334									3018160334	3018160334		20181108191333
1026	7704120827									7704120827	7704120827		20181108191333
1027	5023662222									5023662222	5023662222		20181108191333
1028	2037893222									2037893222	2037893222		20181108191333
1030	5023662222									5023662222	5023662222		20181108191333
1031	9703491051									9703491051	9703491051		20181108191333
1032	6105433124									6105433124	6105433124		20181108191333
1033	5704621457									5704621457	5704621457		20181108191333
1034	6616382288									6616382288	6616382288		20181108191333
1035	8605271669									8605271669	8605271669		20181108191333
1037	2293861666									2293861666	2293861666		20181108191333
1040	9733222309									9733222309	9733222309		20181108191333
1041	5124253809									5124253809	5124253809		20181108191333
1042	3212740246									3212740246	3212740246		20181108191333
1043	8175487329									8175487329	8175487329		20181108191333
1044	7136577106									7136577106	7136577106		20181108191333
1045	2522437747									2522437747	2522437747		20181108191333
1046	8144564542									8144564542	8144564542		20181108191333
1047	2129869400									2129869400	2129869400		20181108191333
1048	7133373727									7133373727	7133373727		20181108191333
1049	4235785085									4235785085	4235785085		20181108191333
1051	5613332228									5613332228	5613332228		20181108191333
1052	8065103379									8065103379	8065103379		20181108191333
1053	4023990718									4023990718	4023990718		20181108191334
1054	8009829148									8009829148	8009829148		20181108191334
1055	6515652637									6515652637	6515652637		20181108191334
1056	8174659714									8174659714	8174659714		20181108191334
1057	5802345385									5802345385	5802345385		20181108191334
1058	6309692900									6309692900	6309692900		20181108191334
1059	5707799558									5707799558	5707799558		20181108191334
1060	5618040222									5618040222	5618040222		20181108191334
1062	3184849590									3184849590	3184849590		20181108191334
1063	8152208253									8152208253	8152208253		20181108191334
1064	7067904393									7067904393	7067904393		20181108191334
1065	5058432592									5058432592	5058432592		20181108191334
1066	4808168063									4808168063	4808168063		20181108191334
1069	3167218307									3167218307	3167218307		20181108191334
1070	8134438160									8134438160	8134438160		20181108191334
1072	5137292873									5137292873	5137292873		20181108191334
1073	7043559105									7043559105	7043559105		20181108191334
1075	2106143184									2106143184	2106143184		20181108191334
1076	4404289607									4404289607	4404289607		20181108191334
1077	5408295001									5408295001	5408295001		20181108191334
1078	3372898968									3372898968	3372898968		20181108191334
1079	2146926296									2146926296	2146926296		20181108191334
1081	3202698186									3202698186	3202698186		20181108191334
1082	3177186760									3177186760	3177186760		20181108191334
1083	8504744823									8504744823	8504744823		20181108191334
1084	9182872347									9182872347	9182872347		20181108191334
1085	8124791330									8124791330	8124791330		20181108191334
1086	2565430277									2565430277	2565430277		20181108191334
1087	5208857396									5208857396	5208857396		20181108191334
1088	7607245447									7607245447	7607245447		20181108191334
1089	6153093338									6153093338	6153093338		20181108191334
1090	7039412018									7039412018	7039412018		20181108191334
1091	8016766001									8016766001	8016766001		20181108191334
1092	6312816732									6312816732	6312816732		20181108191334
1093	6148886710									6148886710	6148886710		20181108191334
1094	7403833689									7403833689	7403833689		20181108191334
1095	9372778476									9372778476	9372778476		20181108191334
1096	2539417485									2539417485	2539417485		20181108191334
1098	7709226607									7709226607	7709226607		20181108191334
1100	4125780139									4125780139	4125780139		20181108191334
1101	5086747378									5086747378	5086747378		20181108191334
1102	4048167929									4048167929	4048167929		20181108191334
1103	2705802208									2705802208	2705802208		20181108191334
1104	9067869190									9067869190	9067869190		20181108191334
1105	7037795240									7037795240	7037795240		20181108191334
1106	7653590156									7653590156	7653590156		20181108191334
1108	9133672040									9133672040	9133672040		20181108191334
1109	9727159976									9727159976	9727159976		20181108191334
1110	9015160699									9015160699	9015160699		20181108191334
1111	6503253204									6503253204	6503253204		20181108191334
1112	5415635233									5415635233	5415635233		20181108191334
1115	5052604338									5052604338	5052604338		20181108191334
1116	3202357909									3202357909	3202357909		20181108191334
1117	3217224754									3217224754	3217224754		20181108191334
1118	6052172900									6052172900	6052172900		20181108191334
1119	2103145044									2103145044	2103145044		20181108191334
1120	4106057691									4106057691	4106057691		20181108191334
1121	5025898001									5025898001	5025898001		20181108191334
1122	5137692622									5137692622	5137692622		20181108191334
1124	3037240979									3037240979	3037240979		20181108191334
1125	7609417142									7609417142	7609417142		20181108191334
1126	7149396500									7149396500	7149396500		20181108191334
1127	2106563532									2106563532	2106563532		20181108191334
1128	8015711562									8015711562	8015711562		20181108191334
1129	8709320526									8709320526	8709320526		20181108191334
1130	2316723973									2316723973	2316723973		20181108191334
1133	2564392830									2564392830	2564392830		20181108191334
1134	7659629641									7659629641	7659629641		20181108191334
1135	5089730351									5089730351	5089730351		20181108191334
1136	5023661564									5023661564	5023661564		20181108191334
1137	7137430963									7137430963	7137430963		20181108191334
1138	3042654201									3042654201	3042654201		20181108191334
1139	6269606037									6269606037	6269606037		20181108191334
1142	5407267665									5407267665	5407267665		20181108191334
1143	9723039992									9723039992	9723039992		20181108191334
1144	9729322420									9729322420	9729322420		20181108191334
1145	7132187221									7132187221	7132187221		20181108191334
1146	5414941099									5414941099	5414941099		20181108191334
1147	5053383319									5053383319	5053383319		20181108191334
1148	7142101336									7142101336	7142101336		20181108191334
1149	7184212783									7184212783	7184212783		20181108191334
1150	9167313422									9167313422	9167313422		20181108191334
1151	8056428237									8056428237	8056428237		20181108191334
1152	2092951795									2092951795	2092951795		20181108191334
1153	7757836191									7757836191	7757836191		20181108191334
1154	9797740937									9797740937	9797740937		20181108191334
1155	8177373689									8177373689	8177373689		20181108191334
1157	5703390430									5703390430	5703390430		20181108191334
1160	5127955122									5127955122	5127955122		20181108191334
1161	6106419332									6106419332	6106419332		20181108191334
1162	8144564542									8144564542	8144564542		20181108191334
1163	8189890696									8189890696	8189890696		20181108191334
1164	6315433735									6315433735	6315433735		20181108191334
1165	8608264436									8608264436	8608264436		20181108191334
1166	6143407742									6143407742	6143407742		20181108191334
1167	5044568021									5044568021	5044568021		20181108191334
1168	9856492953									9856492953	9856492953		20181108191334
1169	2703385756									2703385756	2703385756		20181108191334
1170	7704354555									7704354555	7704354555		20181108191334
1171	7188379365									7188379365	7188379365		20181108191334
1173	9042473375									9042473375	9042473375		20181108191334
1174	9723039992									9723039992	9723039992		20181108191334
1175	7145252123									7145252123	7145252123		20181108191334
1176	4076443697									4076443697	4076443697		20181108191334
1177	8185570761									8185570761	8185570761		20181108191334
1178	3609436258									3609436258	3609436258		20181108191334
1179	5187346887									5187346887	5187346887		20181108191334
1180	8186688893									8186688893	8186688893		20181108191334
1181	2062929347									2062929347	2062929347		20181108191334
1183	9038740119									9038740119	9038740119		20181108191334
1184	5013270141									5013270141	5013270141		20181108191334
1185	5058411956									5058411956	5058411956		20181108191334
1186	8175714198									8175714198	8175714198		20181108191334
1188	9372960272									9372960272	9372960272		20181108191334
1189	3014683580									3014683580	3014683580		20181108191334
1190	8169326211									8169326211	8169326211		20181108191334
1191	5208860169									5208860169	5208860169		20181108191334
1192	7242504395									7242504395	7242504395		20181108191334
1193	2095219307									2095219307	2095219307		20181108191334
1194	9205686024									9205686024	9205686024		20181108191334
1195	3037880123									3037880123	3037880123		20181108191334
1196	4194754770									4194754770	4194754770		20181108191334
1197	6065231145									6065231145	6065231145		20181108191334
1198	8283969578									8283969578	8283969578		20181108191334
1199	5016245896									5016245896	5016245896		20181108191334
1200	5738152477									5738152477	5738152477		20181108191334
1201	8143558702									8143558702	8143558702		20181108191334
1202	6153565220									6153565220	6153565220		20181108191334
1203	2523172094									2523172094	2523172094		20181108191334
1205	5756231702									5756231702	5756231702		20181108191334
1207	6182361299									6182361299	6182361299		20181108191334
1208	2527503084									2527503084	2527503084		20181108191334
1209	4235788025									4235788025	4235788025		20181108191334
1210	5057584903									5057584903	5057584903		20181108191334
1211	6175758608									6175758608	6175758608		20181108191334
1213	8124502193									8124502193	8124502193		20181108191334
1214	3218414085									3218414085	3218414085		20181108191334
1215	5742875367									5742875367	5742875367		20181108191334
1216	9724375513									9724375513	9724375513		20181108191334
1217	3143629878									3143629878	3143629878		20181108191334
1222	7068840131									7068840131	7068840131		20181108191334
1223	3303324771									3303324771	3303324771		20181108191334
1224	3046229707									3046229707	3046229707		20181108191334
1225	6614591974									6614591974	6614591974		20181108191334
1226	5088535226									5088535226	5088535226		20181108191334
1227	2604358817									2604358817	2604358817		20181108191334
1228	9166787663									9166787663	9166787663		20181108191334
1229	7709733032									7709733032	7709733032		20181108191334
1230	6414945214									6414945214	6414945214		20181108191334
1231	9898473422									9898473422	9898473422		20181108191334
1233	5083630607									5083630607	5083630607		20181108191334
1234	5089730351									5089730351	5089730351		20181108191334
1235	3043434626									3043434626	3043434626		20181108191334
1236	4025522655									4025522655	4025522655		20181108191334
1238	9136614688									9136614688	9136614688		20181108191334
1239	9897235274									9897235274	9897235274		20181108191334
1240	4102804701									4102804701	4102804701		20181108191334
1241	9254178881									9254178881	9254178881		20181108191334
1242	8593414993									8593414993	8593414993		20181108191334
1243	6142218869									6142218869	6142218869		20181108191334
1244	3182812559									3182812559	3182812559		20181108191334
1245	5023798791									5023798791	5023798791		20181108191334
1247	8632942334									8632942334	8632942334		20181108191334
1248	7208872229									7208872229	7208872229		20181108191334
1249	7184742003									7184742003	7184742003		20181108191334
1250	3194764910									3194764910	3194764910		20181108191334
1251	5052438405									5052438405	5052438405		20181108191334
1253	9727159976									9727159976	9727159976		20181108191334
1254	7029719834									7029719834	7029719834		20181108191334
1255	4105538349									4105538349	4105538349		20181108191334
1256	7732830882									7732830882	7732830882		20181108191334
1257	2104947115									2104947115	2104947115		20181108191334
1258	3183570976									3183570976	3183570976		20181108191334
1260	3182144190									3182144190	3182144190		20181108191334
1261	3308643270									3308643270	3308643270		20181108191334
1262	9017473230									9017473230	9017473230		20181108191334
1263	6169492096									6169492096	6169492096		20181108191334
1264	4198423042									4198423042	4198423042		20181108191334
1265	8605617272									8605617272	8605617272		20181108191334
1266	2704422051									2704422051	2704422051		20181108191334
1267	9723039992									9723039992	9723039992		20181108191334
1268	8662590044									8662590044	8662590044		20181108191334
1269	8503257004									8503257004	8503257004		20181108191334
1270	7877659183									7877659183	7877659183		20181108191334
1272	7135229177									7135229177	7135229177		20181108191334
1273	8028604325									8028604325	8028604325		20181108191334
1274	2485943068									2485943068	2485943068		20181108191334
1275	8655316325									8655316325	8655316325		20181108191334
1276	2484373245									2484373245	2484373245		20181108191334
1278	7704970388									7704970388	7704970388		20181108191334
1279	9733765749									9733765749	9733765749		20181108191334
1280	3522436902									3522436902	3522436902		20181108191334
1281	3027397735									3027397735	3027397735		20181108191334
1283	4125780139									4125780139	4125780139		20181108191334
1284	5122442090									5122442090	5122442090		20181108191334
1285	2814442912									2814442912	2814442912		20181108191334
1287	6364495380									6364495380	6364495380		20181108191334
1289	4233926251									4233926251	4233926251		20181108191334
1290	2567642910									2567642910	2567642910		20181108191334
1291	3012580083									3012580083	3012580083		20181108191334
1293	8632948305									8632948305	8632948305		20181108191334
1294	7707868216									7707868216	7707868216		20181108191334
1296	2022697484									2022697484	2022697484		20181108191334
1298	9132996581									9132996581	9132996581		20181108191334
1299	5184824201									5184824201	5184824201		20181108191334
1300	8645600800									8645600800	8645600800		20181108191334
1301	8313722001									8313722001	8313722001		20181108191334
1304	7172421362									7172421362	7172421362		20181108191334
1305	7039719834									7039719834	7039719834		20181108191334
1306	6607479757									6607479757	6607479757		20181108191334
1308	9136498275									9136498275	9136498275		20181108191334
1309	2516251482									2516251482	2516251482		20181108191334
1310	7023463544									7023463544	7023463544		20181108191334
1311	5182808464									5182808464	5182808464		20181108191334
1312	9786949533									9786949533	9786949533		20181108191334
1313	4808742231									4808742231	4808742231		20181108191334
1314	2319350613									2319350613	2319350613		20181108191334
1316	7147552984									7147552984	7147552984		20181108191334
1317	5122792387									5122792387	5122792387		20181108191334
1318	3178432478									3178432478	3178432478		20181108191334
1320	7035735353									7035735353	7035735353		20181108191334
1321	6109545480									6109545480	6109545480		20181108191334
1322	2098339847									2098339847	2098339847		20181108191334
1323	5122481203									5122481203	5122481203		20181108191334
1324	8437639430									8437639430	8437639430		20181108191334
1326	6128799116									6128799116	6128799116		20181108191334
1328	5629254413									5629254413	5629254413		20181108191334
1330	4052711001									4052711001	4052711001		20181108191334
1331	4808390208									4808390208	4808390208		20181108191334
1332	5182808464									5182808464	5182808464		20181108191334
1333	8436789003									8436789003	8436789003		20181108191334
1334	8127686283									8127686283	8127686283		20181108191334
1335	3342883417									3342883417	3342883417		20181108191334
1336	8162794662									8162794662	8162794662		20181108191334
1337	5089730351									5089730351	5089730351		20181108191334
1338	5124465850									5124465850	5124465850		20181108191334
1339	5048974243									5048974243	5048974243		20181108191334
1340	5702889764									5702889764	5702889764		20181108191334
1341	2052508916									2052508916	2052508916		20181108191334
1342	3143623725									3143623725	3143623725		20181108191334
1343	2708900449									2708900449	2708900449		20181108191334
1344	8163730054									8163730054	8163730054		20181108191334
1345	7168963015									7168963015	7168963015		20181108191334
1346	5058432584									5058432584	5058432584		20181108191334
1347	5058432592									5058432592	5058432592		20181108191334
1348	7137985294									7137985294	7137985294		20181108191334
1350	9702414650									9702414650	9702414650		20181108191334
1351	3032787263									3032787263	3032787263		20181108191334
1352	9049402201									9049402201	9049402201		20181108191334
1353	2095261677									2095261677	2095261677		20181108191334
1354	2395425248									2395425248	2395425248		20181108191334
1355	5166930404									5166930404	5166930404		20181108191334
1356	4804831791									4804831791	4804831791		20181108191334
1357	7709070884									7709070884	7709070884		20181108191334
1358	2059391462									2059391462	2059391462		20181108191334
1360	4232781667									4232781667	4232781667		20181108191334
1362	3045832908									3045832908	3045832908		20181108191334
1363	3154486126									3154486126	3154486126		20181108191334
1364	6628275019									6628275019	6628275019		20181108191334
1365	7062599612									7062599612	7062599612		20181108191334
1366	2814692337									2814692337	2814692337		20181108191334
1367	9134912166									9134912166	9134912166		20181108191334
1368	8122751268									8122751268	8122751268		20181108191334
1370	6153217259									6153217259	6153217259		20181108191334
1371	3045830129									3045830129	3045830129		20181108191334
1372	8509163710									8509163710	8509163710		20181108191334
1373	3019337137									3019337137	3019337137		20181108191334
1375	8174231900									8174231900	8174231900		20181108191334
1376	5308727423									5308727423	5308727423		20181108191334
1378	7022149415									7022149415	7022149415		20181108191334
1379	3304545266									3304545266	3304545266		20181108191334
1380	4403576681									4403576681	4403576681		20181108191334
1381	6203806215									6203806215	6203806215		20181108191334
1382	3178319292									3178319292	3178319292		20181108191334
1383	2065758615									2065758615	2065758615		20181108191334
1384	9155324023									9155324023	9155324023		20181108191334
1385	5622187686									5622187686	5622187686		20181108191334
1387	8183654524									8183654524	8183654524		20181108191334
1388	3045985901									3045985901	3045985901		20181108191334
1390	4143320422									4143320422	4143320422		20181108191334
1391	2526339338									2526339338	2526339338		20181108191334
1393	8453627406									8453627406	8453627406		20181108191334
1394	5614335206									5614335206	5614335206		20181108191334
1396	6363919389									6363919389	6363919389		20181108191334
1397	6186433061									6186433061	6186433061		20181108191334
1399	5805812051									5805812051	5805812051		20181108191334
1400	2626326777									2626326777	2626326777		20181108191334
1401	2158367923									2158367923	2158367923		20181108191334
1402	8036448995									8036448995	8036448995		20181108191334
1403	5035812515									5035812515	5035812515		20181108191334
1404	4322673809									4322673809	4322673809		20181108191334
1405	3193631473									3193631473	3193631473		20181108191334
1406	2106920187									2106920187	2106920187		20181108191334
1407	9207874737									9207874737	9207874737		20181108191334
1408	9207874737									9207874737	9207874737		20181108191334
1409	5088301117									5088301117	5088301117		20181108191334
1410	4106329900									4106329900	4106329900		20181108191334
1411	8144510443									8144510443	8144510443		20181108191334
1412	9413789728									9413789728	9413789728		20181108191334
1413	3205932312									3205932312	3205932312		20181108191334
1414	6128799116									6128799116	6128799116		20181108191334
1415	9287723363									9287723363	9287723363		20181108191334
1416	6065283449									6065283449	6065283449		20181108191334
1417	4802472479									4802472479	4802472479		20181108191334
1418	4024761670									4024761670	4024761670		20181108191334
1419	3153767649									3153767649	3153767649		20181108191334
1420	4024896803									4024896803	4024896803		20181108191334
1421	7172340384									7172340384	7172340384		20181108191334
1422	5614992981									5614992981	5614992981		20181108191334
1423	5188287419									5188287419	5188287419		20181108191334
1424	4042561964									4042561964	4042561964		20181108191334
1425	2178642449									2178642449	2178642449		20181108191334
1427	3047668561									3047668561	3047668561		20181108191334
1428	7249253742									7249253742	7249253742		20181108191334
1429	2038805560									2038805560	2038805560		20181108191334
1430	7168070848									7168070848	7168070848		20181108191334
1431	6182827376									6182827376	6182827376		20181108191334
1432	6206245413									6206245413	6206245413		20181108191334
1433	9783693346									9783693346	9783693346		20181108191334
1434	2565430277									2565430277	2565430277		20181108191334
1436	5016644738									5016644738	5016644738		20181108191334
1438	2602489249									2602489249	2602489249		20181108191334
1440	3187954775									3187954775	3187954775		20181108191335
1441	7605981196									7605981196	7605981196		20181108191335
1442	3034403282									3034403282	3034403282		20181108191335
1444	2547728669									2547728669	2547728669		20181108191335
1445	9315287377									9315287377	9315287377		20181108191335
1447	6034440158									6034440158	6034440158		20181108191335
1448	2078615448									2078615448	2078615448		20181108191335
1449	8127520010									8127520010	8127520010		20181108191335
1451	3304822336									3304822336	3304822336		20181108191335
1452	6203648719									6203648719	6203648719		20181108191335
1453	3602792440									3602792440	3602792440		20181108191335
1454	6077530938									6077530938	6077530938		20181108191335
1455	3058597313									3058597313	3058597313		20181108191335
1456	7328364036									7328364036	7328364036		20181108191335
1457	5127955122									5127955122	5127955122		20181108191335
1458	8164314973									8164314973	8164314973		20181108191335
1459	3304822336									3304822336	3304822336		20181108191335
1460	5026369103									5026369103	5026369103		20181108191335
1461	9109974951									9109974951	9109974951		20181108191335
1462	6417826549									6417826549	6417826549		20181108191335
1463	5135746222									5135746222	5135746222		20181108191335
1464	9016859633									9016859633	9016859633		20181108191335
1465	9734711929									9734711929	9734711929		20181108191335
1466	7274474852									7274474852	7274474852		20181108191335
1467	5137938299									5137938299	5137938299		20181108191335
1469	4232424552									4232424552	4232424552		20181108191335
1470	7603353662									7603353662	7603353662		20181108191335
1472	6052755562									6052755562	6052755562		20181108191335
1473	7133830378									7133830378	7133830378		20181108191335
1474	8154905898									8154905898	8154905898		20181108191335
1476	3095433471									3095433471	3095433471		20181108191335
1477	9042445666									9042445666	9042445666		20181108191335
1478	3604913090									3604913090	3604913090		20181108191335
1481	5632452066									5632452066	5632452066		20181108191335
1483	5033624403									5033624403	5033624403		20181108191335
1484	7858237631									7858237631	7858237631		20181108191335
1486	8282878755									8282878755	8282878755		20181108191335
1487	6053373360									6053373360	6053373360		20181108191335
1488	5207978160									5207978160	5207978160		20181108191335
1490	8444133832									8444133832	8444133832		20181108191335
1491	5024566655									5024566655	5024566655		20181108191335
1492	6128230518									6128230518	6128230518		20181108191335
1493	3058241748									3058241748	3058241748		20181108191335
1496	3183879304									3183879304	3183879304		20181108191335
1497	2709267325									2709267325	2709267325		20181108191335
1498	2706845753									2706845753	2706845753		20181108191335
1499	2106147529									2106147529	2106147529		20181108191335
1500	3187984697									3187984697	3187984697		20181108191335
1501	5865803143									5865803143	5865803143		20181108191335
1502	8886276744									8886276744	8886276744		20181108191335
1503	6152841348									6152841348	6152841348		20181108191335
1506	9043960388									9043960388	9043960388		20181108191335
1507	8036373753									8036373753	8036373753		20181108191335
1508	9737160441									9737160441	9737160441		20181108191335
1509	7872655777									7872655777	7872655777		20181108191335
1511	6163917709									6163917709	6163917709		20181108191335
1512	5596735184									5596735184	5596735184		20181108191335
1514	9858510053									9858510053	9858510053		20181108191335
1515	7244345576									7244345576	7244345576		20181108191335
1516	8437644719									8437644719	8437644719		20181108191335
1517	5048833704									5048833704	5048833704		20181108191335
1518	7127224531									7127224531	7127224531		20181108191335
1519	4235087338									4235087338	4235087338		20181108191335
1520	4053480423									4053480423	4053480423		20181108191335
1521	2024763732									2024763732	2024763732		20181108191335
1522	8107337141									8107337141	8107337141		20181108191335
1523	7035284233									7035284233	7035284233		20181108191335
1524	5702539471									5702539471	5702539471		20181108191335
1526	5616557142									5616557142	5616557142		20181108191335
1527	5127955122									5127955122	5127955122		20181108191335
1528	8045940915									8045940915	8045940915		20181108191335
1530	2392360337									2392360337	2392360337		20181108191335
1531	7122394946									7122394946	7122394946		20181108191335
1532	7079642269									7079642269	7079642269		20181108191335
1533	5152230482									5152230482	5152230482		20181108191335
1534	9367566681									9367566681	9367566681		20181108191335
1536	5025405615									5025405615	5025405615		20181108191335
1538	3043549323									3043549323	3043549323		20181108191335
1539	5024519291									5024519291	5024519291		20181108191335
1540	6122944903									6122944903	6122944903		20181108191335
1541	4198423048									4198423048	4198423048		20181108191335
1542	4198423048									4198423048	4198423048		20181108191335
1545	7249253742									7249253742	7249253742		20181108191335
1546	8302783427									8302783427	8302783427		20181108191335
1547	6309835632									6309835632	6309835632		20181108191335
1549	6314447538									6314447538	6314447538		20181108191335
1550	9106093784									9106093784	9106093784		20181108191335
1552	7137745119									7137745119	7137745119		20181108191335
1555	4145273114									4145273114	4145273114		20181108191335
1556	6203648719									6203648719	6203648719		20181108191335
1558	6059968171									6059968171	6059968171		20181108191335
1560	5403458423									5403458423	5403458423		20181108191335
1561	4024960517									4024960517	4024960517		20181108191335
1562	5167733201									5167733201	5167733201		20181108191335
1563	3379849592									3379849592	3379849592		20181108191335
1564	2257677807									2257677807	2257677807		20181108191335
1565	2707800478									2707800478	2707800478		20181108191335
1566	6319687486									6319687486	6319687486		20181108191335
1567	2198364075									2198364075	2198364075		20181108191335
1568	9729321388									9729321388	9729321388		20181108191335
1572	8504699113									8504699113	8504699113		20181108191335
1573	2813671201									2813671201	2813671201		20181108191335
1574	8144724961									8144724961	8144724961		20181108191335
1575	2485414969									2485414969	2485414969		20181108191335
1576	2293125853									2293125853	2293125853		20181108191335
1578	9287796408									9287796408	9287796408		20181108191335
1580	7169470413									7169470413	7169470413		20181108191335
1582	2018543298									2018543298	2018543298		20181108191335
1584	6148476015									6148476015	6148476015		20181108191335
1586	4102660787									4102660787	4102660787		20181108191335
1587	7195890997									7195890997	7195890997		20181108191335
1588	5048833704									5048833704	5048833704		20181108191335
1590	8033288931									8033288931	8033288931		20181108191335
1592	6605624303									6605624303	6605624303		20181108191335
1593	2486504663									2486504663	2486504663		20181108191335
1595	7704835855									7704835855	7704835855		20181108191335
1596	9413309921									9413309921	9413309921		20181108191335
1597	4106470019									4106470019	4106470019		20181108191335
1599	5415355051									5415355051	5415355051		20181108191335
1600	3017547468									3017547468	3017547468		20181108191335
1601	2708698568									2708698568	2708698568		20181108191335
1602	5742807355									5742807355	5742807355		20181108191335
1603	4794947787									4794947787	4794947787		20181108191335
1604	6612152349									6612152349	6612152349		20181108191335
1605	2562296272									2562296272	2562296272		20181108191335
1606	7278946839									7278946839	7278946839		20181108191335
1607	3103251144									3103251144	3103251144		20181108191335
1608	8476624174									8476624174	8476624174		20181108191335
1609	2562296272									2562296272	2562296272		20181108191335
1610	2053135298									2053135298	2053135298		20181108191335
1611	2033843829									2033843829	2033843829		20181108191335
1612	3172727507									3172727507	3172727507		20181108191335
1614	8045940915									8045940915	8045940915		20181108191335
1615	6203806215									6203806215	6203806215		20181108191335
1616	7014519452									7014519452	7014519452		20181108191335
1617	4108339288									4108339288	4108339288		20181108191335
1618	9016845523									9016845523	9016845523		20181108191335
1619	5127955122									5127955122	5127955122		20181108191335
1620	3528357165									3528357165	3528357165		20181108191335
1621	5616240647									5616240647	5616240647		20181108191335
1622	2814274936									2814274936	2814274936		20181108191335
1623	7753297993									7753297993	7753297993		20181108191335
1624	5302950328									5302950328	5302950328		20181108191335
1625	2187290319									2187290319	2187290319		20181108191335
1627	3238373473									3238373473	3238373473		20181108191335
1628	8148323811									8148323811	8148323811		20181108191335
1630	6152845385									6152845385	6152845385		20181108191335
1631	7658681059									7658681059	7658681059		20181108191335
1632	6063242274									6063242274	6063242274		20181108191335
1633	8124011267									8124011267	8124011267		20181108191335
1634	4193632093									4193632093	4193632093		20181108191335
1635	7403850865									7403850865	7403850865		20181108191335
1636	8609456820									8609456820	8609456820		20181108191335
1637	3192218575									3192218575	3192218575		20181108191335
1638	3188482971									3188482971	3188482971		20181108191335
1639	5139658091									5139658091	5139658091		20181108191335
1640	6174849945									6174849945	6174849945		20181108191335
1641	5745223952									5745223952	5745223952		20181108191335
1642	6605624303									6605624303	6605624303		20181108191335
1643	4109228521									4109228521	4109228521		20181108191335
1644	4168783236									4168783236	4168783236		20181108191335
1645	9106189920									9106189920	9106189920		20181108191335
1646	5152322775									5152322775	5152322775		20181108191335
1647	9367566681									9367566681	9367566681		20181108191335
1648	9367566681									9367566681	9367566681		20181108191335
1649	3154705811									3154705811	3154705811		20181108191335
1650	7027328396									7027328396	7027328396		20181108191335
1651	8179277568									8179277568	8179277568		20181108191335
1652	5802236673									5802236673	5802236673		20181108191335
1655	6163652076									6163652076	6163652076		20181108191335
1656	4696611100									4696611100	4696611100		20181108191335
1657	8138731166									8138731166	8138731166		20181108191335
1658	9197910911									9197910911	9197910911		20181108191335
1659	5414129600									5414129600	5414129600		20181108191335
1660	2547736582									2547736582	2547736582		20181108191335
1662	5708241764									5708241764	5708241764		20181108191335
1664	2529373113									2529373113	2529373113		20181108191335
1665	8136151262									8136151262	8136151262		20181108191335
1666	6144880226									6144880226	6144880226		20181108191335
1667	4044172910									4044172910	4044172910		20181108191335
1668	9104820397									9104820397	9104820397		20181108191335
1669	5632427534									5632427534	5632427534		20181108191335
1670	8648593998									8648593998	8648593998		20181108191335
1671	9155846764									9155846764	9155846764		20181108191335
1673	3342862029									3342862029	3342862029		20181108191335
1674	7274429425									7274429425	7274429425		20181108191335
1675	9569719109									9569719109	9569719109		20181108191335
1676	4043508795									4043508795	4043508795		20181108191335
1677	8045940915									8045940915	8045940915		20181108191335
1679	2813334013									2813334013	2813334013		20181108191335
1681	4797097431									4797097431	4797097431		20181108191335
1683	2037529387									2037529387	2037529387		20181108191335
1684	5805107044									5805107044	5805107044		20181108191335
1686	5089102212									5089102212	5089102212		20181108191335
1687	7047711931									7047711931	7047711931		20181108191335
1688	6202217681									6202217681	6202217681		20181108191335
1689	4023541535									4023541535	4023541535		20181108191335
1691	5023391717									5023391717	5023391717		20181108191335
1692	8067971102									8067971102	8067971102		20181108191335
1693	9104868712									9104868712	9104868712		20181108191335
1694	6362271159									6362271159	6362271159		20181108191335
1695	2084633034									2084633034	2084633034		20181108191335
1696	5127955122									5127955122	5127955122		20181108191335
1697	3174621999									3174621999	3174621999		20181108191335
1698	5168670561									5168670561	5168670561		20181108191335
1700	7326150865									7326150865	7326150865		20181108191335
1701	4017383777									4017383777	4017383777		20181108191335
1702	2562450404									2562450404	2562450404		20181108191335
1703	9197475211									9197475211	9197475211		20181108191335
1704	8453624464									8453624464	8453624464		20181108191335
1705	8506395536									8506395536	8506395536		20181108191335
1706	7607584356									7607584356	7607584356		20181108191335
1707	2063281037									2063281037	2063281037		20181108191335
1708	3149911830									3149911830	3149911830		20181108191335
1709	7193655530									7193655530	7193655530		20181108191335
1710	2814861677									2814861677	2814861677		20181108191335
1712	9568317749									9568317749	9568317749		20181108191335
1713	6024332257									6024332257	6024332257		20181108191335
1714	5737566439									5737566439	5737566439		20181108191335
1715	7852339090									7852339090	7852339090		20181108191335
1716	4102804701									4102804701	4102804701		20181108191335
1717	8632846853									8632846853	8632846853		20181108191335
1718	9149680402									9149680402	9149680402		20181108191335
1719	3043443480									3043443480	3043443480		20181108191335
1720	7178674981									7178674981	7178674981		20181108191335
1721	5203279751									5203279751	5203279751		20181108191335
1723	8022233054									8022233054	8022233054		20181108191335
1725	3043443480									3043443480	3043443480		20181108191335
1726	5127955122									5127955122	5127955122		20181108191335
1727	9134987899									9134987899	9134987899		20181108191335
1728	5738889993									5738889993	5738889993		20181108191335
1729	9197786057									9197786057	9197786057		20181108191335
1730	8888187979									8888187979	8888187979		20181108191335
1731	8306723035									8306723035	8306723035		20181108191335
1733	5108398984									5108398984	5108398984		20181108191335
1734	9372364006									9372364006	9372364006		20181108191335
1735	3018972148									3018972148	3018972148		20181108191335
1736	6162454802									6162454802	6162454802		20181108191335
1737	3017234089									3017234089	3017234089		20181108191335
1739	7015237107									7015237107	7015237107		20181108191335
1740	8453620112									8453620112	8453620112		20181108191335
1741	2399391743									2399391743	2399391743		20181108191335
1742	6202258022									6202258022	6202258022		20181108191335
1743	6268200602									6268200602	6268200602		20181108191335
1746	4078359431									4078359431	4078359431		20181108191335
1747	5137936290									5137936290	5137936290		20181108191335
1749	2157859021									2157859021	2157859021		20181108191335
1752	7326150865									7326150865	7326150865		20181108191335
1753	8433201257									8433201257	8433201257		20181108191335
1754	3177155618									3177155618	3177155618		20181108191335
1757	8143758056									8143758056	8143758056		20181108191335
1758	5412788360									5412788360	5412788360		20181108191335
1759	5035886843									5035886843	5035886843		20181108191335
1760	3043443480									3043443480	3043443480		20181108191335
1761	3183570976									3183570976	3183570976		20181108191335
1762	9565446657									9565446657	9565446657		20181108191335
1763	9158557755									9158557755	9158557755		20181108191335
1764	9897432362									9897432362	9897432362		20181108191335
1765	7196351794									7196351794	7196351794		20181108191335
1766	6022699678									6022699678	6022699678		20181108191335
1767	6083927854									6083927854	6083927854		20181108191335
1768	7656083278									7656083278	7656083278		20181108191335
1769	9073440214									9073440214	9073440214		20181108191335
1770	9183312346									9183312346	9183312346		20181108191335
1771	3103247925									3103247925	3103247925		20181108191335
1772	7278638721									7278638721	7278638721		20181108191335
1773	5152227643									5152227643	5152227643		20181108191335
1774	2034265113									2034265113	2034265113		20181108191335
1775	9037837367									9037837367	9037837367		20181108191335
1777	9155991953									9155991953	9155991953		20181108191335
1778	3046911510									3046911510	3046911510		20181108191335
1779	3145677639									3145677639	3145677639		20181108191335
1780	7409422182									7409422182	7409422182		20181108191335
1781	9034321943									9034321943	9034321943		20181108191335
1782	5156436899									5156436899	5156436899		20181108191335
1783	8158388088									8158388088	8158388088		20181108191335
1785	9724129700									9724129700	9724129700		20181108191335
1786	9785578863									9785578863	9785578863		20181108191335
1787	2174420022									2174420022	2174420022		20181108191335
1789	3037888505									3037888505	3037888505		20181108191335
1791	9517661269									9517661269	9517661269		20181108191335
1792	2259069321									2259069321	2259069321		20181108191335
1793	7342419108									7342419108	7342419108		20181108191335
1794	7313524459									7313524459	7313524459		20181108191335
1795	5048974243									5048974243	5048974243		20181108191335
1796	5162959245									5162959245	5162959245		20181108191335
1797	8045940915									8045940915	8045940915		20181108191335
1799	7277385037									7277385037	7277385037		20181108191335
1800	8453570086									8453570086	8453570086		20181108191335
1801	9135964635									9135964635	9135964635		20181108191335
1802	8455682851									8455682851	8455682851		20181108191335
1803	5049885948									5049885948	5049885948		20181108191335
1805	5169212762									5169212762	5169212762		20181108191335
1806	8709330531									8709330531	8709330531		20181108191335
1807	3368828328									3368828328	3368828328		20181108191335
1808	3154577808									3154577808	3154577808		20181108191335
1809	2527441115									2527441115	2527441115		20181108191335
1810	6517734965									6517734965	6517734965		20181108191335
1811	9897727147									9897727147	9897727147		20181108191335
1812	4102394744									4102394744	4102394744		20181108191335
1814	2019434903									2019434903	2019434903		20181108191335
1815	3019778165									3019778165	3019778165		20181108191335
1816	2486265476									2486265476	2486265476		20181108191335
1817	9087220865									9087220865	9087220865		20181108191335
1818	3379484392									3379484392	3379484392		20181108191335
1822	4102823333									4102823333	4102823333		20181108191335
1823	8183911037									8183911037	8183911037		20181108191335
1824	2078273244									2078273244	2078273244		20181108191335
1825	9035869200									9035869200	9035869200		20181108191335
1826	8145364751									8145364751	8145364751		20181108191335
1827	4098337118									4098337118	4098337118		20181108191335
1828	8023348270									8023348270	8023348270		20181108191335
1829	6163915685									6163915685	6163915685		20181108191335
1830	5742371348									5742371348	5742371348		20181108191335
1831	8437063350									8437063350	8437063350		20181108191335
1832	4325868121									4325868121	4325868121		20181108191335
1833	8023342550									8023342550	8023342550		20181108191335
1834	7857424490									7857424490	7857424490		20181108191336
1835	7278428676									7278428676	7278428676		20181108191336
1836	3109432703									3109432703	3109432703		20181108191336
1837	5048998668									5048998668	5048998668		20181108191336
1838	8035341575									8035341575	8035341575		20181108191336
1840	5058220316									5058220316	5058220316		20181108191336
1841	9149351187									9149351187	9149351187		20181108191336
1842	2548836066									2548836066	2548836066		20181108191336
1843	2013915333									2013915333	2013915333		20181108191336
1844	7066478019									7066478019	7066478019		20181108191336
1846	2762286665									2762286665	2762286665		20181108191336
1847	4237945587									4237945587	4237945587		20181108191336
1850	2488514901									2488514901	2488514901		20181108191336
1851	3184438761									3184438761	3184438761		20181108191336
1852	3143535907									3143535907	3143535907		20181108191336
1853	8147632108									8147632108	8147632108		20181108191336
1854	5135573332									5135573332	5135573332		20181108191336
1856	3037888505									3037888505	3037888505		20181108191336
1857	2482808571									2482808571	2482808571		20181108191336
1859	6105883877									6105883877	6105883877		20181108191336
1860	3105500367									3105500367	3105500367		20181108191336
1862	4057553950									4057553950	4057553950		20181108191336
1863	3017747982									3017747982	3017747982		20181108191336
1864	3037888505									3037888505	3037888505		20181108191336
1865	2173425564									2173425564	2173425564		20181108191336
1866	5127955122									5127955122	5127955122		20181108191336
1867	7878734100									7878734100	7878734100		20181108191336
1869	6153213629									6153213629	6153213629		20181108191336
1870	2814801623									2814801623	2814801623		20181108191336
1871	4239211675									4239211675	4239211675		20181108191336
1872	9372762620									9372762620	9372762620		20181108191336
1873	5206823607									5206823607	5206823607		20181108191336
1874	5702087952									5702087952	5702087952		20181108191336
1875	7145319686									7145319686	7145319686		20181108191336
1876	5705231701									5705231701	5705231701		20181108191336
1877	7574963822									7574963822	7574963822		20181108191336
1878	2099284101									2099284101	2099284101		20181108191336
1880	8453567797									8453567797	8453567797		20181108191336
1881	8125248746									8125248746	8125248746		20181108191336
1882	2816476458									2816476458	2816476458		20181108191336
1883	6186322133									6186322133	6186322133		20181108191336
1884	3055969410									3055969410	3055969410		20181108191336
1885	2395492332									2395492332	2395492332		20181108191336
1887	6317513366									6317513366	6317513366		20181108191336
1889	6022431235									6022431235	6022431235		20181108191336
1890	7048657232									7048657232	7048657232		20181108191336
1891	7134320221									7134320221	7134320221		20181108191336
1892	7189801317									7189801317	7189801317		20181108191336
1893	7323901856									7323901856	7323901856		20181108191336
1894	3033154630									3033154630	3033154630		20181108191336
1895	9317390047									9317390047	9317390047		20181108191336
1896	8605287163									8605287163	8605287163		20181108191336
1897	7153742236									7153742236	7153742236		20181108191336
1898	3377623838									3377623838	3377623838		20181108191336
1899	6192582806									6192582806	6192582806		20181108191336
1900	7137430963									7137430963	7137430963		20181108191336
1901	7858423410									7858423410	7858423410		20181108191336
1902	9497167982									9497167982	9497167982		20181108191336
1904	7402641320									7402641320	7402641320		20181108191336
1905	3033931026									3033931026	3033931026		20181108191336
1906	2098230267									2098230267	2098230267		20181108191336
1908	4142662027									4142662027	4142662027		20181108191336
1909	2189276436									2189276436	2189276436		20181108191336
1910	6316752001									6316752001	6316752001		20181108191336
1911	9499002136									9499002136	9499002136		20181108191336
1912	2535308062									2535308062	2535308062		20181108191336
1916	5135641367									5135641367	5135641367		20181108191336
1917	9044480030									9044480030	9044480030		20181108191336
1919	5302450539									5302450539	5302450539		20181108191336
1920	5615941807									5615941807	5615941807		20181108191336
1922	3166522595									3166522595	3166522595		20181108191336
1923	5742822813									5742822813	5742822813		20181108191336
1924	4073228725									4073228725	4073228725		20181108191336
1927	7173372285									7173372285	7173372285		20181108191336
1928	2014438986									2014438986	2014438986		20181108191336
1930	6152843854									6152843854	6152843854		20181108191336
1931	2013395427									2013395427	2013395427		20181108191336
1933	7043347818									7043347818	7043347818		20181108191336
1934	3154645221									3154645221	3154645221		20181108191336
1935	4072827012									4072827012	4072827012		20181108191336
1936	9569949694									9569949694	9569949694		20181108191336
1937	7123624705									7123624705	7123624705		20181108191336
1940	7196300688									7196300688	7196300688		20181108191336
1941	6314728221									6314728221	6314728221		20181108191336
1942	7818267469									7818267469	7818267469		20181108191336
1944	8054610361									8054610361	8054610361		20181108191336
1945	5805362011									5805362011	5805362011		20181108191336
1946	5805362011									5805362011	5805362011		20181108191336
1947	3018697204									3018697204	3018697204		20181108191336
1949	5628654945									5628654945	5628654945		20181108191336
1951	5628608334									5628608334	5628608334		20181108191336
1952	3178341521									3178341521	3178341521		20181108191336
1953	5034341190									5034341190	5034341190		20181108191336
1954	9739779455									9739779455	9739779455		20181108191336
1955	8667678329									8667678329	8667678329		20181108191336
1956	5179135996									5179135996	5179135996		20181108191336
1957	5128476262									5128476262	5128476262		20181108191336
1958	3018680693									3018680693	3018680693		20181108191336
1960	6108663166									6108663166	6108663166		20181108191336
1963	3309522261									3309522261	3309522261		20181108191336
1964	2097549922									2097549922	2097549922		20181108191336
1965	3197526042									3197526042	3197526042		20181108191336
1966	7134320221									7134320221	7134320221		20181108191336
1968	4342934265									4342934265	4342934265		20181108191336
1969	2143390090									2143390090	2143390090		20181108191336
1971	6065465022									6065465022	6065465022		20181108191336
1972	5742324888									5742324888	5742324888		20181108191336
1973	8192285462									8192285462	8192285462		20181108191336
1976	5187926854									5187926854	5187926854		20181108191336
1977	4239299448									4239299448	4239299448		20181108191336
1978	2164014081									2164014081	2164014081		20181108191336
1979	7324041594									7324041594	7324041594		20181108191336
1980	6167421945									6167421945	6167421945		20181108191336
1981	9897901002									9897901002	9897901002		20181108191336
1982	3047579045									3047579045	3047579045		20181108191336
1983	9208873422									9208873422	9208873422		20181108191336
1985	7326673708									7326673708	7326673708		20181108191336
1986	9792975692									9792975692	9792975692		20181108191336
1987	9106758103									9106758103	9106758103		20181108191336
1988	3864254575									3864254575	3864254575		20181108191336
1991	6785817100									6785817100	6785817100		20181108191336
1992	8067718009									8067718009	8067718009		20181108191336
1993	4195785939									4195785939	4195785939		20181108191336
1995	8066878009									8066878009	8066878009		20181108191336
1996	5742324888									5742324888	5742324888		20181108191336
1997	8473367856									8473367856	8473367856		20181108191336
1998	8033954620									8033954620	8033954620		20181108191336
1999	5708227809									5708227809	5708227809		20181108191336
