Line_ID	As_Short_Text_LTE_400	As_Long_Text_LTE_4000	As_Year	As_Month	As_Day	As_Hour	As_Minute	As_Second	As_Millisecond	As_Double	As_Long	As_Bool	YMD_hms_Key
1	2815656183									2815656183	2815656183		20181108192038
2	7029336412									7029336412	7029336412		20181108192038
3	8453685608									8453685608	8453685608		20181108192038
4	3156246308									3156246308	3156246308		20181108192038
5	8709721911									8709721911	8709721911		20181108192038
6	7406819112									7406819112	7406819112		20181108192038
7	2707565199									2707565199	2707565199		20181108192038
8	5742693995									5742693995	5742693995		20181108192038
9	3096925508									3096925508	3096925508		20181108192038
10	7025418241									7025418241	7025418241		20181108192038
11	4356738557									4356738557	4356738557		20181108192038
12	7244304890									7244304890	7244304890		20181108192038
13	6035015001									6035015001	6035015001		20181108192038
14	4065495392									4065495392	4065495392		20181108192038
15	9549819691									9549819691	9549819691		20181108192038
16	7135127624									7135127624	7135127624		20181108192038
17	7405924844									7405924844	7405924844		20181108192038
18	7135127676									7135127676	7135127676		20181108192038
19	9102953165									9102953165	9102953165		20181108192038
20	2707371722									2707371722	2707371722		20181108192038
21	8506642170									8506642170	8506642170		20181108192038
22	2693533701									2693533701	2693533701		20181108192038
23	3367165438									3367165438	3367165438		20181108192038
24	8286845889									8286845889	8286845889		20181108192038
25	9498571042									9498571042	9498571042		20181108192038
26	2819294421									2819294421	2819294421		20181108192038
27	2694284625									2694284625	2694284625		20181108192038
28	7148328965									7148328965	7148328965		20181108192038
29	2083756461									2083756461	2083756461		20181108192038
30	3368843801									3368843801	3368843801		20181108192038
31	9204585255									9204585255	9204585255		20181108192038
32	2604868585									2604868585	2604868585		20181108192038
33	7028739280									7028739280	7028739280		20181108192038
34	7278631787									7278631787	7278631787		20181108192038
35	2527526600									2527526600	2527526600		20181108192038
36	8607148047									8607148047	8607148047		20181108192038
37	7405871424									7405871424	7405871424		20181108192038
38	9542760262									9542760262	9542760262		20181108192038
39	2814848911									2814848911	2814848911		20181108192038
40	8645770633									8645770633	8645770633		20181108192038
42	8665076567									8665076567	8665076567		20181108192038
43	2156636265									2156636265	2156636265		20181108192038
44	6158958867									6158958867	6158958867		20181108192038
45	5032164850									5032164850	5032164850		20181108192038
46	5803179275									5803179275	5803179275		20181108192038
47	4239297968									4239297968	4239297968		20181108192038
48	3143625743									3143625743	3143625743		20181108192038
49	6034722872									6034722872	6034722872		20181108192038
50	7245434380									7245434380	7245434380		20181108192038
51	7855394204									7855394204	7855394204		20181108192038
52	5407312693									5407312693	5407312693		20181108192038
53	8063513345									8063513345	8063513345		20181108192038
54	8507180383									8507180383	8507180383		20181108192038
55	7135127927									7135127927	7135127927		20181108192038
56	2519908558									2519908558	2519908558		20181108192038
57	4129670186									4129670186	4129670186		20181108192038
58	4192912017									4192912017	4192912017		20181108192038
59	2012655320									2012655320	2012655320		20181108192038
60	2707817112									2707817112	2707817112		20181108192038
61	7196325078									7196325078	7196325078		20181108192038
62	4238445645									4238445645	4238445645		20181108192038
63	7028695347									7028695347	7028695347		20181108192038
64	9704827549									9704827549	9704827549		20181108192038
65	6305279129									6305279129	6305279129		20181108192038
67	7135240581									7135240581	7135240581		20181108192038
68	7075754033									7075754033	7075754033		20181108192038
69	8158764455									8158764455	8158764455		20181108192038
71	7242249010									7242249010	7242249010		20181108192038
72	3867884113									3867884113	3867884113		20181108192038
73	7242249010									7242249010	7242249010		20181108192038
74	5122752833									5122752833	5122752833		20181108192038
75	2547724436									2547724436	2547724436		20181108192038
76	5809224954									5809224954	5809224954		20181108192038
77	9017479087									9017479087	9017479087		20181108192038
78	7858775746									7858775746	7858775746		20181108192038
79	5167470166									5167470166	5167470166		20181108192038
80	7609941205									7609941205	7609941205		20181108192038
81	4174483604									4174483604	4174483604		20181108192038
82	6103970980									6103970980	6103970980		20181108192038
83	3034983629									3034983629	3034983629		20181108192038
84	2059346755									2059346755	2059346755		20181108192038
85	9209691788									9209691788	9209691788		20181108192038
86	3058206144									3058206144	3058206144		20181108192038
87	8164787222									8164787222	8164787222		20181108192038
88	2527526600									2527526600	2527526600		20181108192038
89	7709961492									7709961492	7709961492		20181108192038
90	5135311174									5135311174	5135311174		20181108192038
91	8164787222									8164787222	8164787222		20181108192038
92	2125881535									2125881535	2125881535		20181108192038
94	8283911972									8283911972	8283911972		20181108192038
95	9544376628									9544376628	9544376628		20181108192038
96	4196614015									4196614015	4196614015		20181108192038
97	3217680033									3217680033	3217680033		20181108192038
98	3306099910									3306099910	3306099910		20181108192038
100	4196847238									4196847238	4196847238		20181108192038
102	8036990951									8036990951	8036990951		20181108192038
103	8325593718									8325593718	8325593718		20181108192038
104	7172629714									7172629714	7172629714		20181108192038
105	5128925071									5128925071	5128925071		20181108192038
106	4105465851									4105465851	4105465851		20181108192038
107	9043881827									9043881827	9043881827		20181108192038
108	7406896759									7406896759	7406896759		20181108192038
109	3216338651									3216338651	3216338651		20181108192038
110	6238820926									6238820926	6238820926		20181108192038
111	8593415075									8593415075	8593415075		20181108192038
113	7028784907									7028784907	7028784907		20181108192039
114	8147742055									8147742055	8147742055		20181108192039
116	8887307357									8887307357	8887307357		20181108192039
119	2153454579									2153454579	2153454579		20181108192039
120	2129808466									2129808466	2129808466		20181108192039
121	4194710248									4194710248	4194710248		20181108192039
123	9286392777									9286392777	9286392777		20181108192039
125	4256733740									4256733740	4256733740		20181108192039
126	7703929765									7703929765	7703929765		20181108192039
127	8453344789									8453344789	8453344789		20181108192039
128	5025855251									5025855251	5025855251		20181108192039
129	2105259617									2105259617	2105259617		20181108192039
130	5188282320									5188282320	5188282320		20181108192039
131	4196910082									4196910082	4196910082		20181108192039
132	7406878230									7406878230	7406878230		20181108192039
133	3052746316									3052746316	3052746316		20181108192039
134	9703720696									9703720696	9703720696		20181108192039
135	9047223922									9047223922	9047223922		20181108192039
136	4023977591									4023977591	4023977591		20181108192039
137	7135127829									7135127829	7135127829		20181108192039
138	9145937881									9145937881	9145937881		20181108192039
139	4192814533									4192814533	4192814533		20181108192039
140	4192516977									4192516977	4192516977		20181108192039
141	5097655192									5097655192	5097655192		20181108192039
142	7243472149									7243472149	7243472149		20181108192039
143	6064360071									6064360071	6064360071		20181108192039
146	5708744019									5708744019	5708744019		20181108192039
147	4053486871									4053486871	4053486871		20181108192039
148	6098967052									6098967052	6098967052		20181108192039
149	4105465005									4105465005	4105465005		20181108192039
150	5124778640									5124778640	5124778640		20181108192039
151	4347973217									4347973217	4347973217		20181108192039
152	5082734951									5082734951	5082734951		20181108192039
153	8132510096									8132510096	8132510096		20181108192039
154	7245434380									7245434380	7245434380		20181108192039
155	6095866932									6095866932	6095866932		20181108192039
157	9042643302									9042643302	9042643302		20181108192039
158	6154684406									6154684406	6154684406		20181108192039
159	7858427474									7858427474	7858427474		20181108192039
160	4237090543									4237090543	4237090543		20181108192039
161	6037781602									6037781602	6037781602		20181108192039
162	5123068978									5123068978	5123068978		20181108192039
163	2059309050									2059309050	2059309050		20181108192039
164	2813537694									2813537694	2813537694		20181108192039
165	4097299076									4097299076	4097299076		20181108192039
166	7855275419									7855275419	7855275419		20181108192039
167	8647166746									8647166746	8647166746		20181108192039
168	4796499504									4796499504	4796499504		20181108192039
169	5803552356									5803552356	5803552356		20181108192039
170	9015953842									9015953842	9015953842		20181108192039
172	6623285000									6623285000	6623285000		20181108192039
173	7195700386									7195700386	7195700386		20181108192039
174	3034073880									3034073880	3034073880		20181108192039
175	7702975011									7702975011	7702975011		20181108192039
176	5172652237									5172652237	5172652237		20181108192039
177	9145937857									9145937857	9145937857		20181108192039
178	7044818050									7044818050	7044818050		20181108192039
179	7872711820									7872711820	7872711820		20181108192039
180	6153719040									6153719040	6153719040		20181108192039
181	8014758686									8014758686	8014758686		20181108192039
182	3604934657									3604934657	3604934657		20181108192039
183	5123432745									5123432745	5123432745		20181108192039
184	4053796369									4053796369	4053796369		20181108192039
185	5123240786									5123240786	5123240786		20181108192039
186	9544376628									9544376628	9544376628		20181108192039
187	9414845487									9414845487	9414845487		20181108192039
189	4099635388									4099635388	4099635388		20181108192039
190	6036260899									6036260899	6036260899		20181108192039
192	9192863772									9192863772	9192863772		20181108192039
193	4797556704									4797556704	4797556704		20181108192039
194	4106822783									4106822783	4106822783		20181108192039
195	7244593475									7244593475	7244593475		20181108192039
196	7603603194									7603603194	7603603194		20181108192039
197	5025870860									5025870860	5025870860		20181108192039
198	2039260594									2039260594	2039260594		20181108192039
199	3156377808									3156377808	3156377808		20181108192039
200	5417468402									5417468402	5417468402		20181108192039
201	9544376628									9544376628	9544376628		20181108192039
202	5059136466									5059136466	5059136466		20181108192039
203	7403537900									7403537900	7403537900		20181108192039
204	9014953842									9014953842	9014953842		20181108192039
205	3173982335									3173982335	3173982335		20181108192039
206	5084777626									5084777626	5084777626		20181108192039
207	6152842200									6152842200	6152842200		20181108192039
208	3205893008									3205893008	3205893008		20181108192039
209	6204211437									6204211437	6204211437		20181108192039
210	5183833342									5183833342	5183833342		20181108192039
211	5618261209									5618261209	5618261209		20181108192039
212	6064350752									6064350752	6064350752		20181108192039
213	7177246451									7177246451	7177246451		20181108192039
214	4104275594									4104275594	4104275594		20181108192039
215	2149053022									2149053022	2149053022		20181108192039
216	7723341703									7723341703	7723341703		20181108192039
217	9155441709									9155441709	9155441709		20181108192039
218	4404424695									4404424695	4404424695		20181108192039
219	8667691797									8667691797	8667691797		20181108192039
220	8656714947									8656714947	8656714947		20181108192039
221	6064394224									6064394224	6064394224		20181108192039
222	7026380099									7026380099	7026380099		20181108192039
223	6153426854									6153426854	6153426854		20181108192039
224	8138441655									8138441655	8138441655		20181108192039
225	6167482840									6167482840	6167482840		20181108192039
226	8173366440									8173366440	8173366440		20181108192039
227	6038914809									6038914809	6038914809		20181108192039
229	9044484674									9044484674	9044484674		20181108192039
230	5704570465									5704570465	5704570465		20181108192039
231	9703856727									9703856727	9703856727		20181108192039
232	9544376628									9544376628	9544376628		20181108192039
233	7406549794									7406549794	7406549794		20181108192039
234	2184854724									2184854724	2184854724		20181108192039
236	2395738674									2395738674	2395738674		20181108192039
238	7877567853									7877567853	7877567853		20181108192039
239	8038179931									8038179931	8038179931		20181108192039
240	9544376628									9544376628	9544376628		20181108192039
241	8558527153									8558527153	8558527153		20181108192039
242	7194755797									7194755797	7194755797		20181108192039
243	4694430943									4694430943	4694430943		20181108192039
245	2102247011									2102247011	2102247011		20181108192039
246	3609449686									3609449686	3609449686		20181108192039
247	7027969071									7027969071	7027969071		20181108192039
249	6152842751									6152842751	6152842751		20181108192039
251	3017771902									3017771902	3017771902		20181108192039
253	9856438510									9856438510	9856438510		20181108192039
254	9497868884									9497868884	9497868884		20181108192039
255	9419270797									9419270797	9419270797		20181108192039
256	7705739513									7705739513	7705739513		20181108192039
257	4023978703									4023978703	4023978703		20181108192039
258	4196847238									4196847238	4196847238		20181108192039
259	7704296503									7704296503	7704296503		20181108192039
260	3153635472									3153635472	3153635472		20181108192039
261	9419511795									9419511795	9419511795		20181108192039
262	7877927598									7877927598	7877927598		20181108192039
263	9015072280									9015072280	9015072280		20181108192039
264	8067227404									8067227404	8067227404		20181108192039
266	3017740640									3017740640	3017740640		20181108192039
267	9544376628									9544376628	9544376628		20181108192039
268	7607438837									7607438837	7607438837		20181108192039
269	9797764326									9797764326	9797764326		20181108192039
271	3083810408									3083810408	3083810408		20181108192039
272	8107200426									8107200426	8107200426		20181108192039
273	2017681861									2017681861	2017681861		20181108192039
274	6417914852									6417914852	6417914852		20181108192039
275	8454718084									8454718084	8454718084		20181108192039
278	7023889929									7023889929	7023889929		20181108192039
279	7242237187									7242237187	7242237187		20181108192039
280	2395749483									2395749483	2395749483		20181108192039
281	6172328931									6172328931	6172328931		20181108192039
282	4102429525									4102429525	4102429525		20181108192039
283	2706881780									2706881780	2706881780		20181108192039
284	2037555998									2037555998	2037555998		20181108192039
285	9898926991									9898926991	9898926991		20181108192039
286	2766473990									2766473990	2766473990		20181108192039
288	8173177033									8173177033	8173177033		20181108192039
289	3187958512									3187958512	3187958512		20181108192039
290	8032560397									8032560397	8032560397		20181108192039
291	7603697167									7603697167	7603697167		20181108192039
292	9726612551									9726612551	9726612551		20181108192039
293	8316484225									8316484225	8316484225		20181108192039
294	7407796804									7407796804	7407796804		20181108192039
296	6143510358									6143510358	6143510358		20181108192039
297	5207229702									5207229702	5207229702		20181108192039
298	9256890761									9256890761	9256890761		20181108192039
299	7184599548									7184599548	7184599548		20181108192039
300	8042615707									8042615707	8042615707		20181108192039
301	9106095406									9106095406	9106095406		20181108192039
302	6147510499									6147510499	6147510499		20181108192039
303	6148665627									6148665627	6148665627		20181108192039
305	9145937857									9145937857	9145937857		20181108192039
306	6164477660									6164477660	6164477660		20181108192039
307	8504716518									8504716518	8504716518		20181108192039
308	3523927609									3523927609	3523927609		20181108192039
309	3103251144									3103251144	3103251144		20181108192039
310	8043280528									8043280528	8043280528		20181108192039
312	6105437952									6105437952	6105437952		20181108192039
313	9035967852									9035967852	9035967852		20181108192039
316	5624260081									5624260081	5624260081		20181108192039
317	2395749439									2395749439	2395749439		20181108192039
318	8015714355									8015714355	8015714355		20181108192039
320	8662757842									8662757842	8662757842		20181108192039
321	8062267019									8062267019	8062267019		20181108192039
322	9199666377									9199666377	9199666377		20181108192039
323	4128568460									4128568460	4128568460		20181108192039
324	6619514248									6619514248	6619514248		20181108192039
325	7709520137									7709520137	7709520137		20181108192039
326	3166515901									3166515901	3166515901		20181108192039
328	2819981420									2819981420	2819981420		20181108192039
329	5094535321									5094535321	5094535321		20181108192039
330	9104421199									9104421199	9104421199		20181108192039
331	4232891607									4232891607	4232891607		20181108192039
332	8885861342									8885861342	8885861342		20181108192039
333	8122321517									8122321517	8122321517		20181108192039
334	5403477152									5403477152	5403477152		20181108192039
335	7148415760									7148415760	7148415760		20181108192039
336	7122623658									7122623658	7122623658		20181108192039
337	4808932441									4808932441	4808932441		20181108192039
338	6512578464									6512578464	6512578464		20181108192039
339	7242583582									7242583582	7242583582		20181108192039
340	3017747311									3017747311	3017747311		20181108192039
341	7134681247									7134681247	7134681247		20181108192039
342	5164827955									5164827955	5164827955		20181108192039
343	7607438837									7607438837	7607438837		20181108192039
344	2175454485									2175454485	2175454485		20181108192039
345	9077897573									9077897573	9077897573		20181108192039
346	8602968020									8602968020	8602968020		20181108192039
347	4124697766									4124697766	4124697766		20181108192039
349	5026951448									5026951448	5026951448		20181108192039
350	9155320733									9155320733	9155320733		20181108192039
351	3019333621									3019333621	3019333621		20181108192039
352	7176529297									7176529297	7176529297		20181108192039
354	8508787899									8508787899	8508787899		20181108192039
355	2284977092									2284977092	2284977092		20181108192039
356	8477979099									8477979099	8477979099		20181108192039
357	8015014338									8015014338	8015014338		20181108192039
358	2485535957									2485535957	2485535957		20181108192039
359	3176372328									3176372328	3176372328		20181108192039
362	4238572261									4238572261	4238572261		20181108192039
363	3016819670									3016819670	3016819670		20181108192039
364	3044853317									3044853317	3044853317		20181108192039
365	6602631725									6602631725	6602631725		20181108192039
366	9418833230									9418833230	9418833230		20181108192039
367	9198636856									9198636856	9198636856		20181108192039
368	5807720590									5807720590	5807720590		20181108192039
369	2038522527									2038522527	2038522527		20181108192039
371	6176386782									6176386782	6176386782		20181108192039
372	3177159965									3177159965	3177159965		20181108192039
374	9137557127									9137557127	9137557127		20181108192039
377	7709329248									7709329248	7709329248		20181108192039
378	9015953842									9015953842	9015953842		20181108192039
379	7195532223									7195532223	7195532223		20181108192039
380	5035285252									5035285252	5035285252		20181108192039
381	2813988010									2813988010	2813988010		20181108192039
382	5593913117									5593913117	5593913117		20181108192039
383	4403527611									4403527611	4403527611		20181108192039
385	7279435201									7279435201	7279435201		20181108192039
387	9123566967									9123566967	9123566967		20181108192039
388	6239355551									6239355551	6239355551		20181108192039
390	4024624783									4024624783	4024624783		20181108192039
391	3606298053									3606298053	3606298053		20181108192039
392	7758888067									7758888067	7758888067		20181108192039
393	7758888067									7758888067	7758888067		20181108192039
395	9047277976									9047277976	9047277976		20181108192039
396	5124725057									5124725057	5124725057		20181108192039
398	9162334171									9162334171	9162334171		20181108192039
399	4017511686									4017511686	4017511686		20181108192039
401	7702975023									7702975023	7702975023		20181108192039
402	2158856861									2158856861	2158856861		20181108192039
403	5803357329									5803357329	5803357329		20181108192039
404	2158856861									2158856861	2158856861		20181108192039
405	5624243200									5624243200	5624243200		20181108192039
407	9123520012									9123520012	9123520012		20181108192039
409	2548988506									2548988506	2548988506		20181108192039
410	5628092050									5628092050	5628092050		20181108192039
411	3523713372									3523713372	3523713372		20181108192039
414	7247744606									7247744606	7247744606		20181108192039
415	3036951211									3036951211	3036951211		20181108192039
417	9784750008									9784750008	9784750008		20181108192039
418	8102306733									8102306733	8102306733		20181108192039
419	7607438837									7607438837	7607438837		20181108192039
420	3044853317									3044853317	3044853317		20181108192039
422	2395740269									2395740269	2395740269		20181108192039
423	4238572261									4238572261	4238572261		20181108192039
424	2134010018									2134010018	2134010018		20181108192039
425	5703747436									5703747436	5703747436		20181108192039
426	9199770896									9199770896	9199770896		20181108192039
427	2038522527									2038522527	2038522527		20181108192039
428	3013932614									3013932614	3013932614		20181108192039
429	6784946265									6784946265	6784946265		20181108192039
430	3372641903									3372641903	3372641903		20181108192039
431	9204327451									9204327451	9204327451		20181108192039
432	9126919070									9126919070	9126919070		20181108192039
433	7064537001									7064537001	7064537001		20181108192039
434	9103077334									9103077334	9103077334		20181108192039
435	6102932231									6102932231	6102932231		20181108192039
436	5702822189									5702822189	5702822189		20181108192039
438	7064537001									7064537001	7064537001		20181108192039
439	4808923339									4808923339	4808923339		20181108192039
443	8605292906									8605292906	8605292906		20181108192039
445	4024898492									4024898492	4024898492		20181108192039
446	5172794633									5172794633	5172794633		20181108192039
447	6177396800									6177396800	6177396800		20181108192039
449	7047520502									7047520502	7047520502		20181108192039
450	2156730718									2156730718	2156730718		20181108192039
451	9085617582									9085617582	9085617582		20181108192039
454	4123738263									4123738263	4123738263		20181108192039
456	9096250903									9096250903	9096250903		20181108192039
457	2088147170									2088147170	2088147170		20181108192039
458	9016829351									9016829351	9016829351		20181108192039
459	4694676752									4694676752	4694676752		20181108192039
461	4253536197									4253536197	4253536197		20181108192039
464	5075370562									5075370562	5075370562		20181108192039
465	2122138497									2122138497	2122138497		20181108192039
466	3154925210									3154925210	3154925210		20181108192039
467	9413169317									9413169317	9413169317		20181108192039
468	2175454485									2175454485	2175454485		20181108192039
469	3047668561									3047668561	3047668561		20181108192039
470	3216314302									3216314302	3216314302		20181108192039
471	9547264774									9547264774	9547264774		20181108192039
472	7635250369									7635250369	7635250369		20181108192039
473	9702557076									9702557076	9702557076		20181108192039
476	3052746316									3052746316	3052746316		20181108192039
478	8122348828									8122348828	8122348828		20181108192039
479	8122826248									8122826248	8122826248		20181108192039
480	5085337048									5085337048	5085337048		20181108192039
481	2038522527									2038522527	2038522527		20181108192039
482	8707620731									8707620731	8707620731		20181108192039
484	3154925210									3154925210	3154925210		20181108192039
486	6153521215									6153521215	6153521215		20181108192039
487	2106142558									2106142558	2106142558		20181108192039
488	7577879436									7577879436	7577879436		20181108192039
489	3154750620									3154750620	3154750620		20181108192039
491	6206621102									6206621102	6206621102		20181108192039
492	8033292184									8033292184	8033292184		20181108192039
493	3055325991									3055325991	3055325991		20181108192039
494	3127912299									3127912299	3127912299		20181108192039
495	3175707193									3175707193	3175707193		20181108192039
496	9528311626									9528311626	9528311626		20181108192039
497	3057490151									3057490151	3057490151		20181108192039
498	7249341620									7249341620	7249341620		20181108192039
499	6102757708									6102757708	6102757708		20181108192039
501	8607148047									8607148047	8607148047		20181108192039
502	2174317634									2174317634	2174317634		20181108192039
503	8437633038									8437633038	8437633038		20181108192039
504	4057522172									4057522172	4057522172		20181108192039
505	4783741093									4783741093	4783741093		20181108192039
506	2604321804									2604321804	2604321804		20181108192040
507	3026446872									3026446872	3026446872		20181108192040
508	6053227675									6053227675	6053227675		20181108192040
509	4013316718									4013316718	4013316718		20181108192040
510	5748758749									5748758749	5748758749		20181108192040
511	7157263979									7157263979	7157263979		20181108192040
512	3152556863									3152556863	3152556863		20181108192040
513	7758888067									7758888067	7758888067		20181108192040
514	2156730718									2156730718	2156730718		20181108192040
515	7148415760									7148415760	7148415760		20181108192040
516	4107212394									4107212394	4107212394		20181108192040
517	3148321230									3148321230	3148321230		20181108192040
518	2104506023									2104506023	2104506023		20181108192040
520	9145937881									9145937881	9145937881		20181108192040
521	3057490481									3057490481	3057490481		20181108192040
523	9782820977									9782820977	9782820977		20181108192040
524	7176529297									7176529297	7176529297		20181108192040
525	2182837050									2182837050	2182837050		20181108192040
526	2038522527									2038522527	2038522527		20181108192040
527	6509624696									6509624696	6509624696		20181108192040
528	8175572000									8175572000	8175572000		20181108192040
529	5409327118									5409327118	5409327118		20181108192040
530	2088147170									2088147170	2088147170		20181108192040
531	7313524459									7313524459	7313524459		20181108192040
532	6068781267									6068781267	6068781267		20181108192040
533	3016454734									3016454734	3016454734		20181108192040
534	7134681247									7134681247	7134681247		20181108192040
538	7706649856									7706649856	7706649856		20181108192040
540	5164827955									5164827955	5164827955		20181108192040
541	5058411956									5058411956	5058411956		20181108192040
542	2095249486									2095249486	2095249486		20181108192040
543	8645408027									8645408027	8645408027		20181108192040
545	5024482281									5024482281	5024482281		20181108192040
546	8595250750									8595250750	8595250750		20181108192040
547	9015953842									9015953842	9015953842		20181108192040
549	5736510035									5736510035	5736510035		20181108192040
550	3607154120									3607154120	3607154120		20181108192040
552	8138864964									8138864964	8138864964		20181108192040
553	3306302173									3306302173	3306302173		20181108192040
554	2147504621									2147504621	2147504621		20181108192040
555	2084891929									2084891929	2084891929		20181108192040
556	9566273762									9566273762	9566273762		20181108192040
559	9565486667									9565486667	9565486667		20181108192040
560	9098256991									9098256991	9098256991		20181108192040
561	9563504965									9563504965	9563504965		20181108192040
562	7078249235									7078249235	7078249235		20181108192040
563	5035886202									5035886202	5035886202		20181108192040
564	5302257405									5302257405	5302257405		20181108192040
568	9738223349									9738223349	9738223349		20181108192040
569	9495157338									9495157338	9495157338		20181108192040
570	6308331103									6308331103	6308331103		20181108192040
571	8085310455									8085310455	8085310455		20181108192040
572	7853465498									7853465498	7853465498		20181108192040
573	3109143009									3109143009	3109143009		20181108192040
574	3027340538									3027340538	3027340538		20181108192040
575	6022008627									6022008627	6022008627		20181108192040
576	8147888036									8147888036	8147888036		20181108192040
577	6095380847									6095380847	6095380847		20181108192040
578	8662350746									8662350746	8662350746		20181108192040
579	6067352694									6067352694	6067352694		20181108192040
580	5097470609									5097470609	5097470609		20181108192040
584	6053713754									6053713754	6053713754		20181108192040
585	8059255313									8059255313	8059255313		20181108192040
587	5058411956									5058411956	5058411956		20181108192040
589	3047723239									3047723239	3047723239		20181108192040
590	9282266411									9282266411	9282266411		20181108192040
591	3076356510									3076356510	3076356510		20181108192040
592	9419264547									9419264547	9419264547		20181108192040
593	5172647756									5172647756	5172647756		20181108192040
595	9106863499									9106863499	9106863499		20181108192040
597	7709731934									7709731934	7709731934		20181108192040
598	6609567097									6609567097	6609567097		20181108192040
599	8302284582									8302284582	8302284582		20181108192040
600	7137430963									7137430963	7137430963		20181108192040
601	9104820397									9104820397	9104820397		20181108192040
602	3044259864									3044259864	3044259864		20181108192040
605	8454368313									8454368313	8454368313		20181108192040
606	6783123282									6783123282	6783123282		20181108192040
607	6096249002									6096249002	6096249002		20181108192040
608	5612417763									5612417763	5612417763		20181108192040
609	4124224094									4124224094	4124224094		20181108192040
610	8139251932									8139251932	8139251932		20181108192040
611	5058411956									5058411956	5058411956		20181108192040
612	9015953842									9015953842	9015953842		20181108192040
614	5753748146									5753748146	5753748146		20181108192040
615	9017540949									9017540949	9017540949		20181108192040
617	4043658526									4043658526	4043658526		20181108192040
619	2156279265									2156279265	2156279265		20181108192040
620	6194371912									6194371912	6194371912		20181108192040
621	7403744209									7403744209	7403744209		20181108192040
622	7872810931									7872810931	7872810931		20181108192040
623	3307580466									3307580466	3307580466		20181108192040
624	9783048320									9783048320	9783048320		20181108192040
625	4356783610									4356783610	4356783610		20181108192040
626	8317510692									8317510692	8317510692		20181108192040
627	5736293514									5736293514	5736293514		20181108192040
628	9139452095									9139452095	9139452095		20181108192040
629	3056674938									3056674938	3056674938		20181108192040
630	3202452555									3202452555	3202452555		20181108192040
632	9043581551									9043581551	9043581551		20181108192040
633	2394348569									2394348569	2394348569		20181108192040
634	3368022041									3368022041	3368022041		20181108192040
637	2127876211									2127876211	2127876211		20181108192040
638	3864374772									3864374772	3864374772		20181108192040
639	9546986963									9546986963	9546986963		20181108192040
640	3027317695									3027317695	3027317695		20181108192040
641	4124223759									4124223759	4124223759		20181108192040
642	9194251596									9194251596	9194251596		20181108192040
643	6015747216									6015747216	6015747216		20181108192040
644	3178424393									3178424393	3178424393		20181108192040
646	2706925751									2706925751	2706925751		20181108192040
647	2175454735									2175454735	2175454735		20181108192040
648	9104865950									9104865950	9104865950		20181108192040
649	6176983668									6176983668	6176983668		20181108192040
652	5742963999									5742963999	5742963999		20181108192040
653	5166634740									5166634740	5166634740		20181108192040
654	4128316965									4128316965	4128316965		20181108192040
655	5057515210									5057515210	5057515210		20181108192040
656	5733643993									5733643993	5733643993		20181108192040
658	4813919699									4813919699	4813919699		20181108192040
659	2814850409									2814850409	2814850409		20181108192040
662	4127670708									4127670708	4127670708		20181108192040
664	5032156897									5032156897	5032156897		20181108192040
665	4128822667									4128822667	4128822667		20181108192040
666	5412013202									5412013202	5412013202		20181108192040
667	3178171220									3178171220	3178171220		20181108192040
668	4107781766									4107781766	4107781766		20181108192040
669	4192513862									4192513862	4192513862		20181108192040
670	6034244199									6034244199	6034244199		20181108192040
671	4056044134									4056044134	4056044134		20181108192040
672	5187926854									5187926854	5187926854		20181108192040
673	7815933618									7815933618	7815933618		20181108192040
674	3029939094									3029939094	3029939094		20181108192040
676	2077210258									2077210258	2077210258		20181108192040
677	8888708508									8888708508	8888708508		20181108192040
678	3027360769									3027360769	3027360769		20181108192040
679	9106155406									9106155406	9106155406		20181108192040
680	4014353042									4014353042	4014353042		20181108192040
681	7186308576									7186308576	7186308576		20181108192040
682	3023275678									3023275678	3023275678		20181108192040
683	4017621819									4017621819	4017621819		20181108192040
684	4233785970									4233785970	4233785970		20181108192040
686	5154338965									5154338965	5154338965		20181108192040
687	7275276661									7275276661	7275276661		20181108192040
688	2054239504									2054239504	2054239504		20181108192040
689	5084309821									5084309821	5084309821		20181108192040
690	7704296503									7704296503	7704296503		20181108192040
691	7068542559									7068542559	7068542559		20181108192040
692	3864251304									3864251304	3864251304		20181108192040
693	8144373677									8144373677	8144373677		20181108192040
694	8282481035									8282481035	8282481035		20181108192040
695	7172497983									7172497983	7172497983		20181108192040
697	7137430963									7137430963	7137430963		20181108192040
698	5405878619									5405878619	5405878619		20181108192040
699	3303328899									3303328899	3303328899		20181108192040
700	5593667060									5593667060	5593667060		20181108192040
701	5032166324									5032166324	5032166324		20181108192040
702	9565848752									9565848752	9565848752		20181108192040
703	9417522738									9417522738	9417522738		20181108192040
704	5012551446									5012551446	5012551446		20181108192040
706	4154614229									4154614229	4154614229		20181108192040
707	4156660210									4156660210	4156660210		20181108192040
708	7872693445									7872693445	7872693445		20181108192040
709	8028476020									8028476020	8028476020		20181108192040
711	5023614488									5023614488	5023614488		20181108192040
712	7877607413									7877607413	7877607413		20181108192040
713	2105935992									2105935992	2105935992		20181108192040
715	3178655172									3178655172	3178655172		20181108192040
716	8666179104									8666179104	8666179104		20181108192040
717	7877863501									7877863501	7877863501		20181108192040
718	7087495489									7087495489	7087495489		20181108192040
719	5122752833									5122752833	5122752833		20181108192040
720	7074226556									7074226556	7074226556		20181108192040
721	7134651921									7134651921	7134651921		20181108192040
722	9123838147									9123838147	9123838147		20181108192040
723	7327394002									7327394002	7327394002		20181108192040
724	4024632450									4024632450	4024632450		20181108192040
725	7814895315									7814895315	7814895315		20181108192040
726	7134659248									7134659248	7134659248		20181108192040
727	4052318884									4052318884	4052318884		20181108192040
728	8436640962									8436640962	8436640962		20181108192040
729	9726862546									9726862546	9726862546		20181108192040
730	5122497406									5122497406	5122497406		20181108192040
731	7872594462									7872594462	7872594462		20181108192040
732	2534726693									2534726693	2534726693		20181108192040
733	6143080920									6143080920	6143080920		20181108192040
735	3367197457									3367197457	3367197457		20181108192040
737	9374358966									9374358966	9374358966		20181108192040
738	4108208405									4108208405	4108208405		20181108192040
739	9528311626									9528311626	9528311626		20181108192040
740	4107301713									4107301713	4107301713		20181108192040
743	9565420044									9565420044	9565420044		20181108192040
744	5407224717									5407224717	5407224717		20181108192040
745	3609449686									3609449686	3609449686		20181108192040
746	9734732017									9734732017	9734732017		20181108192040
747	8036425538									8036425538	8036425538		20181108192040
748	9149672776									9149672776	9149672776		20181108192040
750	9038432212									9038432212	9038432212		20181108192040
751	2156742953									2156742953	2156742953		20181108192040
752	7578596452									7578596452	7578596452		20181108192040
754	8008789609									8008789609	8008789609		20181108192040
756	4792716305									4792716305	4792716305		20181108192040
757	7188322912									7188322912	7188322912		20181108192040
758	7249308031									7249308031	7249308031		20181108192040
761	5633241723									5633241723	5633241723		20181108192040
762	2066006937									2066006937	2066006937		20181108192040
765	8883699682									8883699682	8883699682		20181108192040
766	2604325692									2604325692	2604325692		20181108192040
770	9856490671									9856490671	9856490671		20181108192040
771	6016388420									6016388420	6016388420		20181108192040
772	8167953456									8167953456	8167953456		20181108192040
773	6309070789									6309070789	6309070789		20181108192040
774	5625983041									5625983041	5625983041		20181108192040
776	4108484037									4108484037	4108484037		20181108192040
777	3154254415									3154254415	3154254415		20181108192040
781	7064689880									7064689880	7064689880		20181108192040
786	2564981054									2564981054	2564981054		20181108192040
787	3143620626									3143620626	3143620626		20181108192040
791	2257634066									2257634066	2257634066		20181108192040
792	2059309127									2059309127	2059309127		20181108192040
793	7346632069									7346632069	7346632069		20181108192040
795	3042678051									3042678051	3042678051		20181108192040
796	7134687370									7134687370	7134687370		20181108192040
799	5164828653									5164828653	5164828653		20181108192040
802	8133211878									8133211878	8133211878		20181108192040
803	8146785220									8146785220	8146785220		20181108192040
804	8133971271									8133971271	8133971271		20181108192040
805	8128586240									8128586240	8128586240		20181108192040
806	9134953730									9134953730	9134953730		20181108192040
807	9087570129									9087570129	9087570129		20181108192040
809	9726123926									9726123926	9726123926		20181108192040
810	4137823050									4137823050	4137823050		20181108192040
811	3143527411									3143527411	3143527411		20181108192040
813	6313901780									6313901780	6313901780		20181108192040
814	4106442715									4106442715	4106442715		20181108192040
815	9138945522									9138945522	9138945522		20181108192040
816	5165468845									5165468845	5165468845		20181108192040
818	7579654268									7579654268	7579654268		20181108192040
819	5048628914									5048628914	5048628914		20181108192040
820	9856430826									9856430826	9856430826		20181108192040
821	7202831122									7202831122	7202831122		20181108192040
822	0874335832									874335832	874335832		20181108192040
823	3012955928									3012955928	3012955928		20181108192040
824	4152928745									4152928745	4152928745		20181108192040
825	9126295821									9126295821	9126295821		20181108192040
826	4253497366									4253497366	4253497366		20181108192040
828	8642229008									8642229008	8642229008		20181108192040
829	6039641483									6039641483	6039641483		20181108192040
830	3305334587									3305334587	3305334587		20181108192040
831	5163741786									5163741786	5163741786		20181108192040
832	5743714697									5743714697	5743714697		20181108192040
833	8124247254									8124247254	8124247254		20181108192040
834	5108327340									5108327340	5108327340		20181108192040
836	3307463827									3307463827	3307463827		20181108192040
837	3014683580									3014683580	3014683580		20181108192040
838	3016956891									3016956891	3016956891		20181108192040
839	2085296981									2085296981	2085296981		20181108192040
840	3016956891									3016956891	3016956891		20181108192040
841	2102258987									2102258987	2102258987		20181108192040
845	7136699849									7136699849	7136699849		20181108192040
846	8148776149									8148776149	8148776149		20181108192040
848	3088652769									3088652769	3088652769		20181108192040
850	8508778215									8508778215	8508778215		20181108192040
851	6158491116									6158491116	6158491116		20181108192040
852	7047492332									7047492332	7047492332		20181108192040
853	3177156415									3177156415	3177156415		20181108192040
854	5124391081									5124391081	5124391081		20181108192040
855	8067888500									8067888500	8067888500		20181108192040
856	5865732149									5865732149	5865732149		20181108192040
857	8134438162									8134438162	8134438162		20181108192040
858	5012248114									5012248114	5012248114		20181108192040
859	7173949223									7173949223	7173949223		20181108192040
860	8142556847									8142556847	8142556847		20181108192040
861	9315989984									9315989984	9315989984		20181108192040
862	7087495489									7087495489	7087495489		20181108192040
863	3154224690									3154224690	3154224690		20181108192040
864	7704884206									7704884206	7704884206		20181108192040
866	9378665242									9378665242	9378665242		20181108192040
867	9737542567									9737542567	9737542567		20181108192040
869	2299282206									2299282206	2299282206		20181108192040
870	5139312481									5139312481	5139312481		20181108192040
871	6052326500									6052326500	6052326500		20181108192040
872	2167393789									2167393789	2167393789		20181108192040
873	8172973808									8172973808	8172973808		20181108192040
876	6034440980									6034440980	6034440980		20181108192040
877	6163652076									6163652076	6163652076		20181108192040
878	3058241748									3058241748	3058241748		20181108192040
879	3193965567									3193965567	3193965567		20181108192040
880	4077400324									4077400324	4077400324		20181108192040
881	4087392439									4087392439	4087392439		20181108192040
883	2127535329									2127535329	2127535329		20181108192040
884	5857863699									5857863699	5857863699		20181108192040
885	4806105340									4806105340	4806105340		20181108192040
886	2763869387									2763869387	2763869387		20181108192040
887	5173320810									5173320810	5173320810		20181108192040
888	7137430963									7137430963	7137430963		20181108192040
889	4325634206									4325634206	4325634206		20181108192040
892	3033154630									3033154630	3033154630		20181108192040
893	4805633044									4805633044	4805633044		20181108192040
894	5123274245									5123274245	5123274245		20181108192040
895	4237222060									4237222060	4237222060		20181108192040
896	8502192375									8502192375	8502192375		20181108192040
897	3156346793									3156346793	3156346793		20181108192040
899	8039096364									8039096364	8039096364		20181108192040
900	4137823050									4137823050	4137823050		20181108192040
901	6109884242									6109884242	6109884242		20181108192040
902	7177375868									7177375868	7177375868		20181108192040
903	9417468844									9417468844	9417468844		20181108192040
904	8288846925									8288846925	8288846925		20181108192040
905	8165317166									8165317166	8165317166		20181108192041
906	8592541814									8592541814	8592541814		20181108192041
907	6012685006									6012685006	6012685006		20181108192041
908	3032802220									3032802220	3032802220		20181108192041
909	4024960517									4024960517	4024960517		20181108192041
910	2156322232									2156322232	2156322232		20181108192041
911	6098984470									6098984470	6098984470		20181108192041
914	8067888500									8067888500	8067888500		20181108192041
915	7165372222									7165372222	7165372222		20181108192041
916	5187855000									5187855000	5187855000		20181108192041
917	3016185585									3016185585	3016185585		20181108192041
918	6235615404									6235615404	6235615404		20181108192041
919	9419245165									9419245165	9419245165		20181108192041
920	9077705431									9077705431	9077705431		20181108192041
921	2014448071									2014448071	2014448071		20181108192041
922	2292279642									2292279642	2292279642		20181108192041
923	4076443697									4076443697	4076443697		20181108192041
924	9155770763									9155770763	9155770763		20181108192041
925	2062236372									2062236372	2062236372		20181108192041
927	5618446802									5618446802	5618446802		20181108192041
928	6052172900									6052172900	6052172900		20181108192041
929	6189453701									6189453701	6189453701		20181108192041
930	3607565184									3607565184	3607565184		20181108192041
932	7877957280									7877957280	7877957280		20181108192041
933	9034541680									9034541680	9034541680		20181108192041
934	6065998419									6065998419	6065998419		20181108192041
935	2143726199									2143726199	2143726199		20181108192041
936	7166754446									7166754446	7166754446		20181108192041
938	8124733938									8124733938	8124733938		20181108192041
940	3202548238									3202548238	3202548238		20181108192041
941	5165201510									5165201510	5165201510		20181108192041
942	9133711936									9133711936	9133711936		20181108192041
943	9703274228									9703274228	9703274228		20181108192041
944	5058411956									5058411956	5058411956		20181108192041
945	4065412889									4065412889	4065412889		20181108192041
946	7074627532									7074627532	7074627532		20181108192041
947	9856430826									9856430826	9856430826		20181108192041
948	2168315804									2168315804	2168315804		20181108192041
950	8128586240									8128586240	8128586240		20181108192041
952	4105842247									4105842247	4105842247		20181108192041
954	5305271604									5305271604	5305271604		20181108192041
955	2298838426									2298838426	2298838426		20181108192041
956	8089353882									8089353882	8089353882		20181108192041
957	3368416217									3368416217	3368416217		20181108192041
958	7757820500									7757820500	7757820500		20181108192041
960	4434422018									4434422018	4434422018		20181108192041
961	3052790878									3052790878	3052790878		20181108192041
962	8143378091									8143378091	8143378091		20181108192041
963	4052713887									4052713887	4052713887		20181108192041
964	3188614080									3188614080	3188614080		20181108192041
965	3183258475									3183258475	3183258475		20181108192041
966	2013336224									2013336224	2013336224		20181108192041
967	4233926593									4233926593	4233926593		20181108192041
968	7075230616									7075230616	7075230616		20181108192041
969	3016940569									3016940569	3016940569		20181108192041
970	5419569088									5419569088	5419569088		20181108192041
971	5073343558									5073343558	5073343558		20181108192041
972	2527520166									2527520166	2527520166		20181108192041
973	5135842579									5135842579	5135842579		20181108192041
974	8124857724									8124857724	8124857724		20181108192041
975	3608484350									3608484350	3608484350		20181108192041
977	7137430963									7137430963	7137430963		20181108192041
978	5742714362									5742714362	5742714362		20181108192041
979	5592336243									5592336243	5592336243		20181108192041
980	9066472228									9066472228	9066472228		20181108192041
981	7137976200									7137976200	7137976200		20181108192041
982	5403817472									5403817472	5403817472		20181108192041
983	4096546802									4096546802	4096546802		20181108192041
984	7137430963									7137430963	7137430963		20181108192041
985	9103265480									9103265480	9103265480		20181108192041
986	6184394049									6184394049	6184394049		20181108192041
988	6235612316									6235612316	6235612316		20181108192041
989	3017234859									3017234859	3017234859		20181108192041
991	8122341894									8122341894	8122341894		20181108192041
992	3037777601									3037777601	3037777601		20181108192041
993	7079646213									7079646213	7079646213		20181108192041
994	8124506710									8124506710	8124506710		20181108192041
995	5867777636									5867777636	5867777636		20181108192041
996	6195696367									6195696367	6195696367		20181108192041
997	5414760866									5414760866	5414760866		20181108192041
1000	7858322029									7858322029	7858322029		20181108192041
1001	7067227994									7067227994	7067227994		20181108192041
1002	7607764293									7607764293	7607764293		20181108192041
1003	4052826790									4052826790	4052826790		20181108192041
1004	6625348905									6625348905	6625348905		20181108192041
1005	5414720609									5414720609	5414720609		20181108192041
1007	7137430963									7137430963	7137430963		20181108192041
1008	4134483384									4134483384	4134483384		20181108192041
1009	9702121238									9702121238	9702121238		20181108192041
1010	8476805862									8476805862	8476805862		20181108192041
1011	8146349140									8146349140	8146349140		20181108192041
1012	8607148099									8607148099	8607148099		20181108192041
1013	4078941101									4078941101	4078941101		20181108192041
1016	9143376406									9143376406	9143376406		20181108192041
1018	9193823210									9193823210	9193823210		20181108192041
1019	4402551550									4402551550	4402551550		20181108192041
1020	2815546705									2815546705	2815546705		20181108192041
1021	4096546830									4096546830	4096546830		20181108192041
1022	5016641371									5016641371	5016641371		20181108192041
1023	7852633561									7852633561	7852633561		20181108192041
1024	7182702465									7182702465	7182702465		20181108192041
1025	9193823210									9193823210	9193823210		20181108192041
1027	5124253888									5124253888	5124253888		20181108192041
1028	7878511133									7878511133	7878511133		20181108192041
1029	4198423042									4198423042	4198423042		20181108192041
1030	4023977591									4023977591	4023977591		20181108192041
1031	8435561991									8435561991	8435561991		20181108192041
1032	5164330820									5164330820	5164330820		20181108192041
1033	7602281897									7602281897	7602281897		20181108192041
1034	2153354648									2153354648	2153354648		20181108192041
1037	2059347891									2059347891	2059347891		20181108192041
1038	7245895543									7245895543	7245895543		20181108192041
1039	8569880947									8569880947	8569880947		20181108192041
1040	5132283880									5132283880	5132283880		20181108192041
1041	4096546830									4096546830	4096546830		20181108192041
1042	7137430963									7137430963	7137430963		20181108192041
1044	9896734240									9896734240	9896734240		20181108192041
1046	7709429121									7709429121	7709429121		20181108192041
1047	4147279020									4147279020	4147279020		20181108192041
1048	7135127873									7135127873	7135127873		20181108192041
1049	9733222309									9733222309	9733222309		20181108192041
1050	8608324378									8608324378	8608324378		20181108192041
1052	5802330698									5802330698	5802330698		20181108192041
1054	8597463149									8597463149	8597463149		20181108192041
1055	5132876403									5132876403	5132876403		20181108192041
1056	8139261502									8139261502	8139261502		20181108192041
1059	7727705817									7727705817	7727705817		20181108192041
1060	9196937396									9196937396	9196937396		20181108192041
1061	6369375307									6369375307	6369375307		20181108192041
1062	9378556044									9378556044	9378556044		20181108192041
1063	8592777575									8592777575	8592777575		20181108192041
1066	9142877277									9142877277	9142877277		20181108192041
1067	7062172876									7062172876	7062172876		20181108192041
1068	8636468575									8636468575	8636468575		20181108192041
1069	8163503502									8163503502	8163503502		20181108192041
1070	4325808383									4325808383	4325808383		20181108192041
1071	5407439560									5407439560	5407439560		20181108192041
1073	3367637352									3367637352	3367637352		20181108192041
1074	8163503502									8163503502	8163503502		20181108192041
1075	3166863624									3166863624	3166863624		20181108192041
1076	7067545577									7067545577	7067545577		20181108192041
1077	5055329019									5055329019	5055329019		20181108192041
1078	8139034810									8139034810	8139034810		20181108192041
1080	8709321124									8709321124	8709321124		20181108192041
1081	2126855989									2126855989	2126855989		20181108192041
1082	8015341865									8015341865	8015341865		20181108192041
1084	2568311055									2568311055	2568311055		20181108192041
1085	9192313912									9192313912	9192313912		20181108192041
1086	2107044722									2107044722	2107044722		20181108192041
1087	7135127082									7135127082	7135127082		20181108192041
1088	6153834366									6153834366	6153834366		20181108192041
1089	3257935384									3257935384	3257935384		20181108192041
1090	2815544817									2815544817	2815544817		20181108192041
1091	8024871051									8024871051	8024871051		20181108192041
1092	9365646824									9365646824	9365646824		20181108192041
1094	6605624303									6605624303	6605624303		20181108192041
1096	6072734979									6072734979	6072734979		20181108192041
1099	2122093244									2122093244	2122093244		20181108192041
1100	6402588502									6402588502	6402588502		20181108192041
1101	3304911466									3304911466	3304911466		20181108192041
1102	6077768032									6077768032	6077768032		20181108192041
1104	2124106229									2124106229	2124106229		20181108192041
1105	4257758328									4257758328	4257758328		20181108192041
1106	8162724977									8162724977	8162724977		20181108192041
1107	7137798997									7137798997	7137798997		20181108192041
1108	7137430963									7137430963	7137430963		20181108192041
1109	3177742001									3177742001	3177742001		20181108192041
1110	6192876038									6192876038	6192876038		20181108192041
1111	9182497532									9182497532	9182497532		20181108192041
1112	9136514858									9136514858	9136514858		20181108192041
1113	9724755708									9724755708	9724755708		20181108192041
1114	9155928847									9155928847	9155928847		20181108192041
1116	9727159976									9727159976	9727159976		20181108192041
1117	7125279346									7125279346	7125279346		20181108192041
1118	7136319158									7136319158	7136319158		20181108192041
1119	8282540714									8282540714	8282540714		20181108192041
1120	4102881424									4102881424	4102881424		20181108192041
1121	3362459035									3362459035	3362459035		20181108192041
1122	4105323998									4105323998	4105323998		20181108192041
1123	7034440386									7034440386	7034440386		20181108192041
1125	5207973138									5207973138	5207973138		20181108192041
1126	5124722928									5124722928	5124722928		20181108192041
1127	3019770108									3019770108	3019770108		20181108192041
1128	9368258001									9368258001	9368258001		20181108192041
1129	7032550571									7032550571	7032550571		20181108192041
1130	8124851890									8124851890	8124851890		20181108192041
1134	9104350936									9104350936	9104350936		20181108192041
1136	3182144493									3182144493	3182144493		20181108192041
1137	2513680359									2513680359	2513680359		20181108192041
1138	8178770350									8178770350	8178770350		20181108192041
1139	2813202012									2813202012	2813202012		20181108192041
1140	7036483264									7036483264	7036483264		20181108192041
1141	8124852461									8124852461	8124852461		20181108192041
1144	4157813513									4157813513	4157813513		20181108192041
1145	8185570761									8185570761	8185570761		20181108192041
1146	6235663481									6235663481	6235663481		20181108192041
1148	2109778480									2109778480	2109778480		20181108192041
1149	9499233575									9499233575	9499233575		20181108192041
1150	8186543417									8186543417	8186543417		20181108192041
1151	8056410434									8056410434	8056410434		20181108192041
1152	9074516251									9074516251	9074516251		20181108192041
1154	3236631723									3236631723	3236631723		20181108192041
1155	8188318527									8188318527	8188318527		20181108192041
1156	8607148275									8607148275	8607148275		20181108192041
1158	7342829302									7342829302	7342829302		20181108192041
1159	7195972668									7195972668	7195972668		20181108192041
1160	7135127561									7135127561	7135127561		20181108192041
1162	4083479004									4083479004	4083479004		20181108192041
1164	4794525847									4794525847	4794525847		20181108192041
1166	8134438149									8134438149	8134438149		20181108192041
1168	4194754770									4194754770	4194754770		20181108192041
1169	4192517761									4192517761	4192517761		20181108192041
1170	7573970236									7573970236	7573970236		20181108192041
1171	3617984763									3617984763	3617984763		20181108192041
1172	2128890517									2128890517	2128890517		20181108192041
1173	9287781477									9287781477	9287781477		20181108192041
1176	6237720686									6237720686	6237720686		20181108192041
1177	8159659311									8159659311	8159659311		20181108192041
1178	2039663239									2039663239	2039663239		20181108192041
1181	7068450469									7068450469	7068450469		20181108192041
1182	6314749066									6314749066	6314749066		20181108192041
1183	2814253992									2814253992	2814253992		20181108192041
1185	2106157804									2106157804	2106157804		20181108192041
1186	2122495328									2122495328	2122495328		20181108192041
1187	6106855135									6106855135	6106855135		20181108192041
1188	2077814426									2077814426	2077814426		20181108192041
1189	2523172092									2523172092	2523172092		20181108192041
1191	7017806218									7017806218	7017806218		20181108192041
1192	9087227645									9087227645	9087227645		20181108192041
1193	6165327230									6165327230	6165327230		20181108192041
1194	2083814977									2083814977	2083814977		20181108192041
1195	4805050455									4805050455	4805050455		20181108192041
1196	4023977591									4023977591	4023977591		20181108192041
1198	5137382968									5137382968	5137382968		20181108192041
1199	4109396555									4109396555	4109396555		20181108192041
1200	4127411141									4127411141	4127411141		20181108192041
1202	4127411141									4127411141	4127411141		20181108192041
1203	8148497130									8148497130	8148497130		20181108192041
1205	4109396555									4109396555	4109396555		20181108192041
1207	3017741186									3017741186	3017741186		20181108192041
1208	6175758608									6175758608	6175758608		20181108192041
1209	5057822457									5057822457	5057822457		20181108192041
1210	3019848802									3019848802	3019848802		20181108192041
1211	3366275747									3366275747	3366275747		20181108192041
1212	9149373425									9149373425	9149373425		20181108192041
1213	3182599522									3182599522	3182599522		20181108192041
1214	2144946075									2144946075	2144946075		20181108192041
1215	2037924155									2037924155	2037924155		20181108192041
1216	9724632003									9724632003	9724632003		20181108192041
1217	9372778476									9372778476	9372778476		20181108192041
1218	3017144365									3017144365	3017144365		20181108192041
1219	9372778476									9372778476	9372778476		20181108192041
1220	8172847780									8172847780	8172847780		20181108192041
1221	3366275747									3366275747	3366275747		20181108192041
1222	2197622460									2197622460	2197622460		20181108192041
1225	3304911466									3304911466	3304911466		20181108192041
1226	5207973138									5207973138	5207973138		20181108192041
1227	4053545973									4053545973	4053545973		20181108192041
1229	3143362640									3143362640	3143362640		20181108192041
1230	8504348144									8504348144	8504348144		20181108192041
1231	5035588757									5035588757	5035588757		20181108192041
1232	8309312955									8309312955	8309312955		20181108192041
1233	7195561226									7195561226	7195561226		20181108192041
1234	8055226333									8055226333	8055226333		20181108192041
1236	7179752585									7179752585	7179752585		20181108192041
1237	2624345350									2624345350	2624345350		20181108192041
1238	7574132053									7574132053	7574132053		20181108192041
1239	6077761783									6077761783	6077761783		20181108192041
1240	9136614688									9136614688	9136614688		20181108192041
1241	5124722928									5124722928	5124722928		20181108192041
1242	9372778618									9372778618	9372778618		20181108192041
1244	9724010458									9724010458	9724010458		20181108192041
1245	8173464394									8173464394	8173464394		20181108192041
1246	9705653134									9705653134	9705653134		20181108192041
1247	7034440386									7034440386	7034440386		20181108192041
1248	3343839541									3343839541	3343839541		20181108192041
1250	2157358578									2157358578	2157358578		20181108192041
1251	5086791435									5086791435	5086791435		20181108192041
1252	7166740666									7166740666	7166740666		20181108192041
1253	2514769868									2514769868	2514769868		20181108192041
1254	8189555181									8189555181	8189555181		20181108192041
1255	5122442090									5122442090	5122442090		20181108192041
1256	5089907558									5089907558	5089907558		20181108192041
1258	9188353171									9188353171	9188353171		20181108192041
1259	6605627993									6605627993	6605627993		20181108192041
1260	3867612795									3867612795	3867612795		20181108192041
1261	9893548154									9893548154	9893548154		20181108192041
1262	2526339609									2526339609	2526339609		20181108192041
1263	9722961387									9722961387	9722961387		20181108192041
1265	8557375542									8557375542	8557375542		20181108192041
1266	5163784543									5163784543	5163784543		20181108192041
1267	9043846055									9043846055	9043846055		20181108192041
1269	2078826178									2078826178	2078826178		20181108192041
1270	9062253919									9062253919	9062253919		20181108192041
1271	5165601855									5165601855	5165601855		20181108192041
1272	8453349338									8453349338	8453349338		20181108192041
1273	5086467641									5086467641	5086467641		20181108192041
1274	4125780139									4125780139	4125780139		20181108192041
1275	2693852657									2693852657	2693852657		20181108192041
1276	3016989957									3016989957	3016989957		20181108192041
1277	2027855040									2027855040	2027855040		20181108192041
1278	4133589014									4133589014	4133589014		20181108192041
1282	5867741808									5867741808	5867741808		20181108192041
1284	4023900899									4023900899	4023900899		20181108192041
1286	5086360616									5086360616	5086360616		20181108192041
1287	8174687823									8174687823	8174687823		20181108192041
1288	8054949152									8054949152	8054949152		20181108192041
1289	8174687823									8174687823	8174687823		20181108192041
1290	5028949775									5028949775	5028949775		20181108192041
1291	3307620450									3307620450	3307620450		20181108192041
1292	2196504311									2196504311	2196504311		20181108192041
1295	9138085832									9138085832	9138085832		20181108192041
1296	4107302190									4107302190	4107302190		20181108192041
1299	9196451640									9196451640	9196451640		20181108192041
1300	9044480030									9044480030	9044480030		20181108192041
1301	9102024740									9102024740	9102024740		20181108192041
1302	2702477780									2702477780	2702477780		20181108192041
1303	7137970228									7137970228	7137970228		20181108192041
1304	7165653988									7165653988	7165653988		20181108192041
1305	9737200408									9737200408	9737200408		20181108192041
1306	6784932275									6784932275	6784932275		20181108192042
1308	3048423138									3048423138	3048423138		20181108192042
1309	7652827242									7652827242	7652827242		20181108192042
1310	5182808464									5182808464	5182808464		20181108192042
1311	2197364658									2197364658	2197364658		20181108192042
1312	2489520192									2489520192	2489520192		20181108192042
1313	9284744898									9284744898	9284744898		20181108192042
1315	9415563768									9415563768	9415563768		20181108192042
1317	3015309493									3015309493	3015309493		20181108192042
1318	8883642489									8883642489	8883642489		20181108192042
1319	5203277470									5203277470	5203277470		20181108192042
1320	5035358398									5035358398	5035358398		20181108192042
1321	9256001867									9256001867	9256001867		20181108192042
1323	2392754899									2392754899	2392754899		20181108192042
1324	8432345147									8432345147	8432345147		20181108192042
1325	4143320422									4143320422	4143320422		20181108192042
1326	3055950282									3055950282	3055950282		20181108192042
1327	4087296688									4087296688	4087296688		20181108192042
1328	4057134656									4057134656	4057134656		20181108192042
1329	5612432130									5612432130	5612432130		20181108192042
1330	3303862074									3303862074	3303862074		20181108192042
1332	7324941474									7324941474	7324941474		20181108192042
1333	4326932178									4326932178	4326932178		20181108192042
1335	5182926050									5182926050	5182926050		20181108192042
1336	2292442626									2292442626	2292442626		20181108192042
1337	5058411956									5058411956	5058411956		20181108192042
1338	6108414433									6108414433	6108414433		20181108192042
1339	8045265401									8045265401	8045265401		20181108192042
1341	8633856086									8633856086	8633856086		20181108192042
1343	3307621230									3307621230	3307621230		20181108192042
1344	2082333416									2082333416	2082333416		20181108192042
1346	5139658091									5139658091	5139658091		20181108192042
1347	7605108336									7605108336	7605108336		20181108192042
1349	9727670702									9727670702	9727670702		20181108192042
1350	9784695644									9784695644	9784695644		20181108192042
1351	5413821681									5413821681	5413821681		20181108192042
1352	8703923608									8703923608	8703923608		20181108192042
1354	3308238491									3308238491	3308238491		20181108192042
1355	7132440005									7132440005	7132440005		20181108192042
1357	6509616254									6509616254	6509616254		20181108192042
1358	4402055875									4402055875	4402055875		20181108192042
1359	4233926272									4233926272	4233926272		20181108192042
1360	9037850403									9037850403	9037850403		20181108192042
1362	7028737476									7028737476	7028737476		20181108192042
1363	5624370079									5624370079	5624370079		20181108192042
1365	4105520774									4105520774	4105520774		20181108192042
1368	3606291513									3606291513	3606291513		20181108192042
1369	3016549132									3016549132	3016549132		20181108192042
1370	7035735353									7035735353	7035735353		20181108192042
1371	9723159242									9723159242	9723159242		20181108192042
1373	3145435994									3145435994	3145435994		20181108192042
1375	6158951741									6158951741	6158951741		20181108192042
1377	9524727487									9524727487	9524727487		20181108192042
1378	2065235399									2065235399	2065235399		20181108192042
1379	3187984417									3187984417	3187984417		20181108192042
1380	9516886927									9516886927	9516886927		20181108192042
1382	9129212004									9129212004	9129212004		20181108192042
1383	9516772665									9516772665	9516772665		20181108192042
1388	5049884772									5049884772	5049884772		20181108192042
1389	8325536081									8325536081	8325536081		20181108192042
1390	2106920187									2106920187	2106920187		20181108192042
1391	9165252030									9165252030	9165252030		20181108192042
1392	7604143892									7604143892	7604143892		20181108192042
1393	9207874737									9207874737	9207874737		20181108192042
1394	5416471643									5416471643	5416471643		20181108192042
1395	6022229333									6022229333	6022229333		20181108192042
1396	8645421367									8645421367	8645421367		20181108192042
1397	4013301456									4013301456	4013301456		20181108192042
1398	7024535741									7024535741	7024535741		20181108192042
1399	6069322313									6069322313	6069322313		20181108192042
1400	5415980489									5415980489	5415980489		20181108192042
1401	8045593067									8045593067	8045593067		20181108192042
1402	4107320185									4107320185	4107320185		20181108192042
1403	7877589779									7877589779	7877589779		20181108192042
1404	6414555150									6414555150	6414555150		20181108192042
1405	9417488520									9417488520	9417488520		20181108192042
1406	7176529297									7176529297	7176529297		20181108192042
1407	6128799116									6128799116	6128799116		20181108192042
1409	5036742834									5036742834	5036742834		20181108192042
1410	6307664220									6307664220	6307664220		20181108192042
1411	2292442626									2292442626	2292442626		20181108192042
1412	4108601155									4108601155	4108601155		20181108192042
1413	6307664220									6307664220	6307664220		20181108192042
1414	7634209842									7634209842	7634209842		20181108192042
1415	4073032882									4073032882	4073032882		20181108192042
1416	4809632277									4809632277	4809632277		20181108192042
1417	7148701582									7148701582	7148701582		20181108192042
1418	4024896803									4024896803	4024896803		20181108192042
1419	3046648746									3046648746	3046648746		20181108192042
1420	3045836018									3045836018	3045836018		20181108192042
1421	7577895095									7577895095	7577895095		20181108192042
1422	2814881387									2814881387	2814881387		20181108192042
1423	8174210400									8174210400	8174210400		20181108192042
1424	7062172876									7062172876	7062172876		20181108192042
1426	7702271485									7702271485	7702271485		20181108192042
1428	6203648719									6203648719	6203648719		20181108192042
1429	4072647774									4072647774	4072647774		20181108192042
1430	9414845453									9414845453	9414845453		20181108192042
1431	5087565633									5087565633	5087565633		20181108192042
1432	4076367805									4076367805	4076367805		20181108192042
1433	7245236352									7245236352	7245236352		20181108192042
1434	4078698108									4078698108	4078698108		20181108192042
1435	8063556907									8063556907	8063556907		20181108192042
1436	7855272709									7855272709	7855272709		20181108192042
1437	2167525612									2167525612	2167525612		20181108192042
1438	3375274335									3375274335	3375274335		20181108192042
1439	5016644738									5016644738	5016644738		20181108192042
1440	9786883133									9786883133	9786883133		20181108192042
1441	6152845385									6152845385	6152845385		20181108192042
1442	6148547830									6148547830	6148547830		20181108192042
1444	8045940915									8045940915	8045940915		20181108192042
1445	8137887010									8137887010	8137887010		20181108192042
1446	6102588502									6102588502	6102588502		20181108192042
1447	3133592674									3133592674	3133592674		20181108192042
1448	6152845385									6152845385	6152845385		20181108192042
1449	8595783045									8595783045	8595783045		20181108192042
1450	7177825854									7177825854	7177825854		20181108192042
1451	8167953456									8167953456	8167953456		20181108192042
1452	7315872145									7315872145	7315872145		20181108192042
1453	9737160441									9737160441	9737160441		20181108192042
1454	9015318560									9015318560	9015318560		20181108192042
1455	2705386220									2705386220	2705386220		20181108192042
1456	2198364075									2198364075	2198364075		20181108192042
1457	3182224556									3182224556	3182224556		20181108192042
1458	9132996581									9132996581	9132996581		20181108192042
1461	9197827144									9197827144	9197827144		20181108192042
1464	4106470019									4106470019	4106470019		20181108192042
1465	5156437509									5156437509	5156437509		20181108192042
1466	3187984412									3187984412	3187984412		20181108192042
1467	3193685503									3193685503	3193685503		20181108192042
1468	8567676102									8567676102	8567676102		20181108192042
1469	5175489164									5175489164	5175489164		20181108192042
1470	3043460704									3043460704	3043460704		20181108192042
1471	6053225179									6053225179	6053225179		20181108192042
1472	2626580276									2626580276	2626580276		20181108192042
1473	8433572720									8433572720	8433572720		20181108192042
1474	5029682283									5029682283	5029682283		20181108192042
1475	3303848727									3303848727	3303848727		20181108192042
1477	3187984420									3187984420	3187984420		20181108192042
1478	9166865865									9166865865	9166865865		20181108192042
1479	7133830378									7133830378	7133830378		20181108192042
1480	6147224966									6147224966	6147224966		20181108192042
1484	5614881814									5614881814	5614881814		20181108192042
1486	4106463623									4106463623	4106463623		20181108192042
1488	2707833750									2707833750	2707833750		20181108192042
1489	9087226785									9087226785	9087226785		20181108192042
1491	8706334850									8706334850	8706334850		20181108192042
1492	9043967172									9043967172	9043967172		20181108192042
1493	7035901121									7035901121	7035901121		20181108192042
1494	7045423386									7045423386	7045423386		20181108192042
1495	9105923153									9105923153	9105923153		20181108192042
1496	7877070068									7877070068	7877070068		20181108192042
1497	5853430381									5853430381	5853430381		20181108192042
1498	2565430277									2565430277	2565430277		20181108192042
1499	5058432584									5058432584	5058432584		20181108192042
1500	8045940915									8045940915	8045940915		20181108192042
1501	5139658091									5139658091	5139658091		20181108192042
1502	8045656600									8045656600	8045656600		20181108192042
1504	9015238488									9015238488	9015238488		20181108192042
1506	3304989869									3304989869	3304989869		20181108192042
1508	6605627993									6605627993	6605627993		20181108192042
1509	9013968151									9013968151	9013968151		20181108192042
1510	6145403979									6145403979	6145403979		20181108192042
1511	5734860910									5734860910	5734860910		20181108192042
1512	5127955122									5127955122	5127955122		20181108192042
1513	3368520651									3368520651	3368520651		20181108192042
1514	6163913320									6163913320	6163913320		20181108192042
1515	4193521179									4193521179	4193521179		20181108192042
1516	2403796710									2403796710	2403796710		20181108192042
1517	4106463623									4106463623	4106463623		20181108192042
1518	8655843892									8655843892	8655843892		20181108192042
1519	2013682380									2013682380	2013682380		20181108192042
1520	2106147529									2106147529	2106147529		20181108192042
1522	7047922131									7047922131	7047922131		20181108192042
1524	6369374423									6369374423	6369374423		20181108192042
1525	3308212535									3308212535	3308212535		20181108192042
1526	7177620808									7177620808	7177620808		20181108192042
1527	5174587614									5174587614	5174587614		20181108192042
1528	3367250454									3367250454	3367250454		20181108192042
1529	5028966218									5028966218	5028966218		20181108192042
1530	3307298701									3307298701	3307298701		20181108192042
1531	8045940915									8045940915	8045940915		20181108192042
1532	2197382145									2197382145	2197382145		20181108192042
1533	9528069741									9528069741	9528069741		20181108192042
1534	9373228070									9373228070	9373228070		20181108192042
1535	3302622808									3302622808	3302622808		20181108192042
1539	4198423048									4198423048	4198423048		20181108192042
1540	5409498903									5409498903	5409498903		20181108192042
1541	5419021320									5419021320	5419021320		20181108192042
1542	7403837974									7403837974	7403837974		20181108192042
1543	4325868121									4325868121	4325868121		20181108192042
1544	6309835632									6309835632	6309835632		20181108192042
1546	2155404415									2155404415	2155404415		20181108192042
1547	8047464158									8047464158	8047464158		20181108192042
1548	9087226318									9087226318	9087226318		20181108192042
1549	7075780723									7075780723	7075780723		20181108192042
1550	9087226318									9087226318	9087226318		20181108192042
1551	5016644738									5016644738	5016644738		20181108192042
1553	4195227822									4195227822	4195227822		20181108192042
1554	2286042154									2286042154	2286042154		20181108192042
1556	5133884013									5133884013	5133884013		20181108192042
1557	2395916726									2395916726	2395916726		20181108192042
1560	9785578859									9785578859	9785578859		20181108192042
1562	5127955122									5127955122	5127955122		20181108192042
1564	5013053535									5013053535	5013053535		20181108192042
1565	9106153798									9106153798	9106153798		20181108192042
1566	2297326528									2297326528	2297326528		20181108192042
1567	3098331894									3098331894	3098331894		20181108192042
1569	2565430277									2565430277	2565430277		20181108192042
1571	8504347813									8504347813	8504347813		20181108192042
1572	3042564054									3042564054	3042564054		20181108192042
1573	3017773860									3017773860	3017773860		20181108192042
1574	7604463899									7604463899	7604463899		20181108192042
1576	7022690436									7022690436	7022690436		20181108192042
1577	7079642269									7079642269	7079642269		20181108192042
1578	3043460704									3043460704	3043460704		20181108192042
1580	8595254016									8595254016	8595254016		20181108192042
1581	5853430381									5853430381	5853430381		20181108192042
1582	4358438802									4358438802	4358438802		20181108192042
1583	6145330140									6145330140	6145330140		20181108192042
1584	5203262575									5203262575	5203262575		20181108192042
1585	8286528793									8286528793	8286528793		20181108192042
1586	7872920130									7872920130	7872920130		20181108192042
1588	8158445960									8158445960	8158445960		20181108192042
1589	3097577719									3097577719	3097577719		20181108192042
1590	6065287413									6065287413	6065287413		20181108192042
1592	3864453916									3864453916	3864453916		20181108192042
1593	8133507246									8133507246	8133507246		20181108192042
1594	6066383867									6066383867	6066383867		20181108192042
1595	9569719109									9569719109	9569719109		20181108192042
1596	8148347424									8148347424	8148347424		20181108192042
1597	8454517757									8454517757	8454517757		20181108192042
1598	5123965680									5123965680	5123965680		20181108192042
1599	8177960763									8177960763	8177960763		20181108192042
1600	2053135298									2053135298	2053135298		20181108192042
1602	7328423854									7328423854	7328423854		20181108192042
1604	5409720706									5409720706	5409720706		20181108192042
1605	4024838689									4024838689	4024838689		20181108192042
1606	3178066990									3178066990	3178066990		20181108192042
1607	4794947787									4794947787	4794947787		20181108192042
1608	5152322775									5152322775	5152322775		20181108192042
1609	5152322775									5152322775	5152322775		20181108192042
1610	3154705811									3154705811	3154705811		20181108192042
1611	5124391081									5124391081	5124391081		20181108192042
1612	4042559780									4042559780	4042559780		20181108192042
1613	8123313311									8123313311	8123313311		20181108192042
1615	2032652977									2032652977	2032652977		20181108192042
1616	9528069741									9528069741	9528069741		20181108192042
1617	4342440153									4342440153	4342440153		20181108192042
1618	2038797191									2038797191	2038797191		20181108192042
1619	5737856959									5737856959	5737856959		20181108192042
1620	4254508807									4254508807	4254508807		20181108192042
1624	7066243001									7066243001	7066243001		20181108192042
1626	8143378091									8143378091	8143378091		20181108192042
1627	6052257919									6052257919	6052257919		20181108192042
1629	6163917709									6163917709	6163917709		20181108192042
1630	3043434167									3043434167	3043434167		20181108192042
1631	2708427177									2708427177	2708427177		20181108192042
1632	8163641003									8163641003	8163641003		20181108192042
1633	8454621140									8454621140	8454621140		20181108192042
1634	2062463583									2062463583	2062463583		20181108192042
1635	5809319161									5809319161	5809319161		20181108192042
1636	8045940915									8045940915	8045940915		20181108192042
1637	9106093784									9106093784	9106093784		20181108192042
1638	8282747855									8282747855	8282747855		20181108192042
1640	2485838969									2485838969	2485838969		20181108192042
1641	9566300074									9566300074	9566300074		20181108192042
1642	6152845385									6152845385	6152845385		20181108192042
1643	3058645499									3058645499	3058645499		20181108192042
1644	9259349383									9259349383	9259349383		20181108192042
1645	3154705811									3154705811	3154705811		20181108192042
1646	2097454637									2097454637	2097454637		20181108192042
1647	3154705811									3154705811	3154705811		20181108192042
1648	5302478202									5302478202	5302478202		20181108192042
1649	3154705811									3154705811	3154705811		20181108192042
1650	9566861616									9566861616	9566861616		20181108192042
1651	3609921159									3609921159	3609921159		20181108192042
1652	9724924453									9724924453	9724924453		20181108192042
1654	8125375980									8125375980	8125375980		20181108192042
1657	3055342035									3055342035	3055342035		20181108192042
1658	7609309696									7609309696	7609309696		20181108192042
1659	8144712131									8144712131	8144712131		20181108192042
1661	2157859021									2157859021	2157859021		20181108192042
1662	6164555052									6164555052	6164555052		20181108192042
1663	8302570049									8302570049	8302570049		20181108192042
1664	4198783236									4198783236	4198783236		20181108192042
1665	7088481341									7088481341	7088481341		20181108192042
1666	3604235596									3604235596	3604235596		20181108192042
1667	3183570976									3183570976	3183570976		20181108192042
1668	2057880450									2057880450	2057880450		20181108192042
1669	7277819666									7277819666	7277819666		20181108192042
1670	2157859021									2157859021	2157859021		20181108192042
1671	2626268260									2626268260	2626268260		20181108192042
1673	8044210869									8044210869	8044210869		20181108192042
1674	3178594040									3178594040	3178594040		20181108192042
1675	5037617917									5037617917	5037617917		20181108192042
1676	6148750769									6148750769	6148750769		20181108192042
1677	2699450357									2699450357	2699450357		20181108192042
1678	2033774156									2033774156	2033774156		20181108192042
1679	2194650032									2194650032	2194650032		20181108192042
1680	3154705811									3154705811	3154705811		20181108192042
1681	6164860133									6164860133	6164860133		20181108192042
1683	4025723170									4025723170	4025723170		20181108192042
1685	6019579753									6019579753	6019579753		20181108192042
1687	5854425526									5854425526	5854425526		20181108192042
1688	5409325910									5409325910	5409325910		20181108192042
1689	9197810247									9197810247	9197810247		20181108192042
1690	4102804701									4102804701	4102804701		20181108192042
1691	2814217828									2814217828	2814217828		20181108192042
1692	6504048408									6504048408	6504048408		20181108192042
1696	7326150185									7326150185	7326150185		20181108192042
1697	9017516170									9017516170	9017516170		20181108192042
1699	8142264051									8142264051	8142264051		20181108192042
1700	9037841749									9037841749	9037841749		20181108192042
1702	5138601614									5138601614	5138601614		20181108192042
1704	7326150185									7326150185	7326150185		20181108192042
1705	5035886843									5035886843	5035886843		20181108192042
1706	7326150865									7326150865	7326150865		20181108192043
1707	8142380541									8142380541	8142380541		20181108192043
1708	6262921150									6262921150	6262921150		20181108192043
1709	2704449291									2704449291	2704449291		20181108192043
1710	5136054805									5136054805	5136054805		20181108192043
1712	3212696245									3212696245	3212696245		20181108192043
1713	6628387944									6628387944	6628387944		20181108192043
1714	2012513236									2012513236	2012513236		20181108192043
1715	6169540213									6169540213	6169540213		20181108192043
1717	4106640806									4106640806	4106640806		20181108192043
1718	8153370279									8153370279	8153370279		20181108192043
1719	5127955122									5127955122	5127955122		20181108192043
1720	6012685058									6012685058	6012685058		20181108192043
1721	8478276306									8478276306	8478276306		20181108192043
1722	8035361604									8035361604	8035361604		20181108192043
1723	7702079029									7702079029	7702079029		20181108192043
1724	4409891153									4409891153	4409891153		20181108192043
1725	3026744473									3026744473	3026744473		20181108192043
1726	9105921552									9105921552	9105921552		20181108192043
1727	8067928588									8067928588	8067928588		20181108192043
1729	8142264051									8142264051	8142264051		20181108192043
1730	8636032404									8636032404	8636032404		20181108192043
1731	8148371051									8148371051	8148371051		20181108192043
1732	5166760956									5166760956	5166760956		20181108192043
1733	5408620131									5408620131	5408620131		20181108192043
1734	3043443480									3043443480	3043443480		20181108192043
1736	3619924198									3619924198	3619924198		20181108192043
1737	2158551305									2158551305	2158551305		20181108192043
1738	6013531463									6013531463	6013531463		20181108192043
1739	8059640861									8059640861	8059640861		20181108192043
1740	2818978462									2818978462	2818978462		20181108192043
1742	5592211897									5592211897	5592211897		20181108192043
1743	5152659888									5152659888	5152659888		20181108192043
1744	5108398984									5108398984	5108398984		20181108192043
1746	4177812090									4177812090	4177812090		20181108192043
1747	7135285839									7135285839	7135285839		20181108192043
1748	2395746968									2395746968	2395746968		20181108192043
1749	6109884242									6109884242	6109884242		20181108192043
1750	4102804701									4102804701	4102804701		20181108192043
1754	3027341720									3027341720	3027341720		20181108192043
1755	2694292202									2694292202	2694292202		20181108192043
1756	5127955122									5127955122	5127955122		20181108192043
1757	7738713608									7738713608	7738713608		20181108192043
1758	7065711781									7065711781	7065711781		20181108192043
1759	5408625727									5408625727	5408625727		20181108192043
1760	4194241927									4194241927	4194241927		20181108192043
1761	3525636328									3525636328	3525636328		20181108192043
1763	6012685058									6012685058	6012685058		20181108192043
1764	2704448147									2704448147	2704448147		20181108192043
1765	9363489936									9363489936	9363489936		20181108192043
1766	5189320289									5189320289	5189320289		20181108192043
1767	4107786647									4107786647	4107786647		20181108192043
1768	3016958604									3016958604	3016958604		20181108192043
1769	3305321949									3305321949	3305321949		20181108192043
1770	5702684266									5702684266	5702684266		20181108192043
1771	3193685503									3193685503	3193685503		20181108192043
1772	7144442047									7144442047	7144442047		20181108192043
1773	4343728910									4343728910	4343728910		20181108192043
1775	3365913435									3365913435	3365913435		20181108192043
1777	9046417977									9046417977	9046417977		20181108192043
1780	6062374873									6062374873	6062374873		20181108192043
1781	2538741665									2538741665	2538741665		20181108192043
1782	3154223538									3154223538	3154223538		20181108192043
1783	7813447244									7813447244	7813447244		20181108192043
1784	2609695584									2609695584	2609695584		20181108192043
1786	5022675488									5022675488	5022675488		20181108192043
1788	5093632762									5093632762	5093632762		20181108192043
1789	2062156650									2062156650	2062156650		20181108192043
1790	9287761444									9287761444	9287761444		20181108192043
1792	2174222223									2174222223	2174222223		20181108192043
1793	5054268011									5054268011	5054268011		20181108192043
1794	5127955122									5127955122	5127955122		20181108192043
1795	5707434504									5707434504	5707434504		20181108192043
1796	2163321555									2163321555	2163321555		20181108192043
1797	2014327830									2014327830	2014327830		20181108192043
1798	9107542972									9107542972	9107542972		20181108192043
1799	7176377803									7176377803	7176377803		20181108192043
1800	7872920130									7872920130	7872920130		20181108192043
1802	9724854443									9724854443	9724854443		20181108192043
1803	5124626709									5124626709	5124626709		20181108192043
1804	8609456820									8609456820	8609456820		20181108192043
1805	5022398399									5022398399	5022398399		20181108192043
1806	9102451444									9102451444	9102451444		20181108192043
1807	9785213256									9785213256	9785213256		20181108192043
1808	9108445840									9108445840	9108445840		20181108192043
1810	4052325705									4052325705	4052325705		20181108192043
1812	3166867338									3166867338	3166867338		20181108192043
1813	2037856961									2037856961	2037856961		20181108192043
1814	3614001588									3614001588	3614001588		20181108192043
1815	2125816033									2125816033	2125816033		20181108192043
1816	7652985279									7652985279	7652985279		20181108192043
1819	2014895040									2014895040	2014895040		20181108192043
1820	2067626355									2067626355	2067626355		20181108192043
1824	6169540213									6169540213	6169540213		20181108192043
1825	9529278610									9529278610	9529278610		20181108192043
1826	9253087910									9253087910	9253087910		20181108192043
1828	2143583639									2143583639	2143583639		20181108192043
1829	8023348270									8023348270	8023348270		20181108192043
1830	6316893016									6316893016	6316893016		20181108192043
1831	2127172154									2127172154	2127172154		20181108192043
1832	2548836066									2548836066	2548836066		20181108192043
1833	3148101399									3148101399	3148101399		20181108192043
1834	3043443480									3043443480	3043443480		20181108192043
1835	4232620057									4232620057	4232620057		20181108192043
1836	7074454182									7074454182	7074454182		20181108192043
1838	7072697054									7072697054	7072697054		20181108192043
1839	9104527229									9104527229	9104527229		20181108192043
1840	4082237001									4082237001	4082237001		20181108192043
1842	7064816729									7064816729	7064816729		20181108192043
1843	5165206584									5165206584	5165206584		20181108192043
1844	8509844742									8509844742	8509844742		20181108192043
1845	3184438761									3184438761	3184438761		20181108192043
1846	3176215678									3176215678	3176215678		20181108192043
1848	6163652076									6163652076	6163652076		20181108192043
1849	5187925723									5187925723	5187925723		20181108192043
1851	4177771183									4177771183	4177771183		20181108192043
1852	3109432703									3109432703	3109432703		20181108192043
1853	2077727725									2077727725	2077727725		20181108192043
1854	5028521754									5028521754	5028521754		20181108192043
1856	5025821754									5025821754	5025821754		20181108192043
1857	4846288400									4846288400	4846288400		20181108192043
1858	8452027539									8452027539	8452027539		20181108192043
1859	9315264014									9315264014	9315264014		20181108192043
1860	2076625526									2076625526	2076625526		20181108192043
1861	7879822014									7879822014	7879822014		20181108192043
1863	2156437544									2156437544	2156437544		20181108192043
1864	7602559001									7602559001	7602559001		20181108192043
1865	6605627993									6605627993	6605627993		20181108192043
1866	3105500367									3105500367	3105500367		20181108192043
1867	2127994533									2127994533	2127994533		20181108192043
1868	2626926547									2626926547	2626926547		20181108192043
1869	7153877434									7153877434	7153877434		20181108192043
1870	7767673944									7767673944	7767673944		20181108192043
1871	9088895172									9088895172	9088895172		20181108192043
1872	9286453254									9286453254	9286453254		20181108192043
1873	2522916935									2522916935	2522916935		20181108192043
1874	9739332030									9739332030	9739332030		20181108192043
1875	9137914438									9137914438	9137914438		20181108192043
1876	6318287494									6318287494	6318287494		20181108192043
1877	3083816462									3083816462	3083816462		20181108192043
1878	7707190853									7707190853	7707190853		20181108192043
1879	9099494441									9099494441	9099494441		20181108192043
1881	3083816462									3083816462	3083816462		20181108192043
1883	4789229020									4789229020	4789229020		20181108192043
1884	6363909994									6363909994	6363909994		20181108192043
1885	8067916709									8067916709	8067916709		20181108192043
1888	9062253919									9062253919	9062253919		20181108192043
1889	7409848834									7409848834	7409848834		20181108192043
1890	5182808464									5182808464	5182808464		20181108192043
1891	7177958395									7177958395	7177958395		20181108192043
1892	5866206040									5866206040	5866206040		20181108192043
1895	7194712258									7194712258	7194712258		20181108192043
1897	3108286635									3108286635	3108286635		20181108192043
1898	6788075505									6788075505	6788075505		20181108192043
1899	6716497232									6716497232	6716497232		20181108192043
1900	7068542559									7068542559	7068542559		20181108192043
1904	9407638078									9407638078	9407638078		20181108192043
1906	6073345946									6073345946	6073345946		20181108192043
1907	9498378154									9498378154	9498378154		20181108192043
1908	3362991762									3362991762	3362991762		20181108192043
1910	3212740246									3212740246	3212740246		20181108192043
1911	5183833255									5183833255	5183833255		20181108192043
1912	6785817100									6785817100	6785817100		20181108192043
1913	7323651799									7323651799	7323651799		20181108192043
1915	5122311470									5122311470	5122311470		20181108192043
1917	5135573332									5135573332	5135573332		20181108192043
1918	2395937008									2395937008	2395937008		20181108192043
1919	7404506199									7404506199	7404506199		20181108192043
1920	5704211207									5704211207	5704211207		20181108192043
1921	6369220833									6369220833	6369220833		20181108192043
1922	2709267325									2709267325	2709267325		20181108192043
1923	3166343091									3166343091	3166343091		20181108192043
1924	9284253859									9284253859	9284253859		20181108192043
1925	2197853401									2197853401	2197853401		20181108192043
1926	3148101399									3148101399	3148101399		20181108192043
1927	8066878009									8066878009	8066878009		20181108192043
1928	4236228716									4236228716	4236228716		20181108192043
1929	8883271505									8883271505	8883271505		20181108192043
1930	3523325009									3523325009	3523325009		20181108192043
1931	6785817100									6785817100	6785817100		20181108192043
1932	8508632885									8508632885	8508632885		20181108192043
1933	3377383027									3377383027	3377383027		20181108192043
1934	9897550956									9897550956	9897550956		20181108192043
1935	7182340240									7182340240	7182340240		20181108192043
1936	5182072973									5182072973	5182072973		20181108192043
1937	7204943107									7204943107	7204943107		20181108192043
1938	3176445006									3176445006	3176445006		20181108192043
1939	4258995006									4258995006	4258995006		20181108192043
1940	9099371771									9099371771	9099371771		20181108192043
1941	8056145932									8056145932	8056145932		20181108192043
1942	2813334013									2813334013	2813334013		20181108192043
1943	7739352724									7739352724	7739352724		20181108192043
1944	4325236446									4325236446	4325236446		20181108192043
1945	6622400483									6622400483	6622400483		20181108192043
1946	9106280158									9106280158	9106280158		20181108192043
1947	2137631505									2137631505	2137631505		20181108192043
1949	8189961649									8189961649	8189961649		20181108192043
1950	4142632688									4142632688	4142632688		20181108192043
1951	5625681224									5625681224	5625681224		20181108192043
1952	3013921936									3013921936	3013921936		20181108192043
1954	5706383642									5706383642	5706383642		20181108192043
1955	3104541039									3104541039	3104541039		20181108192043
1956	6108287505									6108287505	6108287505		20181108192043
1957	3367190714									3367190714	3367190714		20181108192043
1958	2032685836									2032685836	2032685836		20181108192043
1959	6202518264									6202518264	6202518264		20181108192043
1961	6106784599									6106784599	6106784599		20181108192043
1962	9135888432									9135888432	9135888432		20181108192043
1963	3042572681									3042572681	3042572681		20181108192043
1964	8169410080									8169410080	8169410080		20181108192043
1966	4239299448									4239299448	4239299448		20181108192043
1967	3149090330									3149090330	3149090330		20181108192043
1968	5168878380									5168878380	5168878380		20181108192043
1969	6106288648									6106288648	6106288648		20181108192043
1970	7066983001									7066983001	7066983001		20181108192043
1972	4239299448									4239299448	4239299448		20181108192043
1973	4098921911									4098921911	4098921911		20181108192043
1974	7188585095									7188585095	7188585095		20181108192043
1975	5087650253									5087650253	5087650253		20181108192043
1976	4177813309									4177813309	4177813309		20181108192043
1978	7872652120									7872652120	7872652120		20181108192043
1979	4142915969									4142915969	4142915969		20181108192043
1980	3195584806									3195584806	3195584806		20181108192043
1982	3143620369									3143620369	3143620369		20181108192043
1983	3032338443									3032338443	3032338443		20181108192043
1984	3047579045									3047579045	3047579045		20181108192043
1985	6122944903									6122944903	6122944903		20181108192043
1986	2814922005									2814922005	2814922005		20181108192043
1987	5703437734									5703437734	5703437734		20181108192043
1988	5408620131									5408620131	5408620131		20181108192043
1990	9207666339									9207666339	9207666339		20181108192043
1991	7166460763									7166460763	7166460763		20181108192043
1992	5098865054									5098865054	5098865054		20181108192043
1994	4143840134									4143840134	4143840134		20181108192043
1995	6785817100									6785817100	6785817100		20181108192043
1996	7852718818									7852718818	7852718818		20181108192043
1998	9134986699									9134986699	9134986699		20181108192043
1999	2074902273									2074902273	2074902273		20181108192043
