Line_ID	As_Short_Text_LTE_400	As_Long_Text_LTE_4000	As_Year	As_Month	As_Day	As_Hour	As_Minute	As_Second	As_Millisecond	As_Double	As_Long	As_Bool	YMD_hms_Key
1	3088652506									3088652506	3088652506		20181108191325
2	6023446601									6023446601	6023446601		20181108191325
3	7704296503									7704296503	7704296503		20181108191325
4	8564641577									8564641577	8564641577		20181108191325
5	5853969275									5853969275	5853969275		20181108191325
6	2155389580									2155389580	2155389580		20181108191325
7	8012749064									8012749064	8012749064		20181108191325
8	2604368585									2604368585	2604368585		20181108191325
9	4235876082									4235876082	4235876082		20181108191325
10	7704296503									7704296503	7704296503		20181108191325
11	8012726109									8012726109	8012726109		20181108191325
13	5633873102									5633873102	5633873102		20181108191325
14	8607280480									8607280480	8607280480		20181108191325
15	6034270655									6034270655	6034270655		20181108191325
17	5073333211									5073333211	5073333211		20181108191325
18	4407168401									4407168401	4407168401		20181108191325
19	9035262051									9035262051	9035262051		20181108191325
21	5413120121									5413120121	5413120121		20181108191325
22	5736369390									5736369390	5736369390		20181108191325
23	7139442377									7139442377	7139442377		20181108191325
24	3609449686									3609449686	3609449686		20181108191325
25	3183886913									3183886913	3183886913		20181108191325
27	8288855742									8288855742	8288855742		20181108191325
28	8012889583									8012889583	8012889583		20181108191325
30	5184275929									5184275929	5184275929		20181108191325
31	3232217194									3232217194	3232217194		20181108191325
32	2173599833									2173599833	2173599833		20181108191325
34	5626336948									5626336948	5626336948		20181108191325
35	2175250121									2175250121	2175250121		20181108191325
37	6239355551									6239355551	6239355551		20181108191325
38	8145345149									8145345149	8145345149		20181108191325
39	6152842595									6152842595	6152842595		20181108191325
40	7173949223									7173949223	7173949223		20181108191325
42	5052620019									5052620019	5052620019		20181108191325
44	2393347070									2393347070	2393347070		20181108191325
46	5128344142									5128344142	5128344142		20181108191325
47	7404543830									7404543830	7404543830		20181108191325
50	3174862189									3174862189	3174862189		20181108191325
51	9145768855									9145768855	9145768855		20181108191325
52	5703217800									5703217800	5703217800		20181108191325
53	2105259617									2105259617	2105259617		20181108191325
54	9087090163									9087090163	9087090163		20181108191325
55	5086936669									5086936669	5086936669		20181108191325
56	6203268475									6203268475	6203268475		20181108191325
57	6036774154									6036774154	6036774154		20181108191325
58	2163692531									2163692531	2163692531		20181108191325
60	7877082588									7877082588	7877082588		20181108191325
61	9726800513									9726800513	9726800513		20181108191325
62	9544334635									9544334635	9544334635		20181108191325
63	6235440239									6235440239	6235440239		20181108191326
64	5208368807									5208368807	5208368807		20181108191326
65	8458964558									8458964558	8458964558		20181108191326
66	9044911513									9044911513	9044911513		20181108191326
67	4409885949									4409885949	4409885949		20181108191326
68	4155672052									4155672052	4155672052		20181108191326
70	4129670186									4129670186	4129670186		20181108191326
71	6036260899									6036260899	6036260899		20181108191326
72	3256463734									3256463734	3256463734		20181108191326
74	3082372768									3082372768	3082372768		20181108191326
75	4235101560									4235101560	4235101560		20181108191326
76	5048952581									5048952581	5048952581		20181108191326
77	2542486306									2542486306	2542486306		20181108191326
78	5618261209									5618261209	5618261209		20181108191326
79	8144435697									8144435697	8144435697		20181108191326
80	2155363259									2155363259	2155363259		20181108191326
81	9103234207									9103234207	9103234207		20181108191326
83	8163224722									8163224722	8163224722		20181108191326
84	9043881827									9043881827	9043881827		20181108191326
85	3038533735									3038533735	3038533735		20181108191326
86	8477413597									8477413597	8477413597		20181108191326
87	3526748714									3526748714	3526748714		20181108191326
88	7407742803									7407742803	7407742803		20181108191326
89	8148661436									8148661436	8148661436		20181108191326
91	2157453997									2157453997	2157453997		20181108191326
93	9043903592									9043903592	9043903592		20181108191326
95	3306099910									3306099910	3306099910		20181108191326
96	7349367027									7349367027	7349367027		20181108191326
97	3306099910									3306099910	3306099910		20181108191326
98	8138441655									8138441655	8138441655		20181108191326
99	8147254664									8147254664	8147254664		20181108191326
100	3016654576									3016654576	3016654576		20181108191326
101	8655448435									8655448435	8655448435		20181108191326
102	9417613815									9417613815	9417613815		20181108191326
103	2393434008									2393434008	2393434008		20181108191326
104	7245434380									7245434380	7245434380		20181108191326
105	9855420282									9855420282	9855420282		20181108191326
106	4102245696									4102245696	4102245696		20181108191326
107	7245434380									7245434380	7245434380		20181108191326
110	8608897113									8608897113	8608897113		20181108191326
111	7732960335									7732960335	7732960335		20181108191326
112	7737613541									7737613541	7737613541		20181108191326
113	2159705623									2159705623	2159705623		20181108191326
114	9146363739									9146363739	9146363739		20181108191326
115	7142281450									7142281450	7142281450		20181108191326
116	4404615033									4404615033	4404615033		20181108191326
117	9082820306									9082820306	9082820306		20181108191326
118	6369381300									6369381300	6369381300		20181108191326
121	6164530640									6164530640	6164530640		20181108191326
122	4068260017									4068260017	4068260017		20181108191326
123	2815860173									2815860173	2815860173		20181108191326
126	7175317269									7175317269	7175317269		20181108191326
127	8188862502									8188862502	8188862502		20181108191326
128	5616833185									5616833185	5616833185		20181108191326
129	6148370425									6148370425	6148370425		20181108191326
131	5025855251									5025855251	5025855251		20181108191326
132	9544376628									9544376628	9544376628		20181108191326
133	4404424695									4404424695	4404424695		20181108191326
134	6623285000									6623285000	6623285000		20181108191326
135	8122321517									8122321517	8122321517		20181108191326
136	8055978350									8055978350	8055978350		20181108191326
137	9103234207									9103234207	9103234207		20181108191326
138	3052746316									3052746316	3052746316		20181108191326
139	9544376628									9544376628	9544376628		20181108191326
140	6306682713									6306682713	6306682713		20181108191326
142	7146391958									7146391958	7146391958		20181108191326
143	9184558105									9184558105	9184558105		20181108191326
144	8173366440									8173366440	8173366440		20181108191326
145	6153291235									6153291235	6153291235		20181108191326
147	3052746316									3052746316	3052746316		20181108191326
148	6417914852									6417914852	6417914852		20181108191326
149	4024830476									4024830476	4024830476		20181108191326
150	8137571234									8137571234	8137571234		20181108191326
151	7877670338									7877670338	7877670338		20181108191326
153	3016654576									3016654576	3016654576		20181108191326
154	8655448435									8655448435	8655448435		20181108191326
155	9544376628									9544376628	9544376628		20181108191326
156	3307825600									3307825600	3307825600		20181108191326
158	7245434380									7245434380	7245434380		20181108191326
160	9044932222									9044932222	9044932222		20181108191326
161	8122321517									8122321517	8122321517		20181108191326
162	6153299504									6153299504	6153299504		20181108191326
163	5745631902									5745631902	5745631902		20181108191326
164	8067925023									8067925023	8067925023		20181108191326
165	5058840776									5058840776	5058840776		20181108191326
166	5127567831									5127567831	5127567831		20181108191326
167	7323636656									7323636656	7323636656		20181108191326
168	6034722872									6034722872	6034722872		20181108191326
169	6316326936									6316326936	6316326936		20181108191326
170	7065965810									7065965810	7065965810		20181108191326
171	5614470820									5614470820	5614470820		20181108191326
176	8473685995									8473685995	8473685995		20181108191326
177	7578750524									7578750524	7578750524		20181108191326
178	5123470769									5123470769	5123470769		20181108191326
179	7177246451									7177246451	7177246451		20181108191326
180	9856438510									9856438510	9856438510		20181108191326
181	4192515117									4192515117	4192515117		20181108191326
182	6154461357									6154461357	6154461357		20181108191326
185	9184558105									9184558105	9184558105		20181108191326
186	7656640469									7656640469	7656640469		20181108191326
187	9048190299									9048190299	9048190299		20181108191326
188	2105457705									2105457705	2105457705		20181108191326
189	8669295697									8669295697	8669295697		20181108191326
190	9544376628									9544376628	9544376628		20181108191326
191	2527526600									2527526600	2527526600		20181108191326
192	9012592785									9012592785	9012592785		20181108191326
193	4123843505									4123843505	4123843505		20181108191326
194	3184422192									3184422192	3184422192		20181108191326
196	4042559097									4042559097	4042559097		20181108191326
197	9043881827									9043881827	9043881827		20181108191326
198	3054447866									3054447866	3054447866		20181108191326
200	8148661436									8148661436	8148661436		20181108191326
201	9187562126									9187562126	9187562126		20181108191326
202	5163585454									5163585454	5163585454		20181108191326
203	5616517417									5616517417	5616517417		20181108191326
205	6147223699									6147223699	6147223699		20181108191326
206	6064350752									6064350752	6064350752		20181108191326
207	5805467617									5805467617	5805467617		20181108191326
208	5184890512									5184890512	5184890512		20181108191326
209	3618823920									3618823920	3618823920		20181108191326
210	8502192352									8502192352	8502192352		20181108191326
211	5163585454									5163585454	5163585454		20181108191326
212	3527284868									3527284868	3527284868		20181108191326
215	5403477450									5403477450	5403477450		20181108191326
216	3052746316									3052746316	3052746316		20181108191326
217	6154461357									6154461357	6154461357		20181108191326
218	5053241199									5053241199	5053241199		20181108191326
219	4232824533									4232824533	4232824533		20181108191326
220	6153164026									6153164026	6153164026		20181108191326
221	6239152728									6239152728	6239152728		20181108191326
223	7026716883									7026716883	7026716883		20181108191326
225	4078947689									4078947689	4078947689		20181108191326
226	3604271743									3604271743	3604271743		20181108191326
227	9702495029									9702495029	9702495029		20181108191326
228	9549160674									9549160674	9549160674		20181108191326
230	6152847695									6152847695	6152847695		20181108191326
232	9732566778									9732566778	9732566778		20181108191326
234	5052460684									5052460684	5052460684		20181108191326
237	8138441988									8138441988	8138441988		20181108191326
238	6122944903									6122944903	6122944903		20181108191326
239	4194910042									4194910042	4194910042		20181108191326
240	4023937554									4023937554	4023937554		20181108191326
241	8607148001									8607148001	8607148001		20181108191326
242	5302265585									5302265585	5302265585		20181108191326
243	2708430779									2708430779	2708430779		20181108191326
244	8045413817									8045413817	8045413817		20181108191326
245	2022236799									2022236799	2022236799		20181108191326
246	7704296503									7704296503	7704296503		20181108191326
247	4123632214									4123632214	4123632214		20181108191326
249	4082719814									4082719814	4082719814		20181108191326
250	4194910042									4194910042	4194910042		20181108191326
252	2604260443									2604260443	2604260443		20181108191326
253	8053470033									8053470033	8053470033		20181108191326
256	7027969071									7027969071	7027969071		20181108191326
257	3186197771									3186197771	3186197771		20181108191326
258	5208760484									5208760484	5208760484		20181108191326
261	3154881955									3154881955	3154881955		20181108191326
262	3156246308									3156246308	3156246308		20181108191326
263	2703659433									2703659433	2703659433		20181108191326
264	4043551353									4043551353	4043551353		20181108191326
265	9012592785									9012592785	9012592785		20181108191326
266	5208368807									5208368807	5208368807		20181108191326
267	5082386980									5082386980	5082386980		20181108191326
268	4123632214									4123632214	4123632214		20181108191326
269	6077246468									6077246468	6077246468		20181108191326
270	7349448038									7349448038	7349448038		20181108191326
271	3368416217									3368416217	3368416217		20181108191326
272	4059454751									4059454751	4059454751		20181108191326
273	3234426001									3234426001	3234426001		20181108191326
274	7407732132									7407732132	7407732132		20181108191326
275	7705183310									7705183310	7705183310		20181108191326
277	8178821118									8178821118	8178821118		20181108191326
279	6018153773									6018153773	6018153773		20181108191326
281	2394371451									2394371451	2394371451		20181108191326
283	8508775636									8508775636	8508775636		20181108191326
284	2706511726									2706511726	2706511726		20181108191326
285	5419551621									5419551621	5419551621		20181108191326
287	2818932882									2818932882	2818932882		20181108191326
288	4252919300									4252919300	4252919300		20181108191326
289	8159425330									8159425330	8159425330		20181108191326
290	6123338306									6123338306	6123338306		20181108191326
291	9123566967									9123566967	9123566967		20181108191326
292	3032340226									3032340226	3032340226		20181108191326
293	2482088788									2482088788	2482088788		20181108191326
294	6103533420									6103533420	6103533420		20181108191326
295	6185295651									6185295651	6185295651		20181108191326
296	3207634127									3207634127	3207634127		20181108191326
297	3166869797									3166869797	3166869797		20181108191326
298	7708608166									7708608166	7708608166		20181108191326
300	3148943762									3148943762	3148943762		20181108191326
301	4027623573									4027623573	4027623573		20181108191326
302	4198935399									4198935399	4198935399		20181108191326
303	5633594634									5633594634	5633594634		20181108191326
304	6012500476									6012500476	6012500476		20181108191326
305	4052716762									4052716762	4052716762		20181108191326
306	5742963351									5742963351	5742963351		20181108191326
307	5122317059									5122317059	5122317059		20181108191326
308	9038851329									9038851329	9038851329		20181108191326
309	5088886975									5088886975	5088886975		20181108191326
310	8508775636									8508775636	8508775636		20181108191326
311	9283443928									9283443928	9283443928		20181108191326
312	8124210994									8124210994	8124210994		20181108191326
314	6157919710									6157919710	6157919710		20181108191326
315	6144880226									6144880226	6144880226		20181108191326
317	6193984989									6193984989	6193984989		20181108191326
318	8503856403									8503856403	8503856403		20181108191326
319	8136626539									8136626539	8136626539		20181108191326
320	3618876126									3618876126	3618876126		20181108191326
321	2038522527									2038522527	2038522527		20181108191326
322	9786888679									9786888679	9786888679		20181108191326
323	8707416331									8707416331	8707416331		20181108191326
324	8124212722									8124212722	8124212722		20181108191326
326	8182643433									8182643433	8182643433		20181108191326
328	7166899866									7166899866	7166899866		20181108191326
330	3154463491									3154463491	3154463491		20181108191326
331	3017745652									3017745652	3017745652		20181108191326
332	9102953165									9102953165	9102953165		20181108191326
334	3348325008									3348325008	3348325008		20181108191326
335	6159418102									6159418102	6159418102		20181108191326
336	8476626982									8476626982	8476626982		20181108191326
337	8476624174									8476624174	8476624174		20181108191326
339	2707562525									2707562525	2707562525		20181108191326
340	3057526467									3057526467	3057526467		20181108191326
341	5853969275									5853969275	5853969275		20181108191326
343	9197826578									9197826578	9197826578		20181108191326
344	6628405614									6628405614	6628405614		20181108191326
345	7328868862									7328868862	7328868862		20181108191326
347	7607438837									7607438837	7607438837		20181108191326
349	8473818042									8473818042	8473818042		20181108191326
350	3212686360									3212686360	3212686360		20181108191326
351	5703477436									5703477436	5703477436		20181108191326
352	4194805900									4194805900	4194805900		20181108191326
354	4233786333									4233786333	4233786333		20181108191326
355	3617580378									3617580378	3617580378		20181108191326
356	2089622313									2089622313	2089622313		20181108191326
358	2159250262									2159250262	2159250262		20181108191326
360	7033912919									7033912919	7033912919		20181108191326
361	8177327021									8177327021	8177327021		20181108191326
362	7026716883									7026716883	7026716883		20181108191326
363	4349643636									4349643636	4349643636		20181108191326
365	3044693399									3044693399	3044693399		20181108191326
366	4159818727									4159818727	4159818727		20181108191326
367	5123235880									5123235880	5123235880		20181108191326
368	5742347720									5742347720	5742347720		20181108191326
369	6237801393									6237801393	6237801393		20181108191326
370	3104230170									3104230170	3104230170		20181108191326
373	9373996794									9373996794	9373996794		20181108191326
374	3014742218									3014742218	3014742218		20181108191326
375	3085343813									3085343813	3085343813		20181108191326
376	6163930562									6163930562	6163930562		20181108191326
377	4845034501									4845034501	4845034501		20181108191326
378	3017628020									3017628020	3017628020		20181108191326
379	9015953842									9015953842	9015953842		20181108191326
380	8314220136									8314220136	8314220136		20181108191326
381	3154881955									3154881955	3154881955		20181108191326
382	6029966760									6029966760	6029966760		20181108191326
383	3144545583									3144545583	3144545583		20181108191326
384	4197293938									4197293938	4197293938		20181108191326
385	8142676213									8142676213	8142676213		20181108191326
387	6784133580									6784133580	6784133580		20181108191326
388	6066664172									6066664172	6066664172		20181108191326
389	8085895233									8085895233	8085895233		20181108191326
391	5593913117									5593913117	5593913117		20181108191326
392	2084767818									2084767818	2084767818		20181108191326
393	7188841338									7188841338	7188841338		20181108191326
394	2106140444									2106140444	2106140444		20181108191326
395	8169428669									8169428669	8169428669		20181108191326
398	6237760668									6237760668	6237760668		20181108191326
401	3362497223									3362497223	3362497223		20181108191326
402	3347936460									3347936460	3347936460		20181108191326
403	2604368585									2604368585	2604368585		20181108191326
404	9036753888									9036753888	9036753888		20181108191326
405	4198729549									4198729549	4198729549		20181108191326
406	8047326638									8047326638	8047326638		20181108191326
407	6062184587									6062184587	6062184587		20181108191326
408	8134438164									8134438164	8134438164		20181108191326
409	5036368159									5036368159	5036368159		20181108191326
410	4059454751									4059454751	4059454751		20181108191326
411	3049493807									3049493807	3049493807		20181108191326
412	9372947542									9372947542	9372947542		20181108191326
413	9145937881									9145937881	9145937881		20181108191326
415	5624021407									5624021407	5624021407		20181108191326
416	3308349765									3308349765	3308349765		20181108191326
417	3044853317									3044853317	3044853317		20181108191326
419	3604683825									3604683825	3604683825		20181108191326
420	8435770455									8435770455	8435770455		20181108191326
422	7124768090									7124768090	7124768090		20181108191326
424	9182508910									9182508910	9182508910		20181108191326
425	5138291186									5138291186	5138291186		20181108191326
427	9496315708									9496315708	9496315708		20181108191326
428	7343942666									7343942666	7343942666		20181108191326
429	9197826578									9197826578	9197826578		20181108191326
430	5032362057									5032362057	5032362057		20181108191326
433	9282139465									9282139465	9282139465		20181108191326
434	8504348144									8504348144	8504348144		20181108191326
435	3365843735									3365843735	3365843735		20181108191326
436	7604993014									7604993014	7604993014		20181108191326
438	6235832075									6235832075	6235832075		20181108191326
439	8015319467									8015319467	8015319467		20181108191326
440	2167215888									2167215888	2167215888		20181108191326
445	8314220136									8314220136	8314220136		20181108191327
446	2162972003									2162972003	2162972003		20181108191327
448	7703218426									7703218426	7703218426		20181108191327
449	8032560084									8032560084	8032560084		20181108191327
450	7702975012									7702975012	7702975012		20181108191327
451	5415751124									5415751124	5415751124		20181108191327
452	3202539930									3202539930	3202539930		20181108191327
453	3306302173									3306302173	3306302173		20181108191327
454	9145937881									9145937881	9145937881		20181108191327
455	7852434275									7852434275	7852434275		20181108191327
456	2707817112									2707817112	2707817112		20181108191327
457	7407797477									7407797477	7407797477		20181108191327
458	7815692877									7815692877	7815692877		20181108191327
459	2158223134									2158223134	2158223134		20181108191327
460	6065283873									6065283873	6065283873		20181108191327
461	2515757730									2515757730	2515757730		20181108191327
462	2106153803									2106153803	2106153803		20181108191327
463	4698142999									4698142999	4698142999		20181108191327
464	8509160763									8509160763	8509160763		20181108191327
465	9196622021									9196622021	9196622021		20181108191327
466	2158856861									2158856861	2158856861		20181108191327
467	5402139441									5402139441	5402139441		20181108191327
469	9723738074									9723738074	9723738074		20181108191327
471	3306302173									3306302173	3306302173		20181108191327
472	2707532413									2707532413	2707532413		20181108191327
474	9035262051									9035262051	9035262051		20181108191327
475	4194715826									4194715826	4194715826		20181108191327
476	2567677215									2567677215	2567677215		20181108191327
477	2156730718									2156730718	2156730718		20181108191327
478	5742963309									5742963309	5742963309		20181108191327
479	6093902602									6093902602	6093902602		20181108191327
480	2514708943									2514708943	2514708943		20181108191327
481	4156686352									4156686352	4156686352		20181108191327
483	2158848127									2158848127	2158848127		20181108191327
485	7405223620									7405223620	7405223620		20181108191327
486	9035950743									9035950743	9035950743		20181108191327
488	7659669274									7659669274	7659669274		20181108191327
490	3154871950									3154871950	3154871950		20181108191327
491	2198642910									2198642910	2198642910		20181108191327
492	7854784441									7854784441	7854784441		20181108191327
493	4123809253									4123809253	4123809253		20181108191327
494	4106057691									4106057691	4106057691		20181108191327
495	9038851329									9038851329	9038851329		20181108191327
496	2395933022									2395933022	2395933022		20181108191327
498	4238930765									4238930765	4238930765		20181108191327
499	4233786333									4233786333	4233786333		20181108191327
500	5032528983									5032528983	5032528983		20181108191327
501	2604321804									2604321804	2604321804		20181108191327
502	2603478435									2603478435	2603478435		20181108191327
503	8138715154									8138715154	8138715154		20181108191327
504	8595782004									8595782004	8595782004		20181108191327
505	8437920732									8437920732	8437920732		20181108191327
506	4107424156									4107424156	4107424156		20181108191327
507	9565804788									9565804788	9565804788		20181108191327
508	2012614872									2012614872	2012614872		20181108191327
509	6106426808									6106426808	6106426808		20181108191327
511	2526332644									2526332644	2526332644		20181108191327
512	7702975013									7702975013	7702975013		20181108191327
513	4123632214									4123632214	4123632214		20181108191327
514	8187828979									8187828979	8187828979		20181108191327
515	5736834251									5736834251	5736834251		20181108191327
516	9037855821									9037855821	9037855821		20181108191327
517	8045266294									8045266294	8045266294		20181108191327
518	9703561013									9703561013	9703561013		20181108191327
519	9734271862									9734271862	9734271862		20181108191327
520	7574319663									7574319663	7574319663		20181108191327
521	8453575516									8453575516	8453575516		20181108191327
522	9155446707									9155446707	9155446707		20181108191327
524	2702513220									2702513220	2702513220		20181108191327
526	2162929010									2162929010	2162929010		20181108191327
528	5403477152									5403477152	5403477152		20181108191327
529	5633594634									5633594634	5633594634		20181108191327
530	8778815042									8778815042	8778815042		20181108191327
531	5857601497									5857601497	5857601497		20181108191327
533	5742963928									5742963928	5742963928		20181108191327
534	4798909513									4798909513	4798909513		20181108191327
535	9014953842									9014953842	9014953842		20181108191327
536	5016645246									5016645246	5016645246		20181108191327
537	8316200711									8316200711	8316200711		20181108191327
538	3014742218									3014742218	3014742218		20181108191327
540	2817817045									2817817045	2817817045		20181108191327
541	7072544157									7072544157	7072544157		20181108191327
542	6503675110									6503675110	6503675110		20181108191327
543	3104230170									3104230170	3104230170		20181108191327
544	8647166134									8647166134	8647166134		20181108191327
545	4102667268									4102667268	4102667268		20181108191327
546	5026336657									5026336657	5026336657		20181108191327
547	9198489418									9198489418	9198489418		20181108191327
548	9319677362									9319677362	9319677362		20181108191327
549	2187499427									2187499427	2187499427		20181108191327
550	8508775636									8508775636	8508775636		20181108191327
551	7182334099									7182334099	7182334099		20181108191327
552	9542760263									9542760263	9542760263		20181108191327
554	5867915565									5867915565	5867915565		20181108191327
555	2027412594									2027412594	2027412594		20181108191327
556	9564239188									9564239188	9564239188		20181108191327
557	7146344569									7146344569	7146344569		20181108191327
558	4154542957									4154542957	4154542957		20181108191327
559	6057196471									6057196471	6057196471		20181108191327
560	3018992210									3018992210	3018992210		20181108191327
563	9074526335									9074526335	9074526335		20181108191327
565	6267969520									6267969520	6267969520		20181108191327
568	2163819025									2163819025	2163819025		20181108191327
569	8472445023									8472445023	8472445023		20181108191327
570	7039782164									7039782164	7039782164		20181108191327
571	7074488724									7074488724	7074488724		20181108191327
572	9736352646									9736352646	9736352646		20181108191327
573	7172916866									7172916866	7172916866		20181108191327
574	9038877996									9038877996	9038877996		20181108191327
575	2156322232									2156322232	2156322232		20181108191327
576	3203846635									3203846635	3203846635		20181108191327
578	8036618450									8036618450	8036618450		20181108191327
579	4233926710									4233926710	4233926710		20181108191327
580	2127227687									2127227687	2127227687		20181108191327
582	9032916049									9032916049	9032916049		20181108191327
583	9104865950									9104865950	9104865950		20181108191327
584	5412765743									5412765743	5412765743		20181108191327
585	5032166324									5032166324	5032166324		20181108191327
586	9795481595									9795481595	9795481595		20181108191327
587	9074243245									9074243245	9074243245		20181108191327
588	6034442769									6034442769	6034442769		20181108191327
589	7855399125									7855399125	7855399125		20181108191327
590	9726619868									9726619868	9726619868		20181108191327
592	3195245758									3195245758	3195245758		20181108191327
593	4408886329									4408886329	4408886329		20181108191327
594	3046361566									3046361566	3046361566		20181108191327
595	5632645641									5632645641	5632645641		20181108191327
596	6314735254									6314735254	6314735254		20181108191327
597	4017621819									4017621819	4017621819		20181108191327
598	4015960850									4015960850	4015960850		20181108191327
599	2055953427									2055953427	2055953427		20181108191327
600	3023661075									3023661075	3023661075		20181108191327
601	8284374999									8284374999	8284374999		20181108191327
602	8152821773									8152821773	8152821773		20181108191327
603	7857767392									7857767392	7857767392		20181108191327
606	4323855354									4323855354	4323855354		20181108191327
607	4233785940									4233785940	4233785940		20181108191327
609	9529248358									9529248358	9529248358		20181108191327
610	4107866371									4107866371	4107866371		20181108191327
611	8139687282									8139687282	8139687282		20181108191327
612	8139083290									8139083290	8139083290		20181108191327
613	5803559533									5803559533	5803559533		20181108191327
614	4193833113									4193833113	4193833113		20181108191327
615	8508775636									8508775636	8508775636		20181108191327
616	5162954809									5162954809	5162954809		20181108191327
617	8433422544									8433422544	8433422544		20181108191327
618	3143362640									3143362640	3143362640		20181108191327
619	4172564858									4172564858	4172564858		20181108191327
620	3132712748									3132712748	3132712748		20181108191327
621	6092673499									6092673499	6092673499		20181108191327
623	5178177606									5178177606	5178177606		20181108191327
624	3373540026									3373540026	3373540026		20181108191327
626	5035285252									5035285252	5035285252		20181108191327
627	6163637290									6163637290	6163637290		20181108191327
631	8018660169									8018660169	8018660169		20181108191327
632	7249339194									7249339194	7249339194		20181108191327
633	8438396375									8438396375	8438396375		20181108191327
634	9134953732									9134953732	9134953732		20181108191327
635	9707040625									9707040625	9707040625		20181108191327
636	2178473813									2178473813	2178473813		20181108191327
637	7575487191									7575487191	7575487191		20181108191327
638	6022637722									6022637722	6022637722		20181108191327
640	4126835548									4126835548	4126835548		20181108191327
642	5594507473									5594507473	5594507473		20181108191327
643	5742963309									5742963309	5742963309		20181108191327
644	7028378292									7028378292	7028378292		20181108191327
645	9548881446									9548881446	9548881446		20181108191327
646	5612417763									5612417763	5612417763		20181108191327
648	8885230327									8885230327	8885230327		20181108191327
649	4128316965									4128316965	4128316965		20181108191327
650	9044484184									9044484184	9044484184		20181108191327
652	2102712023									2102712023	2102712023		20181108191327
653	3203846635									3203846635	3203846635		20181108191327
654	7655343158									7655343158	7655343158		20181108191327
655	2157264507									2157264507	2157264507		20181108191327
656	6268448707									6268448707	6268448707		20181108191327
657	2184854724									2184854724	2184854724		20181108191327
658	2197691918									2197691918	2197691918		20181108191327
659	5614175588									5614175588	5614175588		20181108191327
660	6025951528									6025951528	6025951528		20181108191327
661	8508775636									8508775636	8508775636		20181108191327
663	5594474086									5594474086	5594474086		20181108191327
664	7186382286									7186382286	7186382286		20181108191327
666	4806321118									4806321118	4806321118		20181108191327
667	8456232870									8456232870	8456232870		20181108191327
668	8123788367									8123788367	8123788367		20181108191327
669	3149968089									3149968089	3149968089		20181108191327
670	9015953842									9015953842	9015953842		20181108191327
671	4232679518									4232679518	4232679518		20181108191327
674	4196731163									4196731163	4196731163		20181108191327
675	8012812383									8012812383	8012812383		20181108191327
677	5183383400									5183383400	5183383400		20181108191327
678	8143333947									8143333947	8143333947		20181108191327
679	9187472056									9187472056	9187472056		20181108191327
682	8655396461									8655396461	8655396461		20181108191327
683	7342422745									7342422745	7342422745		20181108191327
684	7327061605									7327061605	7327061605		20181108191327
687	2318766519									2318766519	2318766519		20181108191327
690	8067967168									8067967168	8067967168		20181108191327
691	8172938394									8172938394	8172938394		20181108191327
692	2626532218									2626532218	2626532218		20181108191327
693	9143052701									9143052701	9143052701		20181108191327
695	4439278465									4439278465	4439278465		20181108191327
696	7707889406									7707889406	7707889406		20181108191327
697	5015131228									5015131228	5015131228		20181108191327
699	9722319988									9722319988	9722319988		20181108191327
700	3256703929									3256703929	3256703929		20181108191327
701	7878576020									7878576020	7878576020		20181108191327
702	8173599025									8173599025	8173599025		20181108191327
703	9034639911									9034639911	9034639911		20181108191327
704	7878056301									7878056301	7878056301		20181108191327
705	8067713175									8067713175	8067713175		20181108191327
706	7166490031									7166490031	7166490031		20181108191327
707	7075237733									7075237733	7075237733		20181108191327
708	9087665604									9087665604	9087665604		20181108191327
711	7877607413									7877607413	7877607413		20181108191327
712	7403730091									7403730091	7403730091		20181108191327
713	7877607413									7877607413	7877607413		20181108191327
714	5124391081									5124391081	5124391081		20181108191327
715	6106923459									6106923459	6106923459		20181108191327
716	5052604338									5052604338	5052604338		20181108191327
717	7133499834									7133499834	7133499834		20181108191327
718	6312897678									6312897678	6312897678		20181108191327
719	4082759511									4082759511	4082759511		20181108191327
720	7877441120									7877441120	7877441120		20181108191327
721	2106927502									2106927502	2106927502		20181108191327
722	7156393305									7156393305	7156393305		20181108191327
723	2297326528									2297326528	2297326528		20181108191327
724	5635575936									5635575936	5635575936		20181108191327
725	6176325710									6176325710	6176325710		20181108191327
729	5755223415									5755223415	5755223415		20181108191327
730	9206230519									9206230519	9206230519		20181108191327
731	3864230042									3864230042	3864230042		20181108191327
732	2186443067									2186443067	2186443067		20181108191327
733	4083580280									4083580280	4083580280		20181108191327
734	2059303648									2059303648	2059303648		20181108191327
735	6057196471									6057196471	6057196471		20181108191327
736	7249696975									7249696975	7249696975		20181108191327
738	3027317831									3027317831	3027317831		20181108191327
739	4406171815									4406171815	4406171815		20181108191327
740	9147369234									9147369234	9147369234		20181108191327
741	3346994387									3346994387	3346994387		20181108191327
742	9528311626									9528311626	9528311626		20181108191327
744	9038435587									9038435587	9038435587		20181108191327
747	8143825707									8143825707	8143825707		20181108191327
748	5048168452									5048168452	5048168452		20181108191327
749	3367259191									3367259191	3367259191		20181108191327
751	6239722038									6239722038	6239722038		20181108191327
752	7313524459									7313524459	7313524459		20181108191327
755	3083845201									3083845201	3083845201		20181108191327
756	7853465898									7853465898	7853465898		20181108191327
757	2766321559									2766321559	2766321559		20181108191327
759	5302426037									5302426037	5302426037		20181108191327
760	2128794912									2128794912	2128794912		20181108191327
761	5046562865									5046562865	5046562865		20181108191327
762	4055791601									4055791601	4055791601		20181108191327
763	3236587203									3236587203	3236587203		20181108191327
765	5107245923									5107245923	5107245923		20181108191327
766	2604325692									2604325692	2604325692		20181108191327
768	4809474543									4809474543	4809474543		20181108191327
769	4782374299									4782374299	4782374299		20181108191327
770	9372331956									9372331956	9372331956		20181108191327
771	5853359612									5853359612	5853359612		20181108191327
772	3016956891									3016956891	3016956891		20181108191327
773	4409463716									4409463716	4409463716		20181108191327
774	8505326454									8505326454	8505326454		20181108191327
777	7575944115									7575944115	7575944115		20181108191327
779	7877873109									7877873109	7877873109		20181108191327
781	8504825450									8504825450	8504825450		20181108191327
782	4137322341									4137322341	4137322341		20181108191327
783	8067403325									8067403325	8067403325		20181108191327
784	4806090828									4806090828	4806090828		20181108191327
785	9362751479									9362751479	9362751479		20181108191327
787	7182628839									7182628839	7182628839		20181108191327
788	2059301448									2059301448	2059301448		20181108191327
790	3103745824									3103745824	3103745824		20181108191327
793	2059309127									2059309127	2059309127		20181108191327
794	9497705471									9497705471	9497705471		20181108191327
796	8172377123									8172377123	8172377123		20181108191327
797	5136952941									5136952941	5136952941		20181108191327
798	5406679915									5406679915	5406679915		20181108191327
799	7173348172									7173348172	7173348172		20181108191327
801	8128584660									8128584660	8128584660		20181108191327
802	4024960517									4024960517	4024960517		20181108191327
803	5703221289									5703221289	5703221289		20181108191327
804	8067432117									8067432117	8067432117		20181108191327
805	2177885504									2177885504	2177885504		20181108191327
806	2014457471									2014457471	2014457471		20181108191327
807	7157356221									7157356221	7157356221		20181108191327
809	9038700580									9038700580	9038700580		20181108191327
813	2187220318									2187220318	2187220318		20181108191328
814	9529278610									9529278610	9529278610		20181108191328
815	2814201330									2814201330	2814201330		20181108191328
818	7137430963									7137430963	7137430963		20181108191328
819	4198918044									4198918044	4198918044		20181108191328
820	6418427140									6418427140	6418427140		20181108191328
821	4106531296									4106531296	4106531296		20181108191328
822	7855053322									7855053322	7855053322		20181108191328
823	3379819134									3379819134	3379819134		20181108191328
824	9856439808									9856439808	9856439808		20181108191328
825	9528311626									9528311626	9528311626		20181108191328
826	7187286843									7187286843	7187286843		20181108191328
827	3177736452									3177736452	3177736452		20181108191328
829	8128584660									8128584660	8128584660		20181108191328
830	6148905629									6148905629	6148905629		20181108191328
831	7704743633									7704743633	7704743633		20181108191328
832	2156410111									2156410111	2156410111		20181108191328
833	5596586460									5596586460	5596586460		20181108191328
834	8702398115									8702398115	8702398115		20181108191328
835	3088652769									3088652769	3088652769		20181108191328
836	9737542567									9737542567	9737542567		20181108191328
839	3183243334									3183243334	3183243334		20181108191328
840	2015878192									2015878192	2015878192		20181108191328
841	3183258437									3183258437	3183258437		20181108191328
842	4105546599									4105546599	4105546599		20181108191328
843	9722378309									9722378309	9722378309		20181108191328
844	3202453251									3202453251	3202453251		20181108191328
845	4233057981									4233057981	4233057981		20181108191328
846	9106091636									9106091636	9106091636		20181108191328
847	6029540190									6029540190	6029540190		20181108191328
849	9193823210									9193823210	9193823210		20181108191328
851	3374946811									3374946811	3374946811		20181108191328
853	9856430826									9856430826	9856430826		20181108191328
854	3016659096									3016659096	3016659096		20181108191328
855	9193823210									9193823210	9193823210		20181108191328
856	9726612551									9726612551	9726612551		20181108191328
857	4056046818									4056046818	4056046818		20181108191328
858	8128589571									8128589571	8128589571		20181108191328
859	8138772484									8138772484	8138772484		20181108191328
860	2694453216									2694453216	2694453216		20181108191328
861	6825937651									6825937651	6825937651		20181108191328
862	8562311149									8562311149	8562311149		20181108191328
863	8642259035									8642259035	8642259035		20181108191328
864	7078741664									7078741664	7078741664		20181108191328
865	5044568021									5044568021	5044568021		20181108191328
866	8132008913									8132008913	8132008913		20181108191328
867	9087567944									9087567944	9087567944		20181108191328
868	5044568021									5044568021	5044568021		20181108191328
869	6317272646									6317272646	6317272646		20181108191328
871	6317272646									6317272646	6317272646		20181108191328
872	8143331025									8143331025	8143331025		20181108191328
873	7037994569									7037994569	7037994569		20181108191328
875	3017240505									3017240505	3017240505		20181108191328
876	6176674849									6176674849	6176674849		20181108191328
877	3193965567									3193965567	3193965567		20181108191328
878	3052790878									3052790878	3052790878		20181108191328
879	4108894952									4108894952	4108894952		20181108191328
880	6175758608									6175758608	6175758608		20181108191328
881	2167393789									2167393789	2167393789		20181108191328
882	9528317555									9528317555	9528317555		20181108191328
883	9705441585									9705441585	9705441585		20181108191328
884	4143453249									4143453249	4143453249		20181108191328
885	6238451401									6238451401	6238451401		20181108191328
886	8124503071									8124503071	8124503071		20181108191328
887	7149536604									7149536604	7149536604		20181108191328
890	6606650260									6606650260	6606650260		20181108191328
891	3364822320									3364822320	3364822320		20181108191328
892	7136577106									7136577106	7136577106		20181108191328
893	5123274245									5123274245	5123274245		20181108191328
895	4052828886									4052828886	4052828886		20181108191328
896	3379886858									3379886858	3379886858		20181108191328
897	8172928021									8172928021	8172928021		20181108191328
900	4024960517									4024960517	4024960517		20181108191328
901	3306280828									3306280828	3306280828		20181108191328
902	2524497371									2524497371	2524497371		20181108191328
904	2396583050									2396583050	2396583050		20181108191328
905	3043445483									3043445483	3043445483		20181108191328
906	4047858731									4047858731	4047858731		20181108191328
909	3608539165									3608539165	3608539165		20181108191328
910	8655882486									8655882486	8655882486		20181108191328
911	3155922412									3155922412	3155922412		20181108191328
912	8144527773									8144527773	8144527773		20181108191328
913	6022394144									6022394144	6022394144		20181108191328
914	5134819901									5134819901	5134819901		20181108191328
915	6107751954									6107751954	6107751954		20181108191328
916	5203660440									5203660440	5203660440		20181108191328
917	6109542429									6109542429	6109542429		20181108191328
918	2813672769									2813672769	2813672769		20181108191328
919	9155320571									9155320571	9155320571		20181108191328
920	7033915659									7033915659	7033915659		20181108191328
922	7033915659									7033915659	7033915659		20181108191328
923	9284746291									9284746291	9284746291		20181108191328
924	2292279642									2292279642	2292279642		20181108191328
926	7273910395									7273910395	7273910395		20181108191328
927	3016947906									3016947906	3016947906		20181108191328
929	3103451144									3103451144	3103451144		20181108191328
932	6052172900									6052172900	6052172900		20181108191328
933	5203635611									5203635611	5203635611		20181108191328
934	6233348675									6233348675	6233348675		20181108191328
935	5708214519									5708214519	5708214519		20181108191328
936	8055447209									8055447209	8055447209		20181108191328
938	4148057790									4148057790	4148057790		20181108191328
940	3379819134									3379819134	3379819134		20181108191328
941	6032287307									6032287307	6032287307		20181108191328
942	4237783210									4237783210	4237783210		20181108191328
943	2319475982									2319475982	2319475982		20181108191328
944	3083845201									3083845201	3083845201		20181108191328
945	2293913332									2293913332	2293913332		20181108191328
946	6029330222									6029330222	6029330222		20181108191328
947	9084297960									9084297960	9084297960		20181108191328
948	9138945522									9138945522	9138945522		20181108191328
949	7034376177									7034376177	7034376177		20181108191328
950	3867526000									3867526000	3867526000		20181108191328
952	7087495489									7087495489	7087495489		20181108191328
953	2012910404									2012910404	2012910404		20181108191328
954	7166754446									7166754446	7166754446		20181108191328
955	4064343143									4064343143	4064343143		20181108191328
957	2122637369									2122637369	2122637369		20181108191328
958	9417485300									9417485300	9417485300		20181108191328
960	7065960404									7065960404	7065960404		20181108191328
962	2122887616									2122887616	2122887616		20181108191328
964	5857863699									5857863699	5857863699		20181108191328
965	4108762946									4108762946	4108762946		20181108191328
966	4192913627									4192913627	4192913627		20181108191328
968	8306634334									8306634334	8306634334		20181108191328
969	4062578996									4062578996	4062578996		20181108191328
970	6319619899									6319619899	6319619899		20181108191328
972	8128822422									8128822422	8128822422		20181108191328
973	3372898059									3372898059	3372898059		20181108191328
974	8455618523									8455618523	8455618523		20181108191328
975	8123548280									8123548280	8123548280		20181108191328
976	9798301369									9798301369	9798301369		20181108191328
977	9732395809									9732395809	9732395809		20181108191328
979	9375310196									9375310196	9375310196		20181108191328
980	3154702925									3154702925	3154702925		20181108191328
981	5616222772									5616222772	5616222772		20181108191328
982	4197561774									4197561774	4197561774		20181108191328
983	9726612551									9726612551	9726612551		20181108191328
984	7136577106									7136577106	7136577106		20181108191328
985	2085354564									2085354564	2085354564		20181108191328
986	6235510830									6235510830	6235510830		20181108191328
987	5108860861									5108860861	5108860861		20181108191328
988	8128584601									8128584601	8128584601		20181108191328
989	5043496444									5043496444	5043496444		20181108191328
990	9287742801									9287742801	9287742801		20181108191328
992	3017247429									3017247429	3017247429		20181108191328
994	9164551195									9164551195	9164551195		20181108191328
995	7316868745									7316868745	7316868745		20181108191328
996	7067227994									7067227994	7067227994		20181108191328
997	3304940276									3304940276	3304940276		20181108191328
998	2819916836									2819916836	2819916836		20181108191328
1000	7068616222									7068616222	7068616222		20181108191328
1001	5599923972									5599923972	5599923972		20181108191328
1003	4097301399									4097301399	4097301399		20181108191328
1004	9158557755									9158557755	9158557755		20181108191328
1005	9315534215									9315534215	9315534215		20181108191328
1006	7135299311									7135299311	7135299311		20181108191328
1007	5093632762									5093632762	5093632762		20181108191328
1008	5402971945									5402971945	5402971945		20181108191328
1009	3156992734									3156992734	3156992734		20181108191328
1010	9034541680									9034541680	9034541680		20181108191328
1011	9034541680									9034541680	9034541680		20181108191328
1013	7172322215									7172322215	7172322215		20181108191328
1014	2063372683									2063372683	2063372683		20181108191328
1015	4143517977									4143517977	4143517977		20181108191328
1016	8603765977									8603765977	8603765977		20181108191328
1017	6203823861									6203823861	6203823861		20181108191328
1018	4083479004									4083479004	4083479004		20181108191328
1019	5138910543									5138910543	5138910543		20181108191328
1020	3523319927									3523319927	3523319927		20181108191328
1021	7705078383									7705078383	7705078383		20181108191328
1022	2814253992									2814253992	2814253992		20181108191328
1023	5072356767									5072356767	5072356767		20181108191328
1024	8602246298									8602246298	8602246298		20181108191328
1025	6165327230									6165327230	6165327230		20181108191328
1026	2038104150									2038104150	2038104150		20181108191328
1027	7403534109									7403534109	7403534109		20181108191328
1028	8598810940									8598810940	8598810940		20181108191328
1029	5124472247									5124472247	5124472247		20181108191328
1030	5703876606									5703876606	5703876606		20181108191328
1031	6105833187									6105833187	6105833187		20181108191328
1035	8456340979									8456340979	8456340979		20181108191328
1036	6106236535									6106236535	6106236535		20181108191328
1037	4238235193									4238235193	4238235193		20181108191328
1038	9133348945									9133348945	9133348945		20181108191328
1040	4197947715									4197947715	4197947715		20181108191328
1041	6152225601									6152225601	6152225601		20181108191328
1042	4192829609									4192829609	4192829609		20181108191328
1043	5733347631									5733347631	5733347631		20181108191328
1045	8437267966									8437267966	8437267966		20181108191328
1046	8566916163									8566916163	8566916163		20181108191328
1048	9566304136									9566304136	9566304136		20181108191328
1049	9733222309									9733222309	9733222309		20181108191328
1051	9733222309									9733222309	9733222309		20181108191328
1052	2542137771									2542137771	2542137771		20181108191328
1053	2812323349									2812323349	2812323349		20181108191328
1054	5059824812									5059824812	5059824812		20181108191328
1055	8133216574									8133216574	8133216574		20181108191328
1056	7062172876									7062172876	7062172876		20181108191328
1059	7138734724									7138734724	7138734724		20181108191328
1060	4025641312									4025641312	4025641312		20181108191328
1061	9044006671									9044006671	9044006671		20181108191328
1062	6176365178									6176365178	6176365178		20181108191328
1063	4195177610									4195177610	4195177610		20181108191328
1064	2317277921									2317277921	2317277921		20181108191328
1065	3213634781									3213634781	3213634781		20181108191328
1069	9137584280									9137584280	9137584280		20181108191328
1070	2516338864									2516338864	2516338864		20181108191328
1071	5802330698									5802330698	5802330698		20181108191328
1072	3604238078									3604238078	3604238078		20181108191328
1073	9372948836									9372948836	9372948836		20181108191328
1074	9192260026									9192260026	9192260026		20181108191328
1076	3024249302									3024249302	3024249302		20181108191328
1078	5088451614									5088451614	5088451614		20181108191328
1081	3148370883									3148370883	3148370883		20181108191328
1082	7032572269									7032572269	7032572269		20181108191328
1083	5036368190									5036368190	5036368190		20181108191328
1085	4198840656									4198840656	4198840656		20181108191328
1086	7085838455									7085838455	7085838455		20181108191328
1087	2813671201									2813671201	2813671201		20181108191328
1088	3056742413									3056742413	3056742413		20181108191328
1089	4062386361									4062386361	4062386361		20181108191328
1090	8593414993									8593414993	8593414993		20181108191328
1091	9547725288									9547725288	9547725288		20181108191328
1092	7735936473									7735936473	7735936473		20181108191328
1093	7137710263									7137710263	7137710263		20181108191328
1094	9082264543									9082264543	9082264543		20181108191328
1095	7137710263									7137710263	7137710263		20181108191328
1096	6269636773									6269636773	6269636773		20181108191328
1097	9373166374									9373166374	9373166374		20181108191328
1098	4023545973									4023545973	4023545973		20181108191328
1099	6022005383									6022005383	6022005383		20181108191328
1100	2812652029									2812652029	2812652029		20181108191328
1101	9856498488									9856498488	9856498488		20181108191328
1102	7344298277									7344298277	7344298277		20181108191328
1103	3102046334									3102046334	3102046334		20181108191328
1104	4082628009									4082628009	4082628009		20181108191328
1105	8054686011									8054686011	8054686011		20181108191328
1107	6052172915									6052172915	6052172915		20181108191328
1108	5089730351									5089730351	5089730351		20181108191328
1109	5052481917									5052481917	5052481917		20181108191328
1110	6053373360									6053373360	6053373360		20181108191328
1111	9724755708									9724755708	9724755708		20181108191328
1112	6168444670									6168444670	6168444670		20181108191328
1113	7325452880									7325452880	7325452880		20181108191328
1115	7172496235									7172496235	7172496235		20181108191328
1117	6052172900									6052172900	6052172900		20181108191328
1118	8282095338									8282095338	8282095338		20181108191328
1119	5418845466									5418845466	5418845466		20181108191328
1120	5035886537									5035886537	5035886537		20181108191328
1121	9374384694									9374384694	9374384694		20181108191328
1122	6189373344									6189373344	6189373344		20181108191328
1123	5703402017									5703402017	5703402017		20181108191328
1124	3097627351									3097627351	3097627351		20181108191328
1125	8036489004									8036489004	8036489004		20181108191328
1126	9194202028									9194202028	9194202028		20181108191328
1127	3525979470									3525979470	3525979470		20181108191328
1129	2177282580									2177282580	2177282580		20181108191328
1130	4106386854									4106386854	4106386854		20181108191328
1132	5058411956									5058411956	5058411956		20181108191328
1133	9123556256									9123556256	9123556256		20181108191328
1134	9198768823									9198768823	9198768823		20181108191328
1135	4144894161									4144894161	4144894161		20181108191328
1136	8593010655									8593010655	8593010655		20181108191328
1138	3619859430									3619859430	3619859430		20181108191328
1139	8124730911									8124730911	8124730911		20181108191328
1140	6052172915									6052172915	6052172915		20181108191328
1141	2122740738									2122740738	2122740738		20181108191328
1142	9497227120									9497227120	9497227120		20181108191328
1143	8012531672									8012531672	8012531672		20181108191328
1146	9258463036									9258463036	9258463036		20181108191328
1147	5167665696									5167665696	5167665696		20181108191328
1148	9096276533									9096276533	9096276533		20181108191328
1150	8182956948									8182956948	8182956948		20181108191328
1151	3123323929									3123323929	3123323929		20181108191328
1153	7134673771									7134673771	7134673771		20181108191328
1154	7134673771									7134673771	7134673771		20181108191328
1155	7134673771									7134673771	7134673771		20181108191328
1157	5023662222									5023662222	5023662222		20181108191328
1158	3146455652									3146455652	3146455652		20181108191328
1160	5124253809									5124253809	5124253809		20181108191328
1162	7063967676									7063967676	7063967676		20181108191328
1163	2109461700									2109461700	2109461700		20181108191328
1165	8282551910									8282551910	8282551910		20181108191328
1166	5409808161									5409808161	5409808161		20181108191328
1169	5855930700									5855930700	5855930700		20181108191328
1170	4098393174									4098393174	4098393174		20181108191328
1171	8593010655									8593010655	8593010655		20181108191328
1172	7659629641									7659629641	7659629641		20181108191328
1174	2083217052									2083217052	2083217052		20181108191328
1176	6237720686									6237720686	6237720686		20181108191328
1178	6237720686									6237720686	6237720686		20181108191328
1180	2104380030									2104380030	2104380030		20181108191328
1182	8185570761									8185570761	8185570761		20181108191328
1184	2549680450									2549680450	2549680450		20181108191328
1185	2319417509									2319417509	2319417509		20181108191328
1186	4022542020									4022542020	4022542020		20181108191329
1187	8066770860									8066770860	8066770860		20181108191329
1188	8163222035									8163222035	8163222035		20181108191329
1191	5202969844									5202969844	5202969844		20181108191329
1192	6208263539									6208263539	6208263539		20181108191329
1193	6065490354									6065490354	6065490354		20181108191329
1194	3207626101									3207626101	3207626101		20181108191329
1195	6148958826									6148958826	6148958826		20181108191329
1196	4236361732									4236361732	4236361732		20181108191329
1197	6153565220									6153565220	6153565220		20181108191329
1198	8123313311									8123313311	8123313311		20181108191329
1199	6093935924									6093935924	6093935924		20181108191329
1200	2526339609									2526339609	2526339609		20181108191329
1201	2523172091									2523172091	2523172091		20181108191329
1202	2018454474									2018454474	2018454474		20181108191329
1203	5207973138									5207973138	5207973138		20181108191329
1204	4109396555									4109396555	4109396555		20181108191329
1205	4023547505									4023547505	4023547505		20181108191329
1206	7347794601									7347794601	7347794601		20181108191329
1207	9784997216									9784997216	9784997216		20181108191329
1208	7172721734									7172721734	7172721734		20181108191329
1209	7168359354									7168359354	7168359354		20181108191329
1211	6264472094									6264472094	6264472094		20181108191329
1212	7137983487									7137983487	7137983487		20181108191329
1214	4127664320									4127664320	4127664320		20181108191329
1215	2093926881									2093926881	2093926881		20181108191329
1216	6195965970									6195965970	6195965970		20181108191329
1217	8284971723									8284971723	8284971723		20181108191329
1219	8124657170									8124657170	8124657170		20181108191329
1220	4074780085									4074780085	4074780085		20181108191329
1221	7725670160									7725670160	7725670160		20181108191329
1222	7409640342									7409640342	7409640342		20181108191329
1223	9858928916									9858928916	9858928916		20181108191329
1224	9858921013									9858921013	9858921013		20181108191329
1225	2317554507									2317554507	2317554507		20181108191329
1226	4356740092									4356740092	4356740092		20181108191329
1227	5083247605									5083247605	5083247605		20181108191329
1228	7877281409									7877281409	7877281409		20181108191329
1229	9134916608									9134916608	9134916608		20181108191329
1230	4102805701									4102805701	4102805701		20181108191329
1231	8504348144									8504348144	8504348144		20181108191329
1232	3308845789									3308845789	3308845789		20181108191329
1233	2257615538									2257615538	2257615538		20181108191329
1235	7243495379									7243495379	7243495379		20181108191329
1236	8504348144									8504348144	8504348144		20181108191329
1237	5173339509									5173339509	5173339509		20181108191329
1238	6202318935									6202318935	6202318935		20181108191329
1239	2706854683									2706854683	2706854683		20181108191329
1240	5025898001									5025898001	5025898001		20181108191329
1241	3526842081									3526842081	3526842081		20181108191329
1242	3186885962									3186885962	3186885962		20181108191329
1243	3097627351									3097627351	3097627351		20181108191329
1245	3306667256									3306667256	3306667256		20181108191329
1246	5127955122									5127955122	5127955122		20181108191329
1248	8134438150									8134438150	8134438150		20181108191329
1249	5742512861									5742512861	5742512861		20181108191329
1250	2486889941									2486889941	2486889941		20181108191329
1252	7122525920									7122525920	7122525920		20181108191329
1253	8156325803									8156325803	8156325803		20181108191329
1254	9856328325									9856328325	9856328325		20181108191329
1255	2124238408									2124238408	2124238408		20181108191329
1256	6082651726									6082651726	6082651726		20181108191329
1257	9167970343									9167970343	9167970343		20181108191329
1258	8054956834									8054956834	8054956834		20181108191329
1260	8165317166									8165317166	8165317166		20181108191329
1261	7575997261									7575997261	7575997261		20181108191329
1262	5702776398									5702776398	5702776398		20181108191329
1264	4103285827									4103285827	4103285827		20181108191329
1265	4062378024									4062378024	4062378024		20181108191329
1266	9196451640									9196451640	9196451640		20181108191329
1267	4198423048									4198423048	4198423048		20181108191329
1268	2293914508									2293914508	2293914508		20181108191329
1269	8584575200									8584575200	8584575200		20181108191329
1270	8034697701									8034697701	8034697701		20181108191329
1271	3097627351									3097627351	3097627351		20181108191329
1272	5852483566									5852483566	5852483566		20181108191329
1273	6607479757									6607479757	6607479757		20181108191329
1274	7197654357									7197654357	7197654357		20181108191329
1275	9785578944									9785578944	9785578944		20181108191329
1277	8632948305									8632948305	8632948305		20181108191329
1278	7344020254									7344020254	7344020254		20181108191329
1279	2484654471									2484654471	2484654471		20181108191329
1283	7194814989									7194814989	7194814989		20181108191329
1284	8059671504									8059671504	8059671504		20181108191329
1285	8149433721									8149433721	8149433721		20181108191329
1286	9403228938									9403228938	9403228938		20181108191329
1287	5014707415									5014707415	5014707415		20181108191329
1288	4356376422									4356376422	4356376422		20181108191329
1289	8645600800									8645600800	8645600800		20181108191329
1291	7327764672									7327764672	7327764672		20181108191329
1293	7407742803									7407742803	7407742803		20181108191329
1294	6316862525									6316862525	6316862525		20181108191329
1295	2484373245									2484373245	2484373245		20181108191329
1297	3055765366									3055765366	3055765366		20181108191329
1299	5096995932									5096995932	5096995932		20181108191329
1300	5058411956									5058411956	5058411956		20181108191329
1301	9136498275									9136498275	9136498275		20181108191329
1302	6306631025									6306631025	6306631025		20181108191329
1303	2188432487									2188432487	2188432487		20181108191329
1304	9083122525									9083122525	9083122525		20181108191329
1305	8157404107									8157404107	8157404107		20181108191329
1306	8645910007									8645910007	8645910007		20181108191329
1307	2065687476									2065687476	2065687476		20181108191329
1308	5083683143									5083683143	5083683143		20181108191329
1309	3304822336									3304822336	3304822336		20181108191329
1310	4102572442									4102572442	4102572442		20181108191329
1311	5182808464									5182808464	5182808464		20181108191329
1313	5203232716									5203232716	5203232716		20181108191329
1314	7704203422									7704203422	7704203422		20181108191329
1316	5086722907									5086722907	5086722907		20181108191329
1317	8596255279									8596255279	8596255279		20181108191329
1319	2293125853									2293125853	2293125853		20181108191329
1320	4028263612									4028263612	4028263612		20181108191329
1323	2018668254									2018668254	2018668254		20181108191329
1325	4803855054									4803855054	4803855054		20181108191329
1326	4143320422									4143320422	4143320422		20181108191329
1327	8055433754									8055433754	8055433754		20181108191329
1328	3368899159									3368899159	3368899159		20181108191329
1329	3149912338									3149912338	3149912338		20181108191329
1330	6068362847									6068362847	6068362847		20181108191329
1331	6503628258									6503628258	6503628258		20181108191329
1332	9517660601									9517660601	9517660601		20181108191329
1333	2152308392									2152308392	2152308392		20181108191329
1334	6077393632									6077393632	6077393632		20181108191329
1335	4807760444									4807760444	4807760444		20181108191329
1336	7135211576									7135211576	7135211576		20181108191329
1337	8287576424									8287576424	8287576424		20181108191329
1338	3867557940									3867557940	3867557940		20181108191329
1339	3015887365									3015887365	3015887365		20181108191329
1340	3154238013									3154238013	3154238013		20181108191329
1341	4052226034									4052226034	4052226034		20181108191329
1342	7139476562									7139476562	7139476562		20181108191329
1343	2155404415									2155404415	2155404415		20181108191329
1344	6155917911									6155917911	6155917911		20181108191329
1345	2527521786									2527521786	2527521786		20181108191329
1346	9032328115									9032328115	9032328115		20181108191329
1350	5033316445									5033316445	5033316445		20181108191329
1351	3032702174									3032702174	3032702174		20181108191329
1355	2026633247									2026633247	2026633247		20181108191329
1356	7137901060									7137901060	7137901060		20181108191329
1357	4194241927									4194241927	4194241927		20181108191329
1359	4076501307									4076501307	4076501307		20181108191329
1360	9103415779									9103415779	9103415779		20181108191329
1361	6055789915									6055789915	6055789915		20181108191329
1363	2127656250									2127656250	2127656250		20181108191329
1364	3175821116									3175821116	3175821116		20181108191329
1365	8506820387									8506820387	8506820387		20181108191329
1366	3303435526									3303435526	3303435526		20181108191329
1367	7037511105									7037511105	7037511105		20181108191329
1368	9724029401									9724029401	9724029401		20181108191329
1369	9107945358									9107945358	9107945358		20181108191329
1370	9727316226									9727316226	9727316226		20181108191329
1371	8187852154									8187852154	8187852154		20181108191329
1373	8886983908									8886983908	8886983908		20181108191329
1375	9543510059									9543510059	9543510059		20181108191329
1377	8317222067									8317222067	8317222067		20181108191329
1378	9013967535									9013967535	9013967535		20181108191329
1379	6158677946									6158677946	6158677946		20181108191329
1380	3256704587									3256704587	3256704587		20181108191329
1381	8036750787									8036750787	8036750787		20181108191329
1382	8169412938									8169412938	8169412938		20181108191329
1383	5308429121									5308429121	5308429121		20181108191329
1384	8067954634									8067954634	8067954634		20181108191329
1385	5058632236									5058632236	5058632236		20181108191329
1386	3604336159									3604336159	3604336159		20181108191329
1387	9082770141									9082770141	9082770141		20181108191329
1388	7403891335									7403891335	7403891335		20181108191329
1389	2693458522									2693458522	2693458522		20181108191329
1390	8043202786									8043202786	8043202786		20181108191329
1391	5703480362									5703480362	5703480362		20181108191329
1392	8048232720									8048232720	8048232720		20181108191329
1393	9545661674									9545661674	9545661674		20181108191329
1394	2098479685									2098479685	2098479685		20181108191329
1395	4238936563									4238936563	4238936563		20181108191329
1396	6319247953									6319247953	6319247953		20181108191329
1397	3047529600									3047529600	3047529600		20181108191329
1398	2074657394									2074657394	2074657394		20181108191329
1399	4059514361									4059514361	4059514361		20181108191329
1400	3604494961									3604494961	3604494961		20181108191329
1401	2626326777									2626326777	2626326777		20181108191329
1402	2523290325									2523290325	2523290325		20181108191329
1403	5087974729									5087974729	5087974729		20181108191329
1404	4239289625									4239289625	4239289625		20181108191329
1405	9722621397									9722621397	9722621397		20181108191329
1406	7172993241									7172993241	7172993241		20181108191329
1407	7176529297									7176529297	7176529297		20181108191329
1408	8033666890									8033666890	8033666890		20181108191329
1410	5086968474									5086968474	5086968474		20181108191329
1411	8144510443									8144510443	8144510443		20181108191329
1412	3619933676									3619933676	3619933676		20181108191329
1413	3016454740									3016454740	3016454740		20181108191329
1414	7343840469									7343840469	7343840469		20181108191329
1415	4076501307									4076501307	4076501307		20181108191329
1416	2099284988									2099284988	2099284988		20181108191329
1417	4076501307									4076501307	4076501307		20181108191329
1418	7148701582									7148701582	7148701582		20181108191329
1419	4255631501									4255631501	4255631501		20181108191329
1420	7148701582									7148701582	7148701582		20181108191329
1421	8174620257									8174620257	8174620257		20181108191329
1422	3618823811									3618823811	3618823811		20181108191329
1423	7328463323									7328463323	7328463323		20181108191329
1424	7877393195									7877393195	7877393195		20181108191329
1425	9104841099									9104841099	9104841099		20181108191329
1426	8452026005									8452026005	8452026005		20181108191329
1427	8138441655									8138441655	8138441655		20181108191329
1429	2095241558									2095241558	2095241558		20181108191329
1430	6362396576									6362396576	6362396576		20181108191329
1431	7634219229									7634219229	7634219229		20181108191329
1432	8567286027									8567286027	8567286027		20181108191329
1433	3367224518									3367224518	3367224518		20181108191329
1434	9194776131									9194776131	9194776131		20181108191329
1435	6102504804									6102504804	6102504804		20181108191329
1436	8145345123									8145345123	8145345123		20181108191329
1437	5302749023									5302749023	5302749023		20181108191329
1440	9858928212									9858928212	9858928212		20181108191329
1441	9106093784									9106093784	9106093784		20181108191329
1442	3125632514									3125632514	3125632514		20181108191329
1443	4073228725									4073228725	4073228725		20181108191329
1444	6154413135									6154413135	6154413135		20181108191329
1445	8453624464									8453624464	8453624464		20181108191329
1446	6145082233									6145082233	6145082233		20181108191329
1447	3309723312									3309723312	3309723312		20181108191329
1448	9106093784									9106093784	9106093784		20181108191329
1449	7047882516									7047882516	7047882516		20181108191329
1450	2527526600									2527526600	2527526600		20181108191329
1451	9109476798									9109476798	9109476798		20181108191329
1452	6183516497									6183516497	6183516497		20181108191329
1454	5048998668									5048998668	5048998668		20181108191329
1455	9286396561									9286396561	9286396561		20181108191329
1457	2814443577									2814443577	2814443577		20181108191329
1458	4029427085									4029427085	4029427085		20181108191329
1459	5742394607									5742394607	5742394607		20181108191329
1460	3017332917									3017332917	3017332917		20181108191329
1461	5152229563									5152229563	5152229563		20181108191329
1462	9194995147									9194995147	9194995147		20181108191329
1463	3058597313									3058597313	3058597313		20181108191329
1465	9106093784									9106093784	9106093784		20181108191329
1466	6417826549									6417826549	6417826549		20181108191329
1467	2163632356									2163632356	2163632356		20181108191329
1468	6203648719									6203648719	6203648719		20181108191329
1469	4329433114									4329433114	4329433114		20181108191329
1470	8889608940									8889608940	8889608940		20181108191329
1471	8032853472									8032853472	8032853472		20181108191329
1473	5025838434									5025838434	5025838434		20181108191329
1475	2527526600									2527526600	2527526600		20181108191329
1478	6083721249									6083721249	6083721249		20181108191329
1479	9164234477									9164234477	9164234477		20181108191329
1480	9043873134									9043873134	9043873134		20181108191329
1481	3303181111									3303181111	3303181111		20181108191329
1482	5175401775									5175401775	5175401775		20181108191329
1485	4073247311									4073247311	4073247311		20181108191329
1486	3306773626									3306773626	3306773626		20181108191329
1487	8144327400									8144327400	8144327400		20181108191329
1489	5408638750									5408638750	5408638750		20181108191329
1490	5028916368									5028916368	5028916368		20181108191329
1491	8045940915									8045940915	8045940915		20181108191329
1492	9205694129									9205694129	9205694129		20181108191329
1493	3012580083									3012580083	3012580083		20181108191329
1494	3019428031									3019428031	3019428031		20181108191329
1495	9528931954									9528931954	9528931954		20181108191329
1496	2032652977									2032652977	2032652977		20181108191329
1497	5203232716									5203232716	5203232716		20181108191329
1498	8322493861									8322493861	8322493861		20181108191329
1501	2124752879									2124752879	2124752879		20181108191329
1502	2485385020									2485385020	2485385020		20181108191329
1503	5022675488									5022675488	5022675488		20181108191329
1504	7038669198									7038669198	7038669198		20181108191329
1505	9048586475									9048586475	9048586475		20181108191329
1506	7325216061									7325216061	7325216061		20181108191329
1507	8282878755									8282878755	8282878755		20181108191329
1508	7877656593									7877656593	7877656593		20181108191329
1509	6317518166									6317518166	6317518166		20181108191329
1510	5127955122									5127955122	5127955122		20181108191329
1512	4806611495									4806611495	4806611495		20181108191329
1513	9728818709									9728818709	9728818709		20181108191329
1514	3306773626									3306773626	3306773626		20181108191329
1515	5048833704									5048833704	5048833704		20181108191329
1516	4088484341									4088484341	4088484341		20181108191329
1518	5629888660									5629888660	5629888660		20181108191329
1520	9046210566									9046210566	9046210566		20181108191329
1521	8454717643									8454717643	8454717643		20181108191329
1522	6163652076									6163652076	6163652076		20181108191329
1523	8309651278									8309651278	8309651278		20181108191329
1524	6369374423									6369374423	6369374423		20181108191329
1525	6103561204									6103561204	6103561204		20181108191329
1526	3305760467									3305760467	3305760467		20181108191329
1527	4345758929									4345758929	4345758929		20181108191329
1528	5028966218									5028966218	5028966218		20181108191329
1529	9784631386									9784631386	9784631386		20181108191329
1530	8167953456									8167953456	8167953456		20181108191329
1531	9106155080									9106155080	9106155080		20181108191329
1532	8145349465									8145349465	8145349465		20181108191329
1534	3187984621									3187984621	3187984621		20181108191329
1535	8037798444									8037798444	8037798444		20181108191329
1537	9106093784									9106093784	9106093784		20181108191329
1538	8144670725									8144670725	8144670725		20181108191329
1539	3049843140									3049843140	3049843140		20181108191329
1540	3182407780									3182407780	3182407780		20181108191329
1541	9187495667									9187495667	9187495667		20181108191329
1544	7702271485									7702271485	7702271485		20181108191330
1546	4196784873									4196784873	4196784873		20181108191330
1547	7245456630									7245456630	7245456630		20181108191330
1548	4197832793									4197832793	4197832793		20181108191330
1549	4402753366									4402753366	4402753366		20181108191330
1550	5016644738									5016644738	5016644738		20181108191330
1551	8142661694									8142661694	8142661694		20181108191330
1552	8635330736									8635330736	8635330736		20181108191330
1553	4018496479									4018496479	4018496479		20181108191330
1554	7079642269									7079642269	7079642269		20181108191330
1555	7243462825									7243462825	7243462825		20181108191330
1556	8045940915									8045940915	8045940915		20181108191330
1557	8592585177									8592585177	8592585177		20181108191330
1558	9365606962									9365606962	9365606962		20181108191330
1560	5169316563									5169316563	5169316563		20181108191330
1561	4172565961									4172565961	4172565961		20181108191330
1562	4193832962									4193832962	4193832962		20181108191330
1563	3026744473									3026744473	3026744473		20181108191330
1564	9528931954									9528931954	9528931954		20181108191330
1566	3372350852									3372350852	3372350852		20181108191330
1567	5127955122									5127955122	5127955122		20181108191330
1568	5139658091									5139658091	5139658091		20181108191330
1569	6104225435									6104225435	6104225435		20181108191330
1570	5308989025									5308989025	5308989025		20181108191330
1571	7403444926									7403444926	7403444926		20181108191330
1572	6158901288									6158901288	6158901288		20181108191330
1573	6164865026									6164865026	6164865026		20181108191330
1574	4402242166									4402242166	4402242166		20181108191330
1575	3016947906									3016947906	3016947906		20181108191330
1576	3055952836									3055952836	3055952836		20181108191330
1577	5022675488									5022675488	5022675488		20181108191330
1578	8282747855									8282747855	8282747855		20181108191330
1579	5594327020									5594327020	5594327020		20181108191330
1580	3016947906									3016947906	3016947906		20181108191330
1581	6087754467									6087754467	6087754467		20181108191330
1582	2488495389									2488495389	2488495389		20181108191330
1583	5137925844									5137925844	5137925844		20181108191330
1584	3308299372									3308299372	3308299372		20181108191330
1586	2525200040									2525200040	2525200040		20181108191330
1588	6232479742									6232479742	6232479742		20181108191330
1589	6194207849									6194207849	6194207849		20181108191330
1590	4053480423									4053480423	4053480423		20181108191330
1591	3363872165									3363872165	3363872165		20181108191330
1592	3178066990									3178066990	3178066990		20181108191330
1593	5632430817									5632430817	5632430817		20181108191330
1594	9406929676									9406929676	9406929676		20181108191330
1596	2166625445									2166625445	2166625445		20181108191330
1597	7172401952									7172401952	7172401952		20181108191330
1600	3178594040									3178594040	3178594040		20181108191330
1601	9286367951									9286367951	9286367951		20181108191330
1602	6202511260									6202511260	6202511260		20181108191330
1603	7046369464									7046369464	7046369464		20181108191330
1604	3609921159									3609921159	3609921159		20181108191330
1605	8174687823									8174687823	8174687823		20181108191330
1606	7609408074									7609408074	7609408074		20181108191330
1607	5053326921									5053326921	5053326921		20181108191330
1608	6605627993									6605627993	6605627993		20181108191330
1609	5133854379									5133854379	5133854379		20181108191330
1610	4023540125									4023540125	4023540125		20181108191330
1611	5058573877									5058573877	5058573877		20181108191330
1613	7172993552									7172993552	7172993552		20181108191330
1614	4802828365									4802828365	4802828365		20181108191330
1615	5167733201									5167733201	5167733201		20181108191330
1616	5164031862									5164031862	5164031862		20181108191330
1618	9106093784									9106093784	9106093784		20181108191330
1619	8666146108									8666146108	8666146108		20181108191330
1620	4048977078									4048977078	4048977078		20181108191330
1621	6147666556									6147666556	6147666556		20181108191330
1622	3106599957									3106599957	3106599957		20181108191330
1623	2813671201									2813671201	2813671201		20181108191330
1624	3016947906									3016947906	3016947906		20181108191330
1625	9106093784									9106093784	9106093784		20181108191330
1626	3157380942									3157380942	3157380942		20181108191330
1627	3367250454									3367250454	3367250454		20181108191330
1628	9373763969									9373763969	9373763969		20181108191330
1630	3154771417									3154771417	3154771417		20181108191330
1631	7855650003									7855650003	7855650003		20181108191330
1632	4059454893									4059454893	4059454893		20181108191330
1633	3368520651									3368520651	3368520651		20181108191330
1634	2318436522									2318436522	2318436522		20181108191330
1635	2032462380									2032462380	2032462380		20181108191330
1637	9372675316									9372675316	9372675316		20181108191330
1638	3187984520									3187984520	3187984520		20181108191330
1639	7133830378									7133830378	7133830378		20181108191330
1640	4043508795									4043508795	4043508795		20181108191330
1641	2569970606									2569970606	2569970606		20181108191330
1642	2513413404									2513413404	2513413404		20181108191330
1643	8282747855									8282747855	8282747855		20181108191330
1644	7328423854									7328423854	7328423854		20181108191330
1646	5612419339									5612419339	5612419339		20181108191330
1647	3154705811									3154705811	3154705811		20181108191330
1648	4023540225									4023540225	4023540225		20181108191330
1649	6029441968									6029441968	6029441968		20181108191330
1650	2708217009									2708217009	2708217009		20181108191330
1651	3609921159									3609921159	3609921159		20181108191330
1652	6186547905									6186547905	6186547905		20181108191330
1653	6067897354									6067897354	6067897354		20181108191330
1655	8655843892									8655843892	8655843892		20181108191330
1656	3603528868									3603528868	3603528868		20181108191330
1657	2059394519									2059394519	2059394519		20181108191330
1658	8503795811									8503795811	8503795811		20181108191330
1659	4235087338									4235087338	4235087338		20181108191330
1660	5087531894									5087531894	5087531894		20181108191330
1662	4043508795									4043508795	4043508795		20181108191330
1663	6052175515									6052175515	6052175515		20181108191330
1664	5733350153									5733350153	5733350153		20181108191330
1665	6086373120									6086373120	6086373120		20181108191330
1668	3177155618									3177155618	3177155618		20181108191330
1670	3037762501									3037762501	3037762501		20181108191330
1671	4102804701									4102804701	4102804701		20181108191330
1672	6102520972									6102520972	6102520972		20181108191330
1673	3037653804									3037653804	3037653804		20181108191330
1674	6317513366									6317513366	6317513366		20181108191330
1675	9087880899									9087880899	9087880899		20181108191330
1676	2192262212									2192262212	2192262212		20181108191330
1677	3175376092									3175376092	3175376092		20181108191330
1678	2129417426									2129417426	2129417426		20181108191330
1679	2567054630									2567054630	2567054630		20181108191330
1680	4053404179									4053404179	4053404179		20181108191330
1681	4256721309									4256721309	4256721309		20181108191330
1682	3862944218									3862944218	3862944218		20181108191330
1683	6156468557									6156468557	6156468557		20181108191330
1684	6126250925									6126250925	6126250925		20181108191330
1685	4043517548									4043517548	4043517548		20181108191330
1686	3034424396									3034424396	3034424396		20181108191330
1688	4024264989									4024264989	4024264989		20181108191330
1689	8122321409									8122321409	8122321409		20181108191330
1690	2107318678									2107318678	2107318678		20181108191330
1691	6617588132									6617588132	6617588132		20181108191330
1692	2012882734									2012882734	2012882734		20181108191330
1694	9184260443									9184260443	9184260443		20181108191330
1696	5737566439									5737566439	5737566439		20181108191330
1697	9372364006									9372364006	9372364006		20181108191330
1701	7168318837									7168318837	7168318837		20181108191330
1702	9258383224									9258383224	9258383224		20181108191330
1703	3524980716									3524980716	3524980716		20181108191330
1704	3014930200									3014930200	3014930200		20181108191330
1705	9565446657									9565446657	9565446657		20181108191330
1706	6087754467									6087754467	6087754467		20181108191330
1707	7175443245									7175443245	7175443245		20181108191330
1708	7143786233									7143786233	7143786233		20181108191330
1709	5028977685									5028977685	5028977685		20181108191330
1711	8145343178									8145343178	8145343178		20181108191330
1712	9252771557									9252771557	9252771557		20181108191330
1713	6512753325									6512753325	6512753325		20181108191330
1714	9566316717									9566316717	9566316717		20181108191330
1716	8045940915									8045940915	8045940915		20181108191330
1717	3607534861									3607534861	3607534861		20181108191330
1720	9149680402									9149680402	9149680402		20181108191330
1721	7323563750									7323563750	7323563750		20181108191330
1722	4234529980									4234529980	4234529980		20181108191330
1723	3044386754									3044386754	3044386754		20181108191330
1725	3309230556									3309230556	3309230556		20181108191330
1727	5127955122									5127955122	5127955122		20181108191330
1728	5127955122									5127955122	5127955122		20181108191330
1729	8164314973									8164314973	8164314973		20181108191330
1735	9419174894									9419174894	9419174894		20181108191330
1736	2019070229									2019070229	2019070229		20181108191330
1737	7877793300									7877793300	7877793300		20181108191330
1738	6017979842									6017979842	6017979842		20181108191330
1739	2298381242									2298381242	2298381242		20181108191330
1740	6209642265									6209642265	6209642265		20181108191330
1741	5135231101									5135231101	5135231101		20181108191330
1742	6084173868									6084173868	6084173868		20181108191330
1743	7158772416									7158772416	7158772416		20181108191330
1744	7075406299									7075406299	7075406299		20181108191330
1745	5137512267									5137512267	5137512267		20181108191330
1746	8592964300									8592964300	8592964300		20181108191330
1747	3027303006									3027303006	3027303006		20181108191330
1748	9132623295									9132623295	9132623295		20181108191330
1749	7178963710									7178963710	7178963710		20181108191330
1750	5184560942									5184560942	5184560942		20181108191330
1751	4343634258									4343634258	4343634258		20181108191330
1752	4235663718									4235663718	4235663718		20181108191330
1753	9898356686									9898356686	9898356686		20181108191330
1755	8004764191									8004764191	8004764191		20181108191330
1756	8506272786									8506272786	8506272786		20181108191330
1757	3096917898									3096917898	3096917898		20181108191330
1758	6017652808									6017652808	6017652808		20181108191330
1759	6034440274									6034440274	6034440274		20181108191330
1760	6012685778									6012685778	6012685778		20181108191330
1761	2707630051									2707630051	2707630051		20181108191330
1762	6164860133									6164860133	6164860133		20181108191330
1763	4235781523									4235781523	4235781523		20181108191330
1764	3308773032									3308773032	3308773032		20181108191330
1766	6505922403									6505922403	6505922403		20181108191330
1767	9133396605									9133396605	9133396605		20181108191330
1768	2122273216									2122273216	2122273216		20181108191330
1769	3046534233									3046534233	3046534233		20181108191330
1770	2104681878									2104681878	2104681878		20181108191330
1771	7015237107									7015237107	7015237107		20181108191330
1772	3367657453									3367657453	3367657453		20181108191330
1774	4076790545									4076790545	4076790545		20181108191330
1775	5094841277									5094841277	5094841277		20181108191330
1776	6618322039									6618322039	6618322039		20181108191330
1778	3166344794									3166344794	3166344794		20181108191330
1779	3166866764									3166866764	3166866764		20181108191330
1780	9155914069									9155914069	9155914069		20181108191330
1781	9156034282									9156034282	9156034282		20181108191330
1782	6017652808									6017652808	6017652808		20181108191330
1783	7654559840									7654559840	7654559840		20181108191330
1784	8506898484									8506898484	8506898484		20181108191330
1785	5129013921									5129013921	5129013921		20181108191330
1786	5165046398									5165046398	5165046398		20181108191330
1787	7876213401									7876213401	7876213401		20181108191330
1789	3032702174									3032702174	3032702174		20181108191330
1791	5625311394									5625311394	5625311394		20181108191330
1793	7048543086									7048543086	7048543086		20181108191330
1794	2706595609									2706595609	2706595609		20181108191330
1795	5163741830									5163741830	5163741830		20181108191330
1796	3036329082									3036329082	3036329082		20181108191330
1797	9087309011									9087309011	9087309011		20181108191330
1798	3154223538									3154223538	3154223538		20181108191330
1799	3187984439									3187984439	3187984439		20181108191330
1800	4198858440									4198858440	4198858440		20181108191330
1802	8144671025									8144671025	8144671025		20181108191330
1803	7405220126									7405220126	7405220126		20181108191330
1804	5853418326									5853418326	5853418326		20181108191330
1805	5024099662									5024099662	5024099662		20181108191330
1806	7166718398									7166718398	7166718398		20181108191330
1808	3867922244									3867922244	3867922244		20181108191330
1809	2292472090									2292472090	2292472090		20181108191330
1810	9737542567									9737542567	9737542567		20181108191330
1811	5707037325									5707037325	5707037325		20181108191330
1812	7182308017									7182308017	7182308017		20181108191330
1814	5749366687									5749366687	5749366687		20181108191330
1816	2702743340									2702743340	2702743340		20181108191330
1817	8439711686									8439711686	8439711686		20181108191330
1818	9896526945									9896526945	9896526945		20181108191330
1819	8137807786									8137807786	8137807786		20181108191330
1821	7704455361									7704455361	7704455361		20181108191330
1822	7172636787									7172636787	7172636787		20181108191330
1823	7324413693									7324413693	7324413693		20181108191330
1824	3166867117									3166867117	3166867117		20181108191330
1825	6169540213									6169540213	6169540213		20181108191330
1826	4794526793									4794526793	4794526793		20181108191330
1827	2394893219									2394893219	2394893219		20181108191330
1828	3027477906									3027477906	3027477906		20181108191330
1829	5627993509									5627993509	5627993509		20181108191330
1832	7709733032									7709733032	7709733032		20181108191330
1833	3175714806									3175714806	3175714806		20181108191330
1834	6164519077									6164519077	6164519077		20181108191330
1835	8636833717									8636833717	8636833717		20181108191330
1836	9372977690									9372977690	9372977690		20181108191330
1837	3043881795									3043881795	3043881795		20181108191330
1838	9546532970									9546532970	9546532970		20181108191330
1839	2548836066									2548836066	2548836066		20181108191330
1841	3865861369									3865861369	3865861369		20181108191330
1842	7179180328									7179180328	7179180328		20181108191330
1843	9316493148									9316493148	9316493148		20181108191330
1844	7248916546									7248916546	7248916546		20181108191330
1845	8506272786									8506272786	8506272786		20181108191330
1846	4135689212									4135689212	4135689212		20181108191330
1847	7047992613									7047992613	7047992613		20181108191330
1848	3524980716									3524980716	3524980716		20181108191330
1849	3527326942									3527326942	3527326942		20181108191330
1850	5127955122									5127955122	5127955122		20181108191330
1851	6063254092									6063254092	6063254092		20181108191330
1852	3368873194									3368873194	3368873194		20181108191330
1853	6053350845									6053350845	6053350845		20181108191330
1854	3176215678									3176215678	3176215678		20181108191330
1855	4012618621									4012618621	4012618621		20181108191330
1857	2706661204									2706661204	2706661204		20181108191330
1859	9419558842									9419558842	9419558842		20181108191330
1860	7408943390									7408943390	7408943390		20181108191330
1862	8435259613									8435259613	8435259613		20181108191330
1863	7047992613									7047992613	7047992613		20181108191330
1864	2152307065									2152307065	2152307065		20181108191330
1865	9013860500									9013860500	9013860500		20181108191330
1867	6206253560									6206253560	6206253560		20181108191330
1868	3256253477									3256253477	3256253477		20181108191330
1869	6107360926									6107360926	6107360926		20181108191330
1870	2482808567									2482808567	2482808567		20181108191330
1871	8503159350									8503159350	8503159350		20181108191330
1872	2123268538									2123268538	2123268538		20181108191330
1873	7048657232									7048657232	7048657232		20181108191330
1874	8655843892									8655843892	8655843892		20181108191330
1875	5054252789									5054252789	5054252789		20181108191330
1878	3206952518									3206952518	3206952518		20181108191330
1880	7188226516									7188226516	7188226516		20181108191330
1881	9563623584									9563623584	9563623584		20181108191330
1882	9724206741									9724206741	9724206741		20181108191330
1883	6102754186									6102754186	6102754186		20181108191330
1885	5028521754									5028521754	5028521754		20181108191330
1886	9726128291									9726128291	9726128291		20181108191330
1888	2704421424									2704421424	2704421424		20181108191330
1889	5744726262									5744726262	5744726262		20181108191330
1890	6783772496									6783772496	6783772496		20181108191330
1891	2012434229									2012434229	2012434229		20181108191330
1895	4076291812									4076291812	4076291812		20181108191330
1897	4106758947									4106758947	4106758947		20181108191330
1898	6163652076									6163652076	6163652076		20181108191330
1900	6194605821									6194605821	6194605821		20181108191330
1901	2156726566									2156726566	2156726566		20181108191330
1902	7172722937									7172722937	7172722937		20181108191330
1903	2259300987									2259300987	2259300987		20181108191330
1904	9413719713									9413719713	9413719713		20181108191330
1905	5135573332									5135573332	5135573332		20181108191330
1906	7134320221									7134320221	7134320221		20181108191330
1907	2259300987									2259300987	2259300987		20181108191330
1908	3212740246									3212740246	3212740246		20181108191330
1909	2259300987									2259300987	2259300987		20181108191330
1910	7175310983									7175310983	7175310983		20181108191330
1911	4058405533									4058405533	4058405533		20181108191330
1913	2095770366									2095770366	2095770366		20181108191330
1914	5167942029									5167942029	5167942029		20181108191330
1915	5135573332									5135573332	5135573332		20181108191330
1916	4402489099									4402489099	4402489099		20181108191330
1917	7709627956									7709627956	7709627956		20181108191330
1918	8145349465									8145349465	8145349465		20181108191330
1919	5173946012									5173946012	5173946012		20181108191330
1920	2292498191									2292498191	2292498191		20181108191330
1921	8145343559									8145343559	8145343559		20181108191331
1922	3166866764									3166866764	3166866764		20181108191331
1923	8145364819									8145364819	8145364819		20181108191331
1924	3047667143									3047667143	3047667143		20181108191331
1925	8455820922									8455820922	8455820922		20181108191331
1926	9043846055									9043846055	9043846055		20181108191331
1927	3166866764									3166866764	3166866764		20181108191331
1928	8286502799									8286502799	8286502799		20181108191331
1929	8136613725									8136613725	8136613725		20181108191331
1930	5633825015									5633825015	5633825015		20181108191331
1931	5135573332									5135573332	5135573332		20181108191331
1932	9035952571									9035952571	9035952571		20181108191331
1933	3154728060									3154728060	3154728060		20181108191331
1934	4123667655									4123667655	4123667655		20181108191331
1936	2706881204									2706881204	2706881204		20181108191331
1937	7328660018									7328660018	7328660018		20181108191331
1938	2536392030									2536392030	2536392030		20181108191331
1940	7044147512									7044147512	7044147512		20181108191331
1941	6065493036									6065493036	6065493036		20181108191331
1942	4025522573									4025522573	4025522573		20181108191331
1943	2626417435									2626417435	2626417435		20181108191331
1945	6788196531									6788196531	6788196531		20181108191331
1946	6788196531									6788196531	6788196531		20181108191331
1947	8057737448									8057737448	8057737448		20181108191331
1948	6065282857									6065282857	6065282857		20181108191331
1949	7852466587									7852466587	7852466587		20181108191331
1952	5034356463									5034356463	5034356463		20181108191331
1953	2016128182									2016128182	2016128182		20181108191331
1954	7148349372									7148349372	7148349372		20181108191331
1956	2257520888									2257520888	2257520888		20181108191331
1957	5152767482									5152767482	5152767482		20181108191331
1958	4233328634									4233328634	4233328634		20181108191331
1959	6235361091									6235361091	6235361091		20181108191331
1960	4125215233									4125215233	4125215233		20181108191331
1961	6057641501									6057641501	6057641501		20181108191331
1963	2812922726									2812922726	2812922726		20181108191331
1964	7242288117									7242288117	7242288117		20181108191331
1965	8067802330									8067802330	8067802330		20181108191331
1967	2152307065									2152307065	2152307065		20181108191331
1968	8169410080									8169410080	8169410080		20181108191331
1969	3032702174									3032702174	3032702174		20181108191331
1970	7322645554									7322645554	7322645554		20181108191331
1971	8012644409									8012644409	8012644409		20181108191331
1972	3307265931									3307265931	3307265931		20181108191331
1973	3103757201									3103757201	3103757201		20181108191331
1974	3042572681									3042572681	3042572681		20181108191331
1975	2813708765									2813708765	2813708765		20181108191331
1976	6317513366									6317513366	6317513366		20181108191331
1977	5736354629									5736354629	5736354629		20181108191331
1978	9037374577									9037374577	9037374577		20181108191331
1979	7172722937									7172722937	7172722937		20181108191331
1980	7134320221									7134320221	7134320221		20181108191331
1981	8504940065									8504940065	8504940065		20181108191331
1982	6106441440									6106441440	6106441440		20181108191331
1983	2013396333									2013396333	2013396333		20181108191331
1984	6307548792									6307548792	6307548792		20181108191331
1985	7274986418									7274986418	7274986418		20181108191331
1986	6022229333									6022229333	6022229333		20181108191331
1988	3604494961									3604494961	3604494961		20181108191331
1989	9193823210									9193823210	9193823210		20181108191331
1990	9703565880									9703565880	9703565880		20181108191331
1991	8154392453									8154392453	8154392453		20181108191331
1994	3018042012									3018042012	3018042012		20181108191331
1995	8438428797									8438428797	8438428797		20181108191331
1996	2079425686									2079425686	2079425686		20181108191331
1997	8607471266									8607471266	8607471266		20181108191331
1999	7278964616									7278964616	7278964616		20181108191331
