Line_ID	As_Short_Text_LTE_400	As_Long_Text_LTE_4000	As_Year	As_Month	As_Day	As_Hour	As_Minute	As_Second	As_Millisecond	As_Double	As_Long	As_Bool	YMD_hms_Key
1	09/26/2011		2011	9	26	0	0	0	0				20181108191336
2	09/12/2011		2011	9	12	0	0	0	0				20181108191336
3	09/03/2015		2015	9	3	0	0	0	0				20181108191336
4	07/08/2007		2007	7	8	0	0	0	0				20181108191336
5	09/28/2007		2007	9	28	0	0	0	0				20181108191336
7	12/11/2011		2011	12	11	0	0	0	0				20181108191336
8	03/23/2011		2011	3	23	0	0	0	0				20181108191336
9	07/09/2007		2007	7	9	0	0	0	0				20181108191336
10	03/22/2016		2016	3	22	0	0	0	0				20181108191336
11	05/27/2008		2008	5	27	0	0	0	0				20181108191336
12	02/08/2016		2016	2	8	0	0	0	0				20181108191336
13	07/11/2014		2014	7	11	0	0	0	0				20181108191336
14	07/01/2016		2016	7	1	0	0	0	0				20181108191336
16	04/04/2016		2016	4	4	0	0	0	0				20181108191336
17	01/30/2018		2018	1	30	0	0	0	0				20181108191336
18	02/23/2016		2016	2	23	0	0	0	0				20181108191336
19	04/20/2008		2008	4	20	0	0	0	0				20181108191336
20	09/20/2007		2007	9	20	0	0	0	0				20181108191336
21	05/01/2014		2014	5	1	0	0	0	0				20181108191336
22	10/22/2014		2014	10	22	0	0	0	0				20181108191336
23	02/16/2015		2015	2	16	0	0	0	0				20181108191336
24	05/27/2011		2011	5	27	0	0	0	0				20181108191336
25	10/25/2007		2007	10	25	0	0	0	0				20181108191336
26	07/08/2007		2007	7	8	0	0	0	0				20181108191336
27	05/10/2013		2013	5	10	0	0	0	0				20181108191336
28	02/18/2013		2013	2	18	0	0	0	0				20181108191336
29	05/10/2017		2017	5	10	0	0	0	0				20181108191336
30	05/28/2013		2013	5	28	0	0	0	0				20181108191336
31	10/01/2018		2018	10	1	0	0	0	0				20181108191336
32	05/21/2008		2008	5	21	0	0	0	0				20181108191336
33	08/03/2011		2011	8	3	0	0	0	0				20181108191336
34	04/05/2017		2017	4	5	0	0	0	0				20181108191336
35	04/20/2008		2008	4	20	0	0	0	0				20181108191336
36	09/02/2015		2015	9	2	0	0	0	0				20181108191336
37	04/30/2014		2014	4	30	0	0	0	0				20181108191336
38	11/02/2009		2009	11	2	0	0	0	0				20181108191336
39	10/25/2013		2013	10	25	0	0	0	0				20181108191336
40	03/11/2015		2015	3	11	0	0	0	0				20181108191336
41	04/09/2013		2013	4	9	0	0	0	0				20181108191336
42	04/20/2008		2008	4	20	0	0	0	0				20181108191336
43	07/23/2010		2010	7	23	0	0	0	0				20181108191336
44	05/11/2018		2018	5	11	0	0	0	0				20181108191336
45	05/25/2011		2011	5	25	0	0	0	0				20181108191336
46	07/08/2007		2007	7	8	0	0	0	0				20181108191336
47	03/19/2008		2008	3	19	0	0	0	0				20181108191336
48	09/12/2018		2018	9	12	0	0	0	0				20181108191336
49	07/09/2007		2007	7	9	0	0	0	0				20181108191336
50	08/17/2018		2018	8	17	0	0	0	0				20181108191336
51	06/19/2017		2017	6	19	0	0	0	0				20181108191336
52	08/29/2018		2018	8	29	0	0	0	0				20181108191336
53	07/08/2007		2007	7	8	0	0	0	0				20181108191336
54	07/08/2007		2007	7	8	0	0	0	0				20181108191336
55	11/21/2016		2016	11	21	0	0	0	0				20181108191336
56	03/17/2016		2016	3	17	0	0	0	0				20181108191336
57	11/03/2011		2011	11	3	0	0	0	0				20181108191336
58	07/24/2018		2018	7	24	0	0	0	0				20181108191336
59	04/08/2008		2008	4	8	0	0	0	0				20181108191336
60	10/11/2012		2012	10	11	0	0	0	0				20181108191336
61	08/17/2015		2015	8	17	0	0	0	0				20181108191336
62	03/13/2013		2013	3	13	0	0	0	0				20181108191336
63	07/08/2007		2007	7	8	0	0	0	0				20181108191336
64	07/08/2007		2007	7	8	0	0	0	0				20181108191336
65	04/07/2008		2008	4	7	0	0	0	0				20181108191336
66	11/15/2010		2010	11	15	0	0	0	0				20181108191336
67	10/25/2007		2007	10	25	0	0	0	0				20181108191336
68	07/08/2007		2007	7	8	0	0	0	0				20181108191336
69	07/08/2007		2007	7	8	0	0	0	0				20181108191336
71	01/09/2018		2018	1	9	0	0	0	0				20181108191336
72	08/17/2017		2017	8	17	0	0	0	0				20181108191336
73	12/10/2013		2013	12	10	0	0	0	0				20181108191336
74	10/25/2013		2013	10	25	0	0	0	0				20181108191336
75	12/15/2016		2016	12	15	0	0	0	0				20181108191336
76	11/03/2014		2014	11	3	0	0	0	0				20181108191336
77	06/01/2016		2016	6	1	0	0	0	0				20181108191336
78	11/29/2007		2007	11	29	0	0	0	0				20181108191336
79	10/05/2015		2015	10	5	0	0	0	0				20181108191336
80	08/28/2015		2015	8	28	0	0	0	0				20181108191336
81	04/16/2013		2013	4	16	0	0	0	0				20181108191336
82	11/14/2007		2007	11	14	0	0	0	0				20181108191336
83	11/09/2012		2012	11	9	0	0	0	0				20181108191336
84	09/25/2008		2008	9	25	0	0	0	0				20181108191336
85	07/11/2013		2013	7	11	0	0	0	0				20181108191336
86	05/03/2013		2013	5	3	0	0	0	0				20181108191336
87	11/11/2009		2009	11	11	0	0	0	0				20181108191336
88	03/17/2018		2018	3	17	0	0	0	0				20181108191336
89	04/26/2011		2011	4	26	0	0	0	0				20181108191336
90	01/26/2011		2011	1	26	0	0	0	0				20181108191336
91	07/21/2008		2008	7	21	0	0	0	0				20181108191336
92	04/25/2018		2018	4	25	0	0	0	0				20181108191336
93	10/20/2008		2008	10	20	0	0	0	0				20181108191336
94	04/25/2018		2018	4	25	0	0	0	0				20181108191336
95	02/27/2017		2017	2	27	0	0	0	0				20181108191336
96	10/20/2008		2008	10	20	0	0	0	0				20181108191336
97	07/08/2007		2007	7	8	0	0	0	0				20181108191336
98	07/08/2007		2007	7	8	0	0	0	0				20181108191336
99	03/19/2008		2008	3	19	0	0	0	0				20181108191336
100	08/31/2010		2010	8	31	0	0	0	0				20181108191336
101	01/13/2010		2010	1	13	0	0	0	0				20181108191336
102	05/22/2018		2018	5	22	0	0	0	0				20181108191336
103	07/08/2007		2007	7	8	0	0	0	0				20181108191336
104	07/09/2007		2007	7	9	0	0	0	0				20181108191336
105	10/07/2014		2014	10	7	0	0	0	0				20181108191336
106	08/17/2018		2018	8	17	0	0	0	0				20181108191336
107	07/08/2007		2007	7	8	0	0	0	0				20181108191336
108	09/09/2010		2010	9	9	0	0	0	0				20181108191336
109	02/27/2008		2008	2	27	0	0	0	0				20181108191336
110	05/28/2014		2014	5	28	0	0	0	0				20181108191336
111	09/12/2017		2017	9	12	0	0	0	0				20181108191336
112	05/07/2008		2008	5	7	0	0	0	0				20181108191336
113	05/11/2015		2015	5	11	0	0	0	0				20181108191336
114	10/30/2012		2012	10	30	0	0	0	0				20181108191336
115	11/09/2007		2007	11	9	0	0	0	0				20181108191336
116	07/08/2007		2007	7	8	0	0	0	0				20181108191336
117	07/08/2007		2007	7	8	0	0	0	0				20181108191336
120	07/08/2007		2007	7	8	0	0	0	0				20181108191336
121	05/31/2016		2016	5	31	0	0	0	0				20181108191336
122	07/08/2007		2007	7	8	0	0	0	0				20181108191336
123	07/08/2007		2007	7	8	0	0	0	0				20181108191336
124	07/08/2007		2007	7	8	0	0	0	0				20181108191336
125	07/19/2012		2012	7	19	0	0	0	0				20181108191336
126	02/10/2009		2009	2	10	0	0	0	0				20181108191336
127	02/04/2010		2010	2	4	0	0	0	0				20181108191336
128	11/16/2016		2016	11	16	0	0	0	0				20181108191336
129	02/07/2013		2013	2	7	0	0	0	0				20181108191336
130	07/19/2010		2010	7	19	0	0	0	0				20181108191336
131	12/04/2012		2012	12	4	0	0	0	0				20181108191336
132	03/24/2011		2011	3	24	0	0	0	0				20181108191336
133	04/20/2008		2008	4	20	0	0	0	0				20181108191336
134	10/16/2013		2013	10	16	0	0	0	0				20181108191336
135	09/23/2009		2009	9	23	0	0	0	0				20181108191336
136	11/11/2010		2010	11	11	0	0	0	0				20181108191336
137	08/02/2016		2016	8	2	0	0	0	0				20181108191336
138	07/08/2007		2007	7	8	0	0	0	0				20181108191336
139	08/05/2015		2015	8	5	0	0	0	0				20181108191336
140	06/08/2016		2016	6	8	0	0	0	0				20181108191336
141	07/08/2007		2007	7	8	0	0	0	0				20181108191336
142	08/03/2016		2016	8	3	0	0	0	0				20181108191336
143	03/25/2009		2009	3	25	0	0	0	0				20181108191336
144	01/18/2013		2013	1	18	0	0	0	0				20181108191336
145	03/08/2016		2016	3	8	0	0	0	0				20181108191336
146	07/08/2007		2007	7	8	0	0	0	0				20181108191336
147	09/30/2009		2009	9	30	0	0	0	0				20181108191336
148	10/31/2013		2013	10	31	0	0	0	0				20181108191336
149	04/25/2017		2017	4	25	0	0	0	0				20181108191336
150	06/21/2012		2012	6	21	0	0	0	0				20181108191336
151	07/08/2007		2007	7	8	0	0	0	0				20181108191336
152	12/19/2011		2011	12	19	0	0	0	0				20181108191336
153	06/28/2012		2012	6	28	0	0	0	0				20181108191336
154	07/08/2007		2007	7	8	0	0	0	0				20181108191336
156	07/26/2018		2018	7	26	0	0	0	0				20181108191336
157	09/09/2010		2010	9	9	0	0	0	0				20181108191336
158	03/14/2014		2014	3	14	0	0	0	0				20181108191336
159	09/03/2015		2015	9	3	0	0	0	0				20181108191336
160	12/09/2015		2015	12	9	0	0	0	0				20181108191336
161	06/23/2014		2014	6	23	0	0	0	0				20181108191336
163	10/22/2007		2007	10	22	0	0	0	0				20181108191336
164	02/08/2017		2017	2	8	0	0	0	0				20181108191336
165	02/13/2017		2017	2	13	0	0	0	0				20181108191336
166	05/30/2018		2018	5	30	0	0	0	0				20181108191336
167	11/02/2011		2011	11	2	0	0	0	0				20181108191336
168	07/08/2007		2007	7	8	0	0	0	0				20181108191336
169	07/09/2007		2007	7	9	0	0	0	0				20181108191336
170	08/02/2016		2016	8	2	0	0	0	0				20181108191336
171	04/20/2008		2008	4	20	0	0	0	0				20181108191336
172	01/18/2016		2016	1	18	0	0	0	0				20181108191336
173	04/12/2016		2016	4	12	0	0	0	0				20181108191336
174	10/05/2007		2007	10	5	0	0	0	0				20181108191336
175	09/28/2012		2012	9	28	0	0	0	0				20181108191336
176	07/09/2007		2007	7	9	0	0	0	0				20181108191336
177	03/20/2008		2008	3	20	0	0	0	0				20181108191336
178	07/09/2007		2007	7	9	0	0	0	0				20181108191336
179	02/27/2013		2013	2	27	0	0	0	0				20181108191336
180	07/08/2007		2007	7	8	0	0	0	0				20181108191336
181	09/28/2012		2012	9	28	0	0	0	0				20181108191336
182	07/08/2007		2007	7	8	0	0	0	0				20181108191336
183	11/04/2009		2009	11	4	0	0	0	0				20181108191336
184	06/28/2016		2016	6	28	0	0	0	0				20181108191336
185	08/28/2015		2015	8	28	0	0	0	0				20181108191336
187	04/23/2008		2008	4	23	0	0	0	0				20181108191336
188	07/09/2007		2007	7	9	0	0	0	0				20181108191336
189	06/18/2008		2008	6	18	0	0	0	0				20181108191336
190	03/24/2015		2015	3	24	0	0	0	0				20181108191336
191	07/08/2007		2007	7	8	0	0	0	0				20181108191336
192	07/08/2007		2007	7	8	0	0	0	0				20181108191336
193	03/27/2018		2018	3	27	0	0	0	0				20181108191336
194	08/17/2017		2017	8	17	0	0	0	0				20181108191336
195	03/10/2017		2017	3	10	0	0	0	0				20181108191336
196	08/07/2014		2014	8	7	0	0	0	0				20181108191336
197	04/04/2018		2018	4	4	0	0	0	0				20181108191336
198	10/19/2010		2010	10	19	0	0	0	0				20181108191336
199	08/08/2016		2016	8	8	0	0	0	0				20181108191336
200	07/01/2011		2011	7	1	0	0	0	0				20181108191336
201	08/05/2013		2013	8	5	0	0	0	0				20181108191336
202	08/26/2016		2016	8	26	0	0	0	0				20181108191336
203	08/13/2014		2014	8	13	0	0	0	0				20181108191336
204	06/30/2010		2010	6	30	0	0	0	0				20181108191336
205	08/09/2018		2018	8	9	0	0	0	0				20181108191336
207	05/06/2008		2008	5	6	0	0	0	0				20181108191336
208	05/16/2008		2008	5	16	0	0	0	0				20181108191336
209	07/08/2007		2007	7	8	0	0	0	0				20181108191336
210	05/16/2018		2018	5	16	0	0	0	0				20181108191336
211	10/02/2008		2008	10	2	0	0	0	0				20181108191336
212	04/29/2010		2010	4	29	0	0	0	0				20181108191336
213	07/08/2007		2007	7	8	0	0	0	0				20181108191337
214	01/06/2017		2017	1	6	0	0	0	0				20181108191337
215	11/21/2014		2014	11	21	0	0	0	0				20181108191337
216	07/08/2007		2007	7	8	0	0	0	0				20181108191337
217	07/08/2007		2007	7	8	0	0	0	0				20181108191337
218	03/01/2012		2012	3	1	0	0	0	0				20181108191337
220	07/09/2007		2007	7	9	0	0	0	0				20181108191337
221	07/08/2007		2007	7	8	0	0	0	0				20181108191337
222	04/18/2011		2011	4	18	0	0	0	0				20181108191337
223	06/03/2010		2010	6	3	0	0	0	0				20181108191337
224	03/21/2016		2016	3	21	0	0	0	0				20181108191337
225	03/17/2018		2018	3	17	0	0	0	0				20181108191337
226	07/08/2007		2007	7	8	0	0	0	0				20181108191337
227	11/22/2017		2017	11	22	0	0	0	0				20181108191337
228	07/08/2007		2007	7	8	0	0	0	0				20181108191337
229	01/26/2011		2011	1	26	0	0	0	0				20181108191337
230	12/20/2013		2013	12	20	0	0	0	0				20181108191337
231	09/21/2015		2015	9	21	0	0	0	0				20181108191337
232	01/11/2016		2016	1	11	0	0	0	0				20181108191337
233	08/21/2018		2018	8	21	0	0	0	0				20181108191337
234	12/05/2007		2007	12	5	0	0	0	0				20181108191337
235	07/08/2007		2007	7	8	0	0	0	0				20181108191337
236	07/09/2007		2007	7	9	0	0	0	0				20181108191337
237	10/26/2011		2011	10	26	0	0	0	0				20181108191337
238	10/19/2016		2016	10	19	0	0	0	0				20181108191337
239	04/26/2010		2010	4	26	0	0	0	0				20181108191337
240	09/23/2009		2009	9	23	0	0	0	0				20181108191337
241	04/22/2014		2014	4	22	0	0	0	0				20181108191337
242	03/20/2018		2018	3	20	0	0	0	0				20181108191337
243	04/30/2015		2015	4	30	0	0	0	0				20181108191337
244	12/23/2010		2010	12	23	0	0	0	0				20181108191337
245	10/20/2016		2016	10	20	0	0	0	0				20181108191337
246	02/02/2012		2012	2	2	0	0	0	0				20181108191337
247	03/17/2018		2018	3	17	0	0	0	0				20181108191337
248	07/21/2009		2009	7	21	0	0	0	0				20181108191337
249	09/07/2011		2011	9	7	0	0	0	0				20181108191337
250	04/19/2018		2018	4	19	0	0	0	0				20181108191337
252	03/17/2018		2018	3	17	0	0	0	0				20181108191337
253	07/11/2014		2014	7	11	0	0	0	0				20181108191337
254	11/13/2013		2013	11	13	0	0	0	0				20181108191337
255	03/27/2013		2013	3	27	0	0	0	0				20181108191337
256	05/05/2011		2011	5	5	0	0	0	0				20181108191337
257	05/08/2008		2008	5	8	0	0	0	0				20181108191337
258	04/10/2014		2014	4	10	0	0	0	0				20181108191337
259	04/20/2008		2008	4	20	0	0	0	0				20181108191337
260	07/08/2007		2007	7	8	0	0	0	0				20181108191337
261	10/16/2007		2007	10	16	0	0	0	0				20181108191337
262	03/06/2008		2008	3	6	0	0	0	0				20181108191337
263	05/13/2013		2013	5	13	0	0	0	0				20181108191337
264	01/26/2018		2018	1	26	0	0	0	0				20181108191337
265	07/09/2007		2007	7	9	0	0	0	0				20181108191337
266	04/11/2014		2014	4	11	0	0	0	0				20181108191337
267	06/06/2016		2016	6	6	0	0	0	0				20181108191337
268	08/04/2008		2008	8	4	0	0	0	0				20181108191337
269	07/27/2015		2015	7	27	0	0	0	0				20181108191337
270	03/17/2015		2015	3	17	0	0	0	0				20181108191337
271	02/02/2015		2015	2	2	0	0	0	0				20181108191337
273	02/19/2014		2014	2	19	0	0	0	0				20181108191337
274	07/08/2013		2013	7	8	0	0	0	0				20181108191337
275	05/14/2008		2008	5	14	0	0	0	0				20181108191337
276	06/17/2008		2008	6	17	0	0	0	0				20181108191337
277	12/28/2007		2007	12	28	0	0	0	0				20181108191337
278	07/12/2010		2010	7	12	0	0	0	0				20181108191337
279	07/08/2007		2007	7	8	0	0	0	0				20181108191337
280	01/02/2013		2013	1	2	0	0	0	0				20181108191337
281	07/08/2007		2007	7	8	0	0	0	0				20181108191337
282	07/08/2007		2007	7	8	0	0	0	0				20181108191337
283	05/08/2018		2018	5	8	0	0	0	0				20181108191337
284	05/04/2018		2018	5	4	0	0	0	0				20181108191337
286	03/18/2009		2009	3	18	0	0	0	0				20181108191337
287	08/05/2008		2008	8	5	0	0	0	0				20181108191337
288	09/21/2007		2007	9	21	0	0	0	0				20181108191337
289	03/29/2018		2018	3	29	0	0	0	0				20181108191337
290	08/17/2018		2018	8	17	0	0	0	0				20181108191337
291	04/20/2008		2008	4	20	0	0	0	0				20181108191337
292	02/06/2008		2008	2	6	0	0	0	0				20181108191337
293	11/19/2009		2009	11	19	0	0	0	0				20181108191337
294	11/13/2012		2012	11	13	0	0	0	0				20181108191337
295	04/20/2008		2008	4	20	0	0	0	0				20181108191337
297	08/10/2016		2016	8	10	0	0	0	0				20181108191337
298	08/07/2018		2018	8	7	0	0	0	0				20181108191337
299	03/10/2011		2011	3	10	0	0	0	0				20181108191337
300	03/23/2011		2011	3	23	0	0	0	0				20181108191337
301	11/11/2008		2008	11	11	0	0	0	0				20181108191337
302	07/08/2007		2007	7	8	0	0	0	0				20181108191337
303	06/14/2012		2012	6	14	0	0	0	0				20181108191337
304	09/24/2008		2008	9	24	0	0	0	0				20181108191337
305	03/19/2010		2010	3	19	0	0	0	0				20181108191337
306	07/09/2007		2007	7	9	0	0	0	0				20181108191337
307	05/23/2018		2018	5	23	0	0	0	0				20181108191337
308	07/15/2015		2015	7	15	0	0	0	0				20181108191337
309	07/08/2007		2007	7	8	0	0	0	0				20181108191337
310	12/14/2011		2011	12	14	0	0	0	0				20181108191337
311	05/13/2008		2008	5	13	0	0	0	0				20181108191337
312	06/21/2012		2012	6	21	0	0	0	0				20181108191337
313	07/08/2007		2007	7	8	0	0	0	0				20181108191337
314	07/08/2007		2007	7	8	0	0	0	0				20181108191337
315	11/28/2007		2007	11	28	0	0	0	0				20181108191337
316	09/23/2015		2015	9	23	0	0	0	0				20181108191337
318	10/09/2007		2007	10	9	0	0	0	0				20181108191337
319	07/08/2007		2007	7	8	0	0	0	0				20181108191337
320	02/07/2013		2013	2	7	0	0	0	0				20181108191337
322	09/13/2018		2018	9	13	0	0	0	0				20181108191337
323	11/07/2007		2007	11	7	0	0	0	0				20181108191337
324	02/03/2009		2009	2	3	0	0	0	0				20181108191337
325	07/08/2007		2007	7	8	0	0	0	0				20181108191337
326	07/08/2007		2007	7	8	0	0	0	0				20181108191337
327	03/03/2014		2014	3	3	0	0	0	0				20181108191337
328	10/19/2016		2016	10	19	0	0	0	0				20181108191337
329	11/13/2015		2015	11	13	0	0	0	0				20181108191337
330	12/08/2011		2011	12	8	0	0	0	0				20181108191337
331	09/07/2012		2012	9	7	0	0	0	0				20181108191337
332	12/22/2008		2008	12	22	0	0	0	0				20181108191337
333	07/08/2007		2007	7	8	0	0	0	0				20181108191337
334	10/12/2007		2007	10	12	0	0	0	0				20181108191337
335	10/24/2011		2011	10	24	0	0	0	0				20181108191337
336	03/19/2008		2008	3	19	0	0	0	0				20181108191337
337	07/08/2007		2007	7	8	0	0	0	0				20181108191337
338	12/03/2007		2007	12	3	0	0	0	0				20181108191337
339	03/03/2017		2017	3	3	0	0	0	0				20181108191337
340	11/20/2012		2012	11	20	0	0	0	0				20181108191337
341	10/03/2012		2012	10	3	0	0	0	0				20181108191337
342	01/03/2013		2013	1	3	0	0	0	0				20181108191337
343	02/17/2012		2012	2	17	0	0	0	0				20181108191337
344	04/27/2017		2017	4	27	0	0	0	0				20181108191337
345	04/30/2008		2008	4	30	0	0	0	0				20181108191337
346	01/15/2008		2008	1	15	0	0	0	0				20181108191337
347	11/23/2010		2010	11	23	0	0	0	0				20181108191337
348	08/05/2015		2015	8	5	0	0	0	0				20181108191337
349	07/08/2007		2007	7	8	0	0	0	0				20181108191337
350	06/22/2016		2016	6	22	0	0	0	0				20181108191337
351	05/26/2010		2010	5	26	0	0	0	0				20181108191337
352	07/09/2007		2007	7	9	0	0	0	0				20181108191337
353	03/14/2016		2016	3	14	0	0	0	0				20181108191337
354	11/07/2008		2008	11	7	0	0	0	0				20181108191337
355	07/07/2008		2008	7	7	0	0	0	0				20181108191337
356	03/06/2014		2014	3	6	0	0	0	0				20181108191337
357	12/27/2011		2011	12	27	0	0	0	0				20181108191337
358	02/03/2010		2010	2	3	0	0	0	0				20181108191337
359	11/12/2014		2014	11	12	0	0	0	0				20181108191337
360	07/08/2007		2007	7	8	0	0	0	0				20181108191337
361	03/14/2018		2018	3	14	0	0	0	0				20181108191337
362	08/08/2017		2017	8	8	0	0	0	0				20181108191337
363	06/01/2016		2016	6	1	0	0	0	0				20181108191337
364	05/09/2018		2018	5	9	0	0	0	0				20181108191337
365	07/08/2007		2007	7	8	0	0	0	0				20181108191337
366	05/26/2011		2011	5	26	0	0	0	0				20181108191337
367	05/27/2015		2015	5	27	0	0	0	0				20181108191337
368	07/08/2007		2007	7	8	0	0	0	0				20181108191337
369	07/08/2007		2007	7	8	0	0	0	0				20181108191337
370	07/01/2008		2008	7	1	0	0	0	0				20181108191337
371	12/05/2012		2012	12	5	0	0	0	0				20181108191337
372	07/29/2009		2009	7	29	0	0	0	0				20181108191337
373	10/03/2011		2011	10	3	0	0	0	0				20181108191337
374	01/23/2008		2008	1	23	0	0	0	0				20181108191337
375	10/08/2008		2008	10	8	0	0	0	0				20181108191337
376	05/25/2016		2016	5	25	0	0	0	0				20181108191337
377	04/28/2015		2015	4	28	0	0	0	0				20181108191337
378	03/14/2012		2012	3	14	0	0	0	0				20181108191337
379	07/09/2007		2007	7	9	0	0	0	0				20181108191337
380	02/10/2017		2017	2	10	0	0	0	0				20181108191337
381	12/13/2017		2017	12	13	0	0	0	0				20181108191337
382	10/04/2018		2018	10	4	0	0	0	0				20181108191337
383	07/08/2007		2007	7	8	0	0	0	0				20181108191337
384	03/12/2013		2013	3	12	0	0	0	0				20181108191337
385	07/12/2016		2016	7	12	0	0	0	0				20181108191337
386	02/16/2012		2012	2	16	0	0	0	0				20181108191337
387	07/08/2007		2007	7	8	0	0	0	0				20181108191337
388	01/20/2012		2012	1	20	0	0	0	0				20181108191337
389	08/18/2010		2010	8	18	0	0	0	0				20181108191337
390	10/19/2015		2015	10	19	0	0	0	0				20181108191337
391	07/08/2007		2007	7	8	0	0	0	0				20181108191337
392	07/31/2017		2017	7	31	0	0	0	0				20181108191337
393	07/08/2007		2007	7	8	0	0	0	0				20181108191337
394	09/08/2008		2008	9	8	0	0	0	0				20181108191337
395	07/09/2007		2007	7	9	0	0	0	0				20181108191337
396	04/06/2009		2009	4	6	0	0	0	0				20181108191337
398	07/08/2007		2007	7	8	0	0	0	0				20181108191337
399	07/08/2007		2007	7	8	0	0	0	0				20181108191337
400	10/25/2007		2007	10	25	0	0	0	0				20181108191337
401	07/08/2007		2007	7	8	0	0	0	0				20181108191337
402	10/23/2012		2012	10	23	0	0	0	0				20181108191337
403	12/03/2010		2010	12	3	0	0	0	0				20181108191337
405	06/07/2018		2018	6	7	0	0	0	0				20181108191337
406	08/02/2016		2016	8	2	0	0	0	0				20181108191337
407	06/27/2013		2013	6	27	0	0	0	0				20181108191337
408	06/02/2008		2008	6	2	0	0	0	0				20181108191337
409	07/08/2007		2007	7	8	0	0	0	0				20181108191337
410	07/30/2018		2018	7	30	0	0	0	0				20181108191337
411	07/08/2007		2007	7	8	0	0	0	0				20181108191337
412	04/04/2016		2016	4	4	0	0	0	0				20181108191337
413	07/08/2007		2007	7	8	0	0	0	0				20181108191337
414	07/09/2007		2007	7	9	0	0	0	0				20181108191337
415	08/27/2014		2014	8	27	0	0	0	0				20181108191337
416	01/11/2013		2013	1	11	0	0	0	0				20181108191337
417	01/06/2009		2009	1	6	0	0	0	0				20181108191337
418	01/30/2008		2008	1	30	0	0	0	0				20181108191337
419	10/08/2008		2008	10	8	0	0	0	0				20181108191337
420	10/28/2014		2014	10	28	0	0	0	0				20181108191337
421	09/13/2016		2016	9	13	0	0	0	0				20181108191337
422	06/12/2008		2008	6	12	0	0	0	0				20181108191337
423	03/12/2008		2008	3	12	0	0	0	0				20181108191337
424	06/02/2015		2015	6	2	0	0	0	0				20181108191337
425	09/03/2015		2015	9	3	0	0	0	0				20181108191337
426	04/13/2009		2009	4	13	0	0	0	0				20181108191337
427	11/17/2009		2009	11	17	0	0	0	0				20181108191337
428	07/08/2007		2007	7	8	0	0	0	0				20181108191337
429	03/16/2012		2012	3	16	0	0	0	0				20181108191337
430	05/08/2013		2013	5	8	0	0	0	0				20181108191337
431	02/17/2017		2017	2	17	0	0	0	0				20181108191337
432	05/27/2009		2009	5	27	0	0	0	0				20181108191337
433	02/15/2013		2013	2	15	0	0	0	0				20181108191337
434	07/09/2007		2007	7	9	0	0	0	0				20181108191337
435	06/28/2011		2011	6	28	0	0	0	0				20181108191337
436	10/04/2018		2018	10	4	0	0	0	0				20181108191337
437	11/27/2013		2013	11	27	0	0	0	0				20181108191337
438	07/08/2007		2007	7	8	0	0	0	0				20181108191337
439	09/08/2015		2015	9	8	0	0	0	0				20181108191337
440	07/08/2007		2007	7	8	0	0	0	0				20181108191337
441	03/02/2016		2016	3	2	0	0	0	0				20181108191337
442	07/08/2007		2007	7	8	0	0	0	0				20181108191337
443	12/12/2011		2011	12	12	0	0	0	0				20181108191337
444	07/09/2007		2007	7	9	0	0	0	0				20181108191337
445	11/16/2011		2011	11	16	0	0	0	0				20181108191337
446	12/03/2014		2014	12	3	0	0	0	0				20181108191337
447	11/16/2011		2011	11	16	0	0	0	0				20181108191337
448	07/08/2007		2007	7	8	0	0	0	0				20181108191337
449	10/25/2007		2007	10	25	0	0	0	0				20181108191337
450	07/08/2007		2007	7	8	0	0	0	0				20181108191337
451	03/08/2016		2016	3	8	0	0	0	0				20181108191337
452	08/26/2008		2008	8	26	0	0	0	0				20181108191337
453	11/29/2007		2007	11	29	0	0	0	0				20181108191337
454	12/03/2010		2010	12	3	0	0	0	0				20181108191337
455	07/08/2007		2007	7	8	0	0	0	0				20181108191337
456	01/03/2014		2014	1	3	0	0	0	0				20181108191337
457	01/24/2012		2012	1	24	0	0	0	0				20181108191337
458	10/29/2012		2012	10	29	0	0	0	0				20181108191337
459	01/03/2017		2017	1	3	0	0	0	0				20181108191337
460	08/13/2018		2018	8	13	0	0	0	0				20181108191337
462	10/31/2007		2007	10	31	0	0	0	0				20181108191337
463	08/17/2018		2018	8	17	0	0	0	0				20181108191337
465	03/04/2010		2010	3	4	0	0	0	0				20181108191337
466	08/13/2007		2007	8	13	0	0	0	0				20181108191337
467	01/26/2017		2017	1	26	0	0	0	0				20181108191337
468	12/16/2009		2009	12	16	0	0	0	0				20181108191337
469	01/15/2010		2010	1	15	0	0	0	0				20181108191337
470	05/25/2018		2018	5	25	0	0	0	0				20181108191337
471	05/22/2015		2015	5	22	0	0	0	0				20181108191337
472	03/17/2010		2010	3	17	0	0	0	0				20181108191337
473	07/09/2007		2007	7	9	0	0	0	0				20181108191337
474	02/08/2008		2008	2	8	0	0	0	0				20181108191337
475	07/18/2008		2008	7	18	0	0	0	0				20181108191337
477	08/19/2014		2014	8	19	0	0	0	0				20181108191337
478	10/26/2011		2011	10	26	0	0	0	0				20181108191337
479	11/15/2010		2010	11	15	0	0	0	0				20181108191337
480	10/04/2011		2011	10	4	0	0	0	0				20181108191337
481	10/01/2018		2018	10	1	0	0	0	0				20181108191337
482	08/15/2015		2015	8	15	0	0	0	0				20181108191337
483	03/25/2011		2011	3	25	0	0	0	0				20181108191337
484	05/10/2017		2017	5	10	0	0	0	0				20181108191337
485	01/21/2015		2015	1	21	0	0	0	0				20181108191337
486	04/27/2018		2018	4	27	0	0	0	0				20181108191337
487	07/08/2007		2007	7	8	0	0	0	0				20181108191337
488	01/11/2013		2013	1	11	0	0	0	0				20181108191337
489	01/20/2015		2015	1	20	0	0	0	0				20181108191337
490	07/09/2007		2007	7	9	0	0	0	0				20181108191337
491	09/08/2011		2011	9	8	0	0	0	0				20181108191337
493	02/02/2009		2009	2	2	0	0	0	0				20181108191337
494	01/05/2012		2012	1	5	0	0	0	0				20181108191337
495	08/08/2007		2007	8	8	0	0	0	0				20181108191337
496	12/19/2007		2007	12	19	0	0	0	0				20181108191337
497	06/09/2009		2009	6	9	0	0	0	0				20181108191337
498	07/08/2007		2007	7	8	0	0	0	0				20181108191337
499	07/08/2007		2007	7	8	0	0	0	0				20181108191337
500	04/01/2011		2011	4	1	0	0	0	0				20181108191337
501	05/06/2015		2015	5	6	0	0	0	0				20181108191337
502	06/16/2008		2008	6	16	0	0	0	0				20181108191337
503	07/03/2014		2014	7	3	0	0	0	0				20181108191337
504	11/07/2016		2016	11	7	0	0	0	0				20181108191337
505	07/08/2007		2007	7	8	0	0	0	0				20181108191337
506	04/05/2013		2013	4	5	0	0	0	0				20181108191337
507	11/05/2015		2015	11	5	0	0	0	0				20181108191337
508	05/12/2016		2016	5	12	0	0	0	0				20181108191337
509	07/08/2007		2007	7	8	0	0	0	0				20181108191337
510	11/08/2013		2013	11	8	0	0	0	0				20181108191337
511	07/18/2016		2016	7	18	0	0	0	0				20181108191337
512	08/26/2010		2010	8	26	0	0	0	0				20181108191337
513	05/10/2010		2010	5	10	0	0	0	0				20181108191337
514	08/21/2017		2017	8	21	0	0	0	0				20181108191337
515	10/16/2012		2012	10	16	0	0	0	0				20181108191337
516	05/07/2009		2009	5	7	0	0	0	0				20181108191337
517	07/08/2007		2007	7	8	0	0	0	0				20181108191337
518	03/14/2013		2013	3	14	0	0	0	0				20181108191337
519	07/08/2007		2007	7	8	0	0	0	0				20181108191337
520	12/15/2015		2015	12	15	0	0	0	0				20181108191337
522	12/05/2012		2012	12	5	0	0	0	0				20181108191337
523	08/11/2014		2014	8	11	0	0	0	0				20181108191337
524	12/03/2010		2010	12	3	0	0	0	0				20181108191337
525	03/17/2018		2018	3	17	0	0	0	0				20181108191337
526	08/16/2012		2012	8	16	0	0	0	0				20181108191337
527	04/02/2008		2008	4	2	0	0	0	0				20181108191337
528	07/08/2007		2007	7	8	0	0	0	0				20181108191337
529	04/20/2008		2008	4	20	0	0	0	0				20181108191337
530	07/08/2007		2007	7	8	0	0	0	0				20181108191337
531	09/07/2007		2007	9	7	0	0	0	0				20181108191337
532	11/19/2009		2009	11	19	0	0	0	0				20181108191337
533	07/08/2007		2007	7	8	0	0	0	0				20181108191337
534	07/09/2007		2007	7	9	0	0	0	0				20181108191337
535	04/04/2013		2013	4	4	0	0	0	0				20181108191337
537	09/27/2018		2018	9	27	0	0	0	0				20181108191337
538	10/01/2015		2015	10	1	0	0	0	0				20181108191337
539	07/09/2007		2007	7	9	0	0	0	0				20181108191337
540	01/06/2011		2011	1	6	0	0	0	0				20181108191337
541	07/08/2007		2007	7	8	0	0	0	0				20181108191337
542	07/14/2014		2014	7	14	0	0	0	0				20181108191337
543	07/09/2007		2007	7	9	0	0	0	0				20181108191337
545	10/13/2016		2016	10	13	0	0	0	0				20181108191337
546	09/02/2014		2014	9	2	0	0	0	0				20181108191337
547	07/08/2007		2007	7	8	0	0	0	0				20181108191337
549	08/08/2016		2016	8	8	0	0	0	0				20181108191337
550	01/05/2012		2012	1	5	0	0	0	0				20181108191337
551	03/11/2009		2009	3	11	0	0	0	0				20181108191337
552	08/02/2007		2007	8	2	0	0	0	0				20181108191337
554	04/04/2017		2017	4	4	0	0	0	0				20181108191337
555	12/17/2007		2007	12	17	0	0	0	0				20181108191337
556	03/17/2018		2018	3	17	0	0	0	0				20181108191337
557	08/02/2016		2016	8	2	0	0	0	0				20181108191337
558	09/08/2010		2010	9	8	0	0	0	0				20181108191337
559	07/25/2017		2017	7	25	0	0	0	0				20181108191337
560	05/07/2018		2018	5	7	0	0	0	0				20181108191337
561	02/08/2012		2012	2	8	0	0	0	0				20181108191337
563	06/28/2018		2018	6	28	0	0	0	0				20181108191337
564	03/24/2011		2011	3	24	0	0	0	0				20181108191337
565	07/08/2007		2007	7	8	0	0	0	0				20181108191337
566	07/08/2007		2007	7	8	0	0	0	0				20181108191337
567	09/06/2016		2016	9	6	0	0	0	0				20181108191337
568	02/20/2017		2017	2	20	0	0	0	0				20181108191337
569	07/08/2007		2007	7	8	0	0	0	0				20181108191337
570	01/10/2013		2013	1	10	0	0	0	0				20181108191337
571	07/09/2007		2007	7	9	0	0	0	0				20181108191337
572	12/20/2011		2011	12	20	0	0	0	0				20181108191337
573	01/26/2010		2010	1	26	0	0	0	0				20181108191337
574	01/04/2010		2010	1	4	0	0	0	0				20181108191337
575	12/23/2015		2015	12	23	0	0	0	0				20181108191337
577	03/31/2015		2015	3	31	0	0	0	0				20181108191337
578	03/31/2015		2015	3	31	0	0	0	0				20181108191337
579	07/09/2007		2007	7	9	0	0	0	0				20181108191337
580	08/17/2015		2015	8	17	0	0	0	0				20181108191337
581	12/06/2011		2011	12	6	0	0	0	0				20181108191338
582	07/08/2007		2007	7	8	0	0	0	0				20181108191338
583	07/08/2007		2007	7	8	0	0	0	0				20181108191338
584	07/09/2007		2007	7	9	0	0	0	0				20181108191338
585	09/24/2018		2018	9	24	0	0	0	0				20181108191338
586	07/08/2007		2007	7	8	0	0	0	0				20181108191338
587	07/16/2009		2009	7	16	0	0	0	0				20181108191338
588	04/23/2008		2008	4	23	0	0	0	0				20181108191338
589	07/09/2007		2007	7	9	0	0	0	0				20181108191338
591	12/16/2013		2013	12	16	0	0	0	0				20181108191338
592	08/18/2010		2010	8	18	0	0	0	0				20181108191338
593	07/08/2007		2007	7	8	0	0	0	0				20181108191338
594	07/08/2007		2007	7	8	0	0	0	0				20181108191338
595	02/13/2013		2013	2	13	0	0	0	0				20181108191338
596	04/29/2009		2009	4	29	0	0	0	0				20181108191338
597	12/18/2013		2013	12	18	0	0	0	0				20181108191338
598	07/08/2007		2007	7	8	0	0	0	0				20181108191338
599	07/08/2007		2007	7	8	0	0	0	0				20181108191338
600	12/05/2013		2013	12	5	0	0	0	0				20181108191338
601	09/02/2016		2016	9	2	0	0	0	0				20181108191338
602	11/15/2010		2010	11	15	0	0	0	0				20181108191338
603	07/09/2007		2007	7	9	0	0	0	0				20181108191338
604	11/16/2011		2011	11	16	0	0	0	0				20181108191338
605	07/31/2007		2007	7	31	0	0	0	0				20181108191338
606	06/17/2014		2014	6	17	0	0	0	0				20181108191338
608	09/04/2018		2018	9	4	0	0	0	0				20181108191338
609	11/16/2015		2015	11	16	0	0	0	0				20181108191338
610	09/02/2015		2015	9	2	0	0	0	0				20181108191338
611	06/02/2016		2016	6	2	0	0	0	0				20181108191338
612	04/20/2008		2008	4	20	0	0	0	0				20181108191338
613	11/27/2012		2012	11	27	0	0	0	0				20181108191338
614	07/08/2007		2007	7	8	0	0	0	0				20181108191338
615	03/25/2010		2010	3	25	0	0	0	0				20181108191338
616	03/07/2008		2008	3	7	0	0	0	0				20181108191338
617	02/27/2015		2015	2	27	0	0	0	0				20181108191338
618	08/26/2014		2014	8	26	0	0	0	0				20181108191338
619	11/30/2017		2017	11	30	0	0	0	0				20181108191338
621	07/08/2007		2007	7	8	0	0	0	0				20181108191338
622	04/17/2009		2009	4	17	0	0	0	0				20181108191338
623	08/17/2018		2018	8	17	0	0	0	0				20181108191338
624	02/01/2012		2012	2	1	0	0	0	0				20181108191338
625	03/17/2018		2018	3	17	0	0	0	0				20181108191338
626	06/06/2011		2011	6	6	0	0	0	0				20181108191338
627	10/02/2012		2012	10	2	0	0	0	0				20181108191338
628	07/02/2013		2013	7	2	0	0	0	0				20181108191338
629	08/17/2018		2018	8	17	0	0	0	0				20181108191338
630	04/08/2014		2014	4	8	0	0	0	0				20181108191338
631	07/08/2007		2007	7	8	0	0	0	0				20181108191338
632	06/06/2018		2018	6	6	0	0	0	0				20181108191338
633	04/21/2010		2010	4	21	0	0	0	0				20181108191338
634	04/01/2011		2011	4	1	0	0	0	0				20181108191338
635	07/08/2007		2007	7	8	0	0	0	0				20181108191338
636	05/09/2008		2008	5	9	0	0	0	0				20181108191338
637	09/02/2014		2014	9	2	0	0	0	0				20181108191338
638	07/08/2007		2007	7	8	0	0	0	0				20181108191338
639	07/08/2007		2007	7	8	0	0	0	0				20181108191338
640	10/31/2017		2017	10	31	0	0	0	0				20181108191338
641	03/07/2011		2011	3	7	0	0	0	0				20181108191338
642	01/31/2011		2011	1	31	0	0	0	0				20181108191338
643	09/24/2009		2009	9	24	0	0	0	0				20181108191338
644	06/26/2018		2018	6	26	0	0	0	0				20181108191338
645	05/02/2018		2018	5	2	0	0	0	0				20181108191338
646	07/08/2007		2007	7	8	0	0	0	0				20181108191338
647	05/23/2018		2018	5	23	0	0	0	0				20181108191338
648	07/08/2007		2007	7	8	0	0	0	0				20181108191338
649	03/26/2013		2013	3	26	0	0	0	0				20181108191338
650	09/06/2017		2017	9	6	0	0	0	0				20181108191338
651	07/08/2007		2007	7	8	0	0	0	0				20181108191338
652	08/06/2009		2009	8	6	0	0	0	0				20181108191338
653	12/27/2007		2007	12	27	0	0	0	0				20181108191338
654	09/24/2007		2007	9	24	0	0	0	0				20181108191338
655	11/19/2009		2009	11	19	0	0	0	0				20181108191338
656	02/12/2010		2010	2	12	0	0	0	0				20181108191338
657	02/19/2016		2016	2	19	0	0	0	0				20181108191338
658	07/08/2007		2007	7	8	0	0	0	0				20181108191338
659	07/07/2016		2016	7	7	0	0	0	0				20181108191338
660	10/18/2012		2012	10	18	0	0	0	0				20181108191338
661	04/29/2008		2008	4	29	0	0	0	0				20181108191338
662	07/08/2007		2007	7	8	0	0	0	0				20181108191338
663	07/01/2016		2016	7	1	0	0	0	0				20181108191338
664	11/07/2017		2017	11	7	0	0	0	0				20181108191338
665	06/25/2015		2015	6	25	0	0	0	0				20181108191338
666	06/29/2012		2012	6	29	0	0	0	0				20181108191338
668	09/10/2015		2015	9	10	0	0	0	0				20181108191338
669	10/10/2012		2012	10	10	0	0	0	0				20181108191338
670	02/28/2008		2008	2	28	0	0	0	0				20181108191338
671	07/12/2007		2007	7	12	0	0	0	0				20181108191338
672	02/10/2016		2016	2	10	0	0	0	0				20181108191338
673	03/19/2013		2013	3	19	0	0	0	0				20181108191338
675	04/20/2008		2008	4	20	0	0	0	0				20181108191338
676	07/19/2018		2018	7	19	0	0	0	0				20181108191338
677	06/24/2009		2009	6	24	0	0	0	0				20181108191338
678	02/01/2008		2008	2	1	0	0	0	0				20181108191338
679	12/27/2007		2007	12	27	0	0	0	0				20181108191338
680	03/10/2008		2008	3	10	0	0	0	0				20181108191338
681	02/13/2013		2013	2	13	0	0	0	0				20181108191338
682	09/12/2011		2011	9	12	0	0	0	0				20181108191338
683	07/08/2007		2007	7	8	0	0	0	0				20181108191338
684	04/21/2017		2017	4	21	0	0	0	0				20181108191338
685	10/13/2010		2010	10	13	0	0	0	0				20181108191338
686	07/08/2007		2007	7	8	0	0	0	0				20181108191338
687	07/08/2016		2016	7	8	0	0	0	0				20181108191338
688	09/23/2009		2009	9	23	0	0	0	0				20181108191338
690	07/08/2007		2007	7	8	0	0	0	0				20181108191338
691	07/08/2007		2007	7	8	0	0	0	0				20181108191338
692	07/08/2007		2007	7	8	0	0	0	0				20181108191338
693	08/12/2011		2011	8	12	0	0	0	0				20181108191338
694	05/26/2010		2010	5	26	0	0	0	0				20181108191338
695	07/16/2013		2013	7	16	0	0	0	0				20181108191338
696	07/08/2007		2007	7	8	0	0	0	0				20181108191338
697	03/23/2018		2018	3	23	0	0	0	0				20181108191338
698	08/24/2011		2011	8	24	0	0	0	0				20181108191338
699	07/08/2007		2007	7	8	0	0	0	0				20181108191338
700	03/17/2018		2018	3	17	0	0	0	0				20181108191338
701	08/24/2012		2012	8	24	0	0	0	0				20181108191338
702	11/10/2016		2016	11	10	0	0	0	0				20181108191338
703	09/07/2011		2011	9	7	0	0	0	0				20181108191338
704	02/06/2018		2018	2	6	0	0	0	0				20181108191338
705	07/14/2008		2008	7	14	0	0	0	0				20181108191338
706	07/09/2007		2007	7	9	0	0	0	0				20181108191338
707	12/19/2012		2012	12	19	0	0	0	0				20181108191338
708	07/08/2007		2007	7	8	0	0	0	0				20181108191338
709	02/20/2014		2014	2	20	0	0	0	0				20181108191338
710	04/23/2014		2014	4	23	0	0	0	0				20181108191338
711	07/08/2007		2007	7	8	0	0	0	0				20181108191338
712	07/08/2007		2007	7	8	0	0	0	0				20181108191338
713	07/08/2007		2007	7	8	0	0	0	0				20181108191338
714	07/09/2007		2007	7	9	0	0	0	0				20181108191338
715	07/08/2007		2007	7	8	0	0	0	0				20181108191338
716	03/17/2008		2008	3	17	0	0	0	0				20181108191338
717	12/15/2014		2014	12	15	0	0	0	0				20181108191338
718	05/13/2016		2016	5	13	0	0	0	0				20181108191338
719	08/18/2010		2010	8	18	0	0	0	0				20181108191338
720	07/08/2007		2007	7	8	0	0	0	0				20181108191338
721	05/03/2011		2011	5	3	0	0	0	0				20181108191338
723	04/11/2013		2013	4	11	0	0	0	0				20181108191338
724	06/20/2016		2016	6	20	0	0	0	0				20181108191338
725	10/30/2007		2007	10	30	0	0	0	0				20181108191338
726	06/12/2017		2017	6	12	0	0	0	0				20181108191338
727	07/06/2017		2017	7	6	0	0	0	0				20181108191338
728	07/31/2017		2017	7	31	0	0	0	0				20181108191338
729	09/20/2011		2011	9	20	0	0	0	0				20181108191338
730	06/19/2012		2012	6	19	0	0	0	0				20181108191338
731	05/11/2016		2016	5	11	0	0	0	0				20181108191338
732	09/15/2008		2008	9	15	0	0	0	0				20181108191338
733	08/02/2018		2018	8	2	0	0	0	0				20181108191338
734	06/19/2013		2013	6	19	0	0	0	0				20181108191338
735	02/09/2012		2012	2	9	0	0	0	0				20181108191338
736	03/22/2009		2009	3	22	0	0	0	0				20181108191338
737	12/06/2007		2007	12	6	0	0	0	0				20181108191338
738	09/06/2017		2017	9	6	0	0	0	0				20181108191338
739	07/08/2007		2007	7	8	0	0	0	0				20181108191338
740	12/05/2014		2014	12	5	0	0	0	0				20181108191338
741	08/29/2014		2014	8	29	0	0	0	0				20181108191338
742	01/10/2014		2014	1	10	0	0	0	0				20181108191338
743	07/25/2016		2016	7	25	0	0	0	0				20181108191338
744	07/29/2015		2015	7	29	0	0	0	0				20181108191338
745	07/08/2007		2007	7	8	0	0	0	0				20181108191338
746	10/19/2010		2010	10	19	0	0	0	0				20181108191338
747	06/01/2016		2016	6	1	0	0	0	0				20181108191338
748	02/23/2011		2011	2	23	0	0	0	0				20181108191338
749	11/09/2007		2007	11	9	0	0	0	0				20181108191338
750	07/08/2007		2007	7	8	0	0	0	0				20181108191338
751	08/27/2016		2016	8	27	0	0	0	0				20181108191338
753	03/24/2015		2015	3	24	0	0	0	0				20181108191338
754	07/08/2007		2007	7	8	0	0	0	0				20181108191338
756	07/08/2007		2007	7	8	0	0	0	0				20181108191338
757	04/29/2008		2008	4	29	0	0	0	0				20181108191338
758	07/17/2015		2015	7	17	0	0	0	0				20181108191338
759	07/18/2013		2013	7	18	0	0	0	0				20181108191338
760	07/09/2007		2007	7	9	0	0	0	0				20181108191338
761	01/25/2013		2013	1	25	0	0	0	0				20181108191338
762	07/09/2007		2007	7	9	0	0	0	0				20181108191338
763	07/08/2007		2007	7	8	0	0	0	0				20181108191338
764	01/20/2017		2017	1	20	0	0	0	0				20181108191338
765	07/08/2007		2007	7	8	0	0	0	0				20181108191338
766	11/21/2013		2013	11	21	0	0	0	0				20181108191338
767	12/10/2015		2015	12	10	0	0	0	0				20181108191338
768	03/21/2011		2011	3	21	0	0	0	0				20181108191338
769	07/03/2014		2014	7	3	0	0	0	0				20181108191338
770	03/12/2008		2008	3	12	0	0	0	0				20181108191338
771	01/28/2011		2011	1	28	0	0	0	0				20181108191338
773	07/08/2007		2007	7	8	0	0	0	0				20181108191338
775	07/08/2007		2007	7	8	0	0	0	0				20181108191338
776	07/08/2007		2007	7	8	0	0	0	0				20181108191338
777	04/26/2016		2016	4	26	0	0	0	0				20181108191338
778	07/08/2007		2007	7	8	0	0	0	0				20181108191338
779	07/09/2007		2007	7	9	0	0	0	0				20181108191338
780	12/14/2016		2016	12	14	0	0	0	0				20181108191338
781	10/29/2009		2009	10	29	0	0	0	0				20181108191338
782	07/08/2007		2007	7	8	0	0	0	0				20181108191338
783	02/04/2009		2009	2	4	0	0	0	0				20181108191338
784	01/14/2008		2008	1	14	0	0	0	0				20181108191338
785	07/08/2007		2007	7	8	0	0	0	0				20181108191338
786	07/09/2007		2007	7	9	0	0	0	0				20181108191338
787	03/17/2018		2018	3	17	0	0	0	0				20181108191338
788	09/06/2011		2011	9	6	0	0	0	0				20181108191338
789	03/24/2008		2008	3	24	0	0	0	0				20181108191338
790	04/20/2011		2011	4	20	0	0	0	0				20181108191338
791	05/08/2018		2018	5	8	0	0	0	0				20181108191338
792	07/08/2007		2007	7	8	0	0	0	0				20181108191338
793	07/08/2007		2007	7	8	0	0	0	0				20181108191338
794	08/17/2015		2015	8	17	0	0	0	0				20181108191338
795	09/28/2015		2015	9	28	0	0	0	0				20181108191338
796	04/04/2016		2016	4	4	0	0	0	0				20181108191338
797	03/22/2010		2010	3	22	0	0	0	0				20181108191338
798	07/08/2007		2007	7	8	0	0	0	0				20181108191338
799	03/28/2018		2018	3	28	0	0	0	0				20181108191338
800	02/24/2011		2011	2	24	0	0	0	0				20181108191338
801	05/06/2011		2011	5	6	0	0	0	0				20181108191338
802	07/08/2007		2007	7	8	0	0	0	0				20181108191338
803	04/20/2008		2008	4	20	0	0	0	0				20181108191338
804	07/08/2007		2007	7	8	0	0	0	0				20181108191338
805	09/20/2017		2017	9	20	0	0	0	0				20181108191338
806	01/14/2016		2016	1	14	0	0	0	0				20181108191338
807	12/19/2017		2017	12	19	0	0	0	0				20181108191338
808	08/15/2007		2007	8	15	0	0	0	0				20181108191338
810	11/19/2014		2014	11	19	0	0	0	0				20181108191338
811	05/04/2009		2009	5	4	0	0	0	0				20181108191338
812	12/17/2009		2009	12	17	0	0	0	0				20181108191338
813	03/13/2018		2018	3	13	0	0	0	0				20181108191338
814	01/29/2009		2009	1	29	0	0	0	0				20181108191338
815	10/14/2015		2015	10	14	0	0	0	0				20181108191338
816	11/29/2011		2011	11	29	0	0	0	0				20181108191338
817	07/09/2007		2007	7	9	0	0	0	0				20181108191338
818	07/12/2007		2007	7	12	0	0	0	0				20181108191338
819	03/26/2018		2018	3	26	0	0	0	0				20181108191338
820	02/02/2018		2018	2	2	0	0	0	0				20181108191338
821	07/08/2007		2007	7	8	0	0	0	0				20181108191338
822	09/11/2015		2015	9	11	0	0	0	0				20181108191338
823	02/14/2011		2011	2	14	0	0	0	0				20181108191338
824	03/02/2017		2017	3	2	0	0	0	0				20181108191338
825	05/06/2009		2009	5	6	0	0	0	0				20181108191338
826	08/03/2010		2010	8	3	0	0	0	0				20181108191338
827	06/30/2010		2010	6	30	0	0	0	0				20181108191338
828	06/29/2010		2010	6	29	0	0	0	0				20181108191338
829	06/23/2010		2010	6	23	0	0	0	0				20181108191338
830	09/15/2015		2015	9	15	0	0	0	0				20181108191338
831	09/03/2015		2015	9	3	0	0	0	0				20181108191338
832	07/09/2007		2007	7	9	0	0	0	0				20181108191338
833	04/09/2014		2014	4	9	0	0	0	0				20181108191338
834	07/08/2007		2007	7	8	0	0	0	0				20181108191338
835	12/27/2017		2017	12	27	0	0	0	0				20181108191338
836	07/08/2007		2007	7	8	0	0	0	0				20181108191338
838	12/17/2013		2013	12	17	0	0	0	0				20181108191338
839	07/25/2007		2007	7	25	0	0	0	0				20181108191338
840	02/03/2015		2015	2	3	0	0	0	0				20181108191338
841	02/19/2009		2009	2	19	0	0	0	0				20181108191338
843	06/21/2016		2016	6	21	0	0	0	0				20181108191338
844	07/08/2007		2007	7	8	0	0	0	0				20181108191338
845	05/08/2012		2012	5	8	0	0	0	0				20181108191338
846	12/03/2007		2007	12	3	0	0	0	0				20181108191338
847	02/26/2015		2015	2	26	0	0	0	0				20181108191338
848	02/24/2011		2011	2	24	0	0	0	0				20181108191338
849	07/08/2008		2008	7	8	0	0	0	0				20181108191338
850	06/01/2009		2009	6	1	0	0	0	0				20181108191338
851	05/05/2016		2016	5	5	0	0	0	0				20181108191338
852	04/30/2018		2018	4	30	0	0	0	0				20181108191338
853	01/31/2008		2008	1	31	0	0	0	0				20181108191338
854	02/03/2011		2011	2	3	0	0	0	0				20181108191338
855	05/13/2014		2014	5	13	0	0	0	0				20181108191338
856	03/25/2011		2011	3	25	0	0	0	0				20181108191338
857	07/08/2007		2007	7	8	0	0	0	0				20181108191338
858	07/09/2007		2007	7	9	0	0	0	0				20181108191338
859	04/17/2013		2013	4	17	0	0	0	0				20181108191338
861	08/23/2016		2016	8	23	0	0	0	0				20181108191338
862	06/01/2010		2010	6	1	0	0	0	0				20181108191338
863	07/08/2007		2007	7	8	0	0	0	0				20181108191338
864	06/25/2015		2015	6	25	0	0	0	0				20181108191338
865	08/09/2011		2011	8	9	0	0	0	0				20181108191338
866	02/11/2014		2014	2	11	0	0	0	0				20181108191338
867	01/09/2017		2017	1	9	0	0	0	0				20181108191338
868	04/13/2018		2018	4	13	0	0	0	0				20181108191338
869	07/08/2007		2007	7	8	0	0	0	0				20181108191338
870	02/11/2009		2009	2	11	0	0	0	0				20181108191338
871	08/23/2010		2010	8	23	0	0	0	0				20181108191338
872	08/09/2011		2011	8	9	0	0	0	0				20181108191338
873	07/31/2015		2015	7	31	0	0	0	0				20181108191338
874	07/08/2007		2007	7	8	0	0	0	0				20181108191338
875	07/06/2011		2011	7	6	0	0	0	0				20181108191338
876	09/27/2012		2012	9	27	0	0	0	0				20181108191338
877	07/08/2007		2007	7	8	0	0	0	0				20181108191338
878	02/29/2016		2016	2	29	0	0	0	0				20181108191338
879	04/06/2018		2018	4	6	0	0	0	0				20181108191338
880	10/06/2014		2014	10	6	0	0	0	0				20181108191338
881	12/17/2012		2012	12	17	0	0	0	0				20181108191338
882	07/08/2007		2007	7	8	0	0	0	0				20181108191338
883	05/17/2012		2012	5	17	0	0	0	0				20181108191338
884	12/23/2009		2009	12	23	0	0	0	0				20181108191338
885	09/23/2016		2016	9	23	0	0	0	0				20181108191338
886	02/05/2014		2014	2	5	0	0	0	0				20181108191338
887	10/27/2014		2014	10	27	0	0	0	0				20181108191338
888	07/08/2007		2007	7	8	0	0	0	0				20181108191338
889	06/24/2010		2010	6	24	0	0	0	0				20181108191338
890	07/08/2007		2007	7	8	0	0	0	0				20181108191338
891	07/08/2007		2007	7	8	0	0	0	0				20181108191338
892	07/22/2011		2011	7	22	0	0	0	0				20181108191338
893	11/12/2007		2007	11	12	0	0	0	0				20181108191338
894	07/09/2007		2007	7	9	0	0	0	0				20181108191338
895	06/14/2013		2013	6	14	0	0	0	0				20181108191338
896	07/08/2007		2007	7	8	0	0	0	0				20181108191338
897	10/23/2012		2012	10	23	0	0	0	0				20181108191338
898	07/08/2007		2007	7	8	0	0	0	0				20181108191338
899	01/28/2009		2009	1	28	0	0	0	0				20181108191338
900	07/08/2007		2007	7	8	0	0	0	0				20181108191338
901	07/08/2007		2007	7	8	0	0	0	0				20181108191338
902	11/09/2016		2016	11	9	0	0	0	0				20181108191338
903	11/01/2012		2012	11	1	0	0	0	0				20181108191338
904	06/13/2011		2011	6	13	0	0	0	0				20181108191338
905	03/12/2013		2013	3	12	0	0	0	0				20181108191338
906	07/08/2007		2007	7	8	0	0	0	0				20181108191338
907	06/12/2017		2017	6	12	0	0	0	0				20181108191338
908	02/28/2008		2008	2	28	0	0	0	0				20181108191338
909	04/11/2013		2013	4	11	0	0	0	0				20181108191338
910	10/17/2016		2016	10	17	0	0	0	0				20181108191338
911	08/12/2013		2013	8	12	0	0	0	0				20181108191338
913	11/07/2013		2013	11	7	0	0	0	0				20181108191338
914	04/11/2012		2012	4	11	0	0	0	0				20181108191338
915	02/01/2017		2017	2	1	0	0	0	0				20181108191338
916	11/19/2007		2007	11	19	0	0	0	0				20181108191338
917	12/18/2012		2012	12	18	0	0	0	0				20181108191338
918	01/15/2018		2018	1	15	0	0	0	0				20181108191338
919	08/31/2015		2015	8	31	0	0	0	0				20181108191338
920	04/24/2008		2008	4	24	0	0	0	0				20181108191338
922	05/25/2018		2018	5	25	0	0	0	0				20181108191338
923	05/22/2008		2008	5	22	0	0	0	0				20181108191338
924	12/31/2014		2014	12	31	0	0	0	0				20181108191338
925	11/16/2007		2007	11	16	0	0	0	0				20181108191338
926	03/25/2015		2015	3	25	0	0	0	0				20181108191338
927	07/08/2007		2007	7	8	0	0	0	0				20181108191338
928	01/23/2008		2008	1	23	0	0	0	0				20181108191338
929	07/08/2007		2007	7	8	0	0	0	0				20181108191338
930	08/05/2010		2010	8	5	0	0	0	0				20181108191338
931	01/21/2014		2014	1	21	0	0	0	0				20181108191338
932	07/08/2007		2007	7	8	0	0	0	0				20181108191338
934	07/09/2007		2007	7	9	0	0	0	0				20181108191338
935	08/14/2013		2013	8	14	0	0	0	0				20181108191338
936	10/04/2007		2007	10	4	0	0	0	0				20181108191338
937	07/08/2007		2007	7	8	0	0	0	0				20181108191338
938	05/25/2011		2011	5	25	0	0	0	0				20181108191338
939	04/05/2016		2016	4	5	0	0	0	0				20181108191338
940	09/24/2012		2012	9	24	0	0	0	0				20181108191338
941	02/19/2015		2015	2	19	0	0	0	0				20181108191338
942	12/07/2016		2016	12	7	0	0	0	0				20181108191338
944	12/21/2010		2010	12	21	0	0	0	0				20181108191338
945	07/08/2007		2007	7	8	0	0	0	0				20181108191338
946	07/08/2007		2007	7	8	0	0	0	0				20181108191338
947	07/08/2007		2007	7	8	0	0	0	0				20181108191338
948	06/30/2010		2010	6	30	0	0	0	0				20181108191338
949	07/06/2010		2010	7	6	0	0	0	0				20181108191338
950	04/20/2008		2008	4	20	0	0	0	0				20181108191338
951	07/08/2007		2007	7	8	0	0	0	0				20181108191338
952	09/30/2008		2008	9	30	0	0	0	0				20181108191338
953	12/28/2012		2012	12	28	0	0	0	0				20181108191338
954	07/09/2007		2007	7	9	0	0	0	0				20181108191338
955	04/15/2010		2010	4	15	0	0	0	0				20181108191338
956	04/22/2013		2013	4	22	0	0	0	0				20181108191338
957	06/23/2015		2015	6	23	0	0	0	0				20181108191338
958	09/22/2017		2017	9	22	0	0	0	0				20181108191338
959	03/22/2017		2017	3	22	0	0	0	0				20181108191338
960	07/08/2007		2007	7	8	0	0	0	0				20181108191338
961	07/08/2007		2007	7	8	0	0	0	0				20181108191338
962	07/19/2012		2012	7	19	0	0	0	0				20181108191338
963	04/27/2018		2018	4	27	0	0	0	0				20181108191338
964	05/20/2010		2010	5	20	0	0	0	0				20181108191338
965	10/26/2007		2007	10	26	0	0	0	0				20181108191338
966	04/15/2010		2010	4	15	0	0	0	0				20181108191338
967	04/13/2010		2010	4	13	0	0	0	0				20181108191338
969	06/19/2018		2018	6	19	0	0	0	0				20181108191338
970	12/28/2007		2007	12	28	0	0	0	0				20181108191338
971	06/08/2009		2009	6	8	0	0	0	0				20181108191338
972	06/02/2010		2010	6	2	0	0	0	0				20181108191338
974	03/21/2008		2008	3	21	0	0	0	0				20181108191338
975	07/08/2007		2007	7	8	0	0	0	0				20181108191338
976	03/25/2013		2013	3	25	0	0	0	0				20181108191338
978	09/10/2017		2017	9	10	0	0	0	0				20181108191338
979	07/08/2007		2007	7	8	0	0	0	0				20181108191338
980	07/27/2011		2011	7	27	0	0	0	0				20181108191338
981	04/05/2017		2017	4	5	0	0	0	0				20181108191339
982	06/24/2010		2010	6	24	0	0	0	0				20181108191339
983	11/19/2007		2007	11	19	0	0	0	0				20181108191339
984	07/31/2015		2015	7	31	0	0	0	0				20181108191339
985	11/05/2010		2010	11	5	0	0	0	0				20181108191339
986	10/04/2011		2011	10	4	0	0	0	0				20181108191339
987	07/08/2007		2007	7	8	0	0	0	0				20181108191339
988	07/16/2007		2007	7	16	0	0	0	0				20181108191339
989	03/11/2008		2008	3	11	0	0	0	0				20181108191339
990	06/29/2017		2017	6	29	0	0	0	0				20181108191339
991	08/01/2012		2012	8	1	0	0	0	0				20181108191339
992	07/24/2007		2007	7	24	0	0	0	0				20181108191339
993	07/08/2007		2007	7	8	0	0	0	0				20181108191339
994	11/24/2008		2008	11	24	0	0	0	0				20181108191339
995	04/23/2008		2008	4	23	0	0	0	0				20181108191339
996	01/12/2011		2011	1	12	0	0	0	0				20181108191339
997	06/21/2010		2010	6	21	0	0	0	0				20181108191339
998	07/08/2007		2007	7	8	0	0	0	0				20181108191339
999	04/29/2010		2010	4	29	0	0	0	0				20181108191339
1001	01/19/2011		2011	1	19	0	0	0	0				20181108191339
1002	09/15/2015		2015	9	15	0	0	0	0				20181108191339
1003	09/24/2010		2010	9	24	0	0	0	0				20181108191339
1004	05/21/2012		2012	5	21	0	0	0	0				20181108191339
1005	04/07/2015		2015	4	7	0	0	0	0				20181108191339
1006	01/11/2008		2008	1	11	0	0	0	0				20181108191339
1007	09/29/2016		2016	9	29	0	0	0	0				20181108191339
1008	02/11/2010		2010	2	11	0	0	0	0				20181108191339
1009	07/08/2007		2007	7	8	0	0	0	0				20181108191339
1010	11/26/2007		2007	11	26	0	0	0	0				20181108191339
1011	06/07/2017		2017	6	7	0	0	0	0				20181108191339
1012	08/19/2010		2010	8	19	0	0	0	0				20181108191339
1013	04/18/2008		2008	4	18	0	0	0	0				20181108191339
1014	03/22/2013		2013	3	22	0	0	0	0				20181108191339
1015	09/05/2007		2007	9	5	0	0	0	0				20181108191339
1016	11/19/2009		2009	11	19	0	0	0	0				20181108191339
1017	08/28/2012		2012	8	28	0	0	0	0				20181108191339
1018	07/08/2007		2007	7	8	0	0	0	0				20181108191339
1019	05/12/2015		2015	5	12	0	0	0	0				20181108191339
1020	07/08/2007		2007	7	8	0	0	0	0				20181108191339
1021	07/09/2007		2007	7	9	0	0	0	0				20181108191339
1022	07/08/2007		2007	7	8	0	0	0	0				20181108191339
1024	07/24/2014		2014	7	24	0	0	0	0				20181108191339
1025	12/03/2007		2007	12	3	0	0	0	0				20181108191339
1026	09/30/2014		2014	9	30	0	0	0	0				20181108191339
1027	09/30/2015		2015	9	30	0	0	0	0				20181108191339
1028	01/12/2015		2015	1	12	0	0	0	0				20181108191339
1029	06/15/2018		2018	6	15	0	0	0	0				20181108191339
1030	07/16/2010		2010	7	16	0	0	0	0				20181108191339
1031	05/20/2010		2010	5	20	0	0	0	0				20181108191339
1032	04/05/2013		2013	4	5	0	0	0	0				20181108191339
1034	10/18/2012		2012	10	18	0	0	0	0				20181108191339
1036	07/08/2007		2007	7	8	0	0	0	0				20181108191339
1037	10/16/2012		2012	10	16	0	0	0	0				20181108191339
1038	07/16/2010		2010	7	16	0	0	0	0				20181108191339
1039	07/08/2007		2007	7	8	0	0	0	0				20181108191339
1040	07/08/2007		2007	7	8	0	0	0	0				20181108191339
1041	07/20/2017		2017	7	20	0	0	0	0				20181108191339
1042	05/01/2012		2012	5	1	0	0	0	0				20181108191339
1043	03/13/2018		2018	3	13	0	0	0	0				20181108191339
1044	03/28/2014		2014	3	28	0	0	0	0				20181108191339
1045	04/02/2009		2009	4	2	0	0	0	0				20181108191339
1046	07/10/2017		2017	7	10	0	0	0	0				20181108191339
1047	07/08/2007		2007	7	8	0	0	0	0				20181108191339
1048	10/25/2013		2013	10	25	0	0	0	0				20181108191339
1049	09/02/2015		2015	9	2	0	0	0	0				20181108191339
1050	05/21/2012		2012	5	21	0	0	0	0				20181108191339
1051	07/09/2007		2007	7	9	0	0	0	0				20181108191339
1052	07/22/2009		2009	7	22	0	0	0	0				20181108191339
1053	06/10/2011		2011	6	10	0	0	0	0				20181108191339
1054	08/21/2008		2008	8	21	0	0	0	0				20181108191339
1056	07/08/2007		2007	7	8	0	0	0	0				20181108191339
1057	07/08/2007		2007	7	8	0	0	0	0				20181108191339
1058	07/08/2007		2007	7	8	0	0	0	0				20181108191339
1059	07/09/2015		2015	7	9	0	0	0	0				20181108191339
1060	05/24/2012		2012	5	24	0	0	0	0				20181108191339
1061	02/16/2012		2012	2	16	0	0	0	0				20181108191339
1062	02/14/2012		2012	2	14	0	0	0	0				20181108191339
1063	02/11/2011		2011	2	11	0	0	0	0				20181108191339
1064	07/08/2007		2007	7	8	0	0	0	0				20181108191339
1065	02/08/2018		2018	2	8	0	0	0	0				20181108191339
1066	01/25/2013		2013	1	25	0	0	0	0				20181108191339
1067	07/08/2007		2007	7	8	0	0	0	0				20181108191339
1068	07/08/2007		2007	7	8	0	0	0	0				20181108191339
1069	01/28/2013		2013	1	28	0	0	0	0				20181108191339
1070	06/03/2008		2008	6	3	0	0	0	0				20181108191339
1072	11/19/2009		2009	11	19	0	0	0	0				20181108191339
1073	06/15/2015		2015	6	15	0	0	0	0				20181108191339
1074	07/09/2007		2007	7	9	0	0	0	0				20181108191339
1075	08/19/2008		2008	8	19	0	0	0	0				20181108191339
1076	12/05/2008		2008	12	5	0	0	0	0				20181108191339
1077	02/14/2011		2011	2	14	0	0	0	0				20181108191339
1078	03/16/2015		2015	3	16	0	0	0	0				20181108191339
1079	01/14/2014		2014	1	14	0	0	0	0				20181108191339
1080	08/22/2016		2016	8	22	0	0	0	0				20181108191339
1081	03/17/2018		2018	3	17	0	0	0	0				20181108191339
1082	12/29/2011		2011	12	29	0	0	0	0				20181108191339
1083	12/20/2011		2011	12	20	0	0	0	0				20181108191339
1084	07/08/2007		2007	7	8	0	0	0	0				20181108191339
1085	01/10/2015		2015	1	10	0	0	0	0				20181108191339
1086	09/11/2018		2018	9	11	0	0	0	0				20181108191339
1087	07/09/2007		2007	7	9	0	0	0	0				20181108191339
1088	03/30/2016		2016	3	30	0	0	0	0				20181108191339
1089	07/08/2007		2007	7	8	0	0	0	0				20181108191339
1090	10/31/2011		2011	10	31	0	0	0	0				20181108191339
1092	07/13/2007		2007	7	13	0	0	0	0				20181108191339
1093	12/14/2016		2016	12	14	0	0	0	0				20181108191339
1094	03/30/2012		2012	3	30	0	0	0	0				20181108191339
1095	01/23/2013		2013	1	23	0	0	0	0				20181108191339
1096	01/20/2016		2016	1	20	0	0	0	0				20181108191339
1097	11/02/2010		2010	11	2	0	0	0	0				20181108191339
1098	05/26/2011		2011	5	26	0	0	0	0				20181108191339
1099	06/25/2018		2018	6	25	0	0	0	0				20181108191339
1100	12/28/2016		2016	12	28	0	0	0	0				20181108191339
1101	03/17/2011		2011	3	17	0	0	0	0				20181108191339
1102	11/03/2015		2015	11	3	0	0	0	0				20181108191339
1103	02/08/2008		2008	2	8	0	0	0	0				20181108191339
1104	07/08/2007		2007	7	8	0	0	0	0				20181108191339
1105	07/08/2007		2007	7	8	0	0	0	0				20181108191339
1106	08/14/2013		2013	8	14	0	0	0	0				20181108191339
1107	11/13/2007		2007	11	13	0	0	0	0				20181108191339
1108	04/11/2013		2013	4	11	0	0	0	0				20181108191339
1109	12/28/2007		2007	12	28	0	0	0	0				20181108191339
1110	12/06/2016		2016	12	6	0	0	0	0				20181108191339
1111	03/04/2009		2009	3	4	0	0	0	0				20181108191339
1112	07/19/2013		2013	7	19	0	0	0	0				20181108191339
1113	03/03/2010		2010	3	3	0	0	0	0				20181108191339
1114	07/09/2007		2007	7	9	0	0	0	0				20181108191339
1115	02/03/2011		2011	2	3	0	0	0	0				20181108191339
1116	01/04/2012		2012	1	4	0	0	0	0				20181108191339
1117	04/10/2013		2013	4	10	0	0	0	0				20181108191339
1118	06/19/2012		2012	6	19	0	0	0	0				20181108191339
1119	12/14/2010		2010	12	14	0	0	0	0				20181108191339
1120	12/13/2017		2017	12	13	0	0	0	0				20181108191339
1121	07/08/2015		2015	7	8	0	0	0	0				20181108191339
1122	07/03/2018		2018	7	3	0	0	0	0				20181108191339
1123	12/05/2012		2012	12	5	0	0	0	0				20181108191339
1125	10/29/2010		2010	10	29	0	0	0	0				20181108191339
1126	01/08/2015		2015	1	8	0	0	0	0				20181108191339
1127	03/05/2018		2018	3	5	0	0	0	0				20181108191339
1128	05/06/2008		2008	5	6	0	0	0	0				20181108191339
1129	05/27/2009		2009	5	27	0	0	0	0				20181108191339
1130	07/08/2007		2007	7	8	0	0	0	0				20181108191339
1131	12/03/2015		2015	12	3	0	0	0	0				20181108191339
1132	01/03/2017		2017	1	3	0	0	0	0				20181108191339
1133	11/07/2007		2007	11	7	0	0	0	0				20181108191339
1134	09/17/2018		2018	9	17	0	0	0	0				20181108191339
1135	05/15/2014		2014	5	15	0	0	0	0				20181108191339
1136	09/27/2012		2012	9	27	0	0	0	0				20181108191339
1137	03/16/2017		2017	3	16	0	0	0	0				20181108191339
1138	06/06/2018		2018	6	6	0	0	0	0				20181108191339
1139	11/13/2007		2007	11	13	0	0	0	0				20181108191339
1140	05/16/2018		2018	5	16	0	0	0	0				20181108191339
1141	06/21/2013		2013	6	21	0	0	0	0				20181108191339
1142	03/17/2018		2018	3	17	0	0	0	0				20181108191339
1143	07/08/2007		2007	7	8	0	0	0	0				20181108191339
1144	08/01/2014		2014	8	1	0	0	0	0				20181108191339
1147	07/08/2007		2007	7	8	0	0	0	0				20181108191339
1148	02/09/2012		2012	2	9	0	0	0	0				20181108191339
1149	11/15/2016		2016	11	15	0	0	0	0				20181108191339
1150	07/08/2007		2007	7	8	0	0	0	0				20181108191339
1151	04/17/2009		2009	4	17	0	0	0	0				20181108191339
1152	02/23/2010		2010	2	23	0	0	0	0				20181108191339
1153	07/09/2007		2007	7	9	0	0	0	0				20181108191339
1154	05/21/2008		2008	5	21	0	0	0	0				20181108191339
1155	07/08/2007		2007	7	8	0	0	0	0				20181108191339
1156	06/03/2015		2015	6	3	0	0	0	0				20181108191339
1158	06/20/2016		2016	6	20	0	0	0	0				20181108191339
1159	08/31/2012		2012	8	31	0	0	0	0				20181108191339
1160	04/14/2010		2010	4	14	0	0	0	0				20181108191339
1161	07/16/2015		2015	7	16	0	0	0	0				20181108191339
1163	07/05/2018		2018	7	5	0	0	0	0				20181108191339
1164	02/18/2010		2010	2	18	0	0	0	0				20181108191339
1165	07/08/2007		2007	7	8	0	0	0	0				20181108191339
1166	12/14/2016		2016	12	14	0	0	0	0				20181108191339
1167	04/04/2018		2018	4	4	0	0	0	0				20181108191339
1168	12/21/2010		2010	12	21	0	0	0	0				20181108191339
1169	11/20/2017		2017	11	20	0	0	0	0				20181108191339
1170	07/16/2010		2010	7	16	0	0	0	0				20181108191339
1171	10/11/2017		2017	10	11	0	0	0	0				20181108191339
1172	03/05/2018		2018	3	5	0	0	0	0				20181108191339
1173	08/01/2018		2018	8	1	0	0	0	0				20181108191339
1174	03/06/2008		2008	3	6	0	0	0	0				20181108191339
1175	07/08/2007		2007	7	8	0	0	0	0				20181108191339
1176	07/03/2008		2008	7	3	0	0	0	0				20181108191339
1177	05/07/2015		2015	5	7	0	0	0	0				20181108191339
1178	07/08/2007		2007	7	8	0	0	0	0				20181108191339
1179	06/02/2015		2015	6	2	0	0	0	0				20181108191339
1180	07/08/2007		2007	7	8	0	0	0	0				20181108191339
1181	07/08/2007		2007	7	8	0	0	0	0				20181108191339
1182	07/17/2008		2008	7	17	0	0	0	0				20181108191339
1183	11/08/2016		2016	11	8	0	0	0	0				20181108191339
1184	11/16/2007		2007	11	16	0	0	0	0				20181108191339
1185	03/12/2008		2008	3	12	0	0	0	0				20181108191339
1186	09/18/2007		2007	9	18	0	0	0	0				20181108191339
1187	04/13/2018		2018	4	13	0	0	0	0				20181108191339
1188	03/17/2018		2018	3	17	0	0	0	0				20181108191339
1189	01/22/2009		2009	1	22	0	0	0	0				20181108191339
1190	07/25/2007		2007	7	25	0	0	0	0				20181108191339
1191	05/15/2014		2014	5	15	0	0	0	0				20181108191339
1192	10/30/2013		2013	10	30	0	0	0	0				20181108191339
1193	07/08/2007		2007	7	8	0	0	0	0				20181108191339
1194	07/08/2007		2007	7	8	0	0	0	0				20181108191339
1195	02/05/2010		2010	2	5	0	0	0	0				20181108191339
1196	07/08/2007		2007	7	8	0	0	0	0				20181108191339
1197	04/01/2018		2018	4	1	0	0	0	0				20181108191339
1198	01/28/2014		2014	1	28	0	0	0	0				20181108191339
1199	03/17/2014		2014	3	17	0	0	0	0				20181108191339
1200	07/09/2007		2007	7	9	0	0	0	0				20181108191339
1201	02/07/2008		2008	2	7	0	0	0	0				20181108191339
1202	07/09/2007		2007	7	9	0	0	0	0				20181108191339
1203	11/07/2007		2007	11	7	0	0	0	0				20181108191339
1204	03/25/2015		2015	3	25	0	0	0	0				20181108191339
1205	05/28/2009		2009	5	28	0	0	0	0				20181108191339
1206	02/23/2010		2010	2	23	0	0	0	0				20181108191339
1207	06/19/2008		2008	6	19	0	0	0	0				20181108191339
1208	08/23/2010		2010	8	23	0	0	0	0				20181108191339
1209	05/13/2016		2016	5	13	0	0	0	0				20181108191339
1210	04/30/2008		2008	4	30	0	0	0	0				20181108191339
1211	07/14/2016		2016	7	14	0	0	0	0				20181108191339
1212	04/06/2011		2011	4	6	0	0	0	0				20181108191339
1213	12/18/2007		2007	12	18	0	0	0	0				20181108191339
1214	07/08/2007		2007	7	8	0	0	0	0				20181108191339
1215	01/31/2017		2017	1	31	0	0	0	0				20181108191339
1216	10/10/2017		2017	10	10	0	0	0	0				20181108191339
1217	06/14/2011		2011	6	14	0	0	0	0				20181108191339
1218	12/28/2017		2017	12	28	0	0	0	0				20181108191339
1219	11/13/2014		2014	11	13	0	0	0	0				20181108191339
1220	07/08/2007		2007	7	8	0	0	0	0				20181108191339
1221	07/25/2013		2013	7	25	0	0	0	0				20181108191339
1222	11/14/2013		2013	11	14	0	0	0	0				20181108191339
1223	07/16/2010		2010	7	16	0	0	0	0				20181108191339
1224	03/04/2008		2008	3	4	0	0	0	0				20181108191339
1225	11/08/2017		2017	11	8	0	0	0	0				20181108191339
1226	01/19/2017		2017	1	19	0	0	0	0				20181108191339
1227	12/29/2016		2016	12	29	0	0	0	0				20181108191339
1228	07/08/2007		2007	7	8	0	0	0	0				20181108191339
1230	02/19/2010		2010	2	19	0	0	0	0				20181108191339
1231	11/23/2016		2016	11	23	0	0	0	0				20181108191339
1232	07/08/2007		2007	7	8	0	0	0	0				20181108191339
1233	09/18/2015		2015	9	18	0	0	0	0				20181108191339
1234	11/21/2013		2013	11	21	0	0	0	0				20181108191339
1235	07/08/2007		2007	7	8	0	0	0	0				20181108191339
1236	06/04/2015		2015	6	4	0	0	0	0				20181108191339
1237	12/15/2011		2011	12	15	0	0	0	0				20181108191339
1238	02/28/2014		2014	2	28	0	0	0	0				20181108191339
1239	06/28/2016		2016	6	28	0	0	0	0				20181108191339
1240	07/16/2010		2010	7	16	0	0	0	0				20181108191339
1241	12/20/2011		2011	12	20	0	0	0	0				20181108191339
1242	11/14/2012		2012	11	14	0	0	0	0				20181108191339
1243	09/13/2016		2016	9	13	0	0	0	0				20181108191339
1245	11/13/2007		2007	11	13	0	0	0	0				20181108191339
1246	05/06/2008		2008	5	6	0	0	0	0				20181108191339
1247	03/28/2014		2014	3	28	0	0	0	0				20181108191339
1248	07/08/2007		2007	7	8	0	0	0	0				20181108191339
1249	06/21/2018		2018	6	21	0	0	0	0				20181108191339
1250	07/08/2013		2013	7	8	0	0	0	0				20181108191339
1251	08/29/2007		2007	8	29	0	0	0	0				20181108191339
1253	11/15/2016		2016	11	15	0	0	0	0				20181108191339
1254	05/09/2011		2011	5	9	0	0	0	0				20181108191339
1255	07/08/2007		2007	7	8	0	0	0	0				20181108191339
1256	07/25/2017		2017	7	25	0	0	0	0				20181108191339
1257	07/09/2007		2007	7	9	0	0	0	0				20181108191339
1258	09/11/2018		2018	9	11	0	0	0	0				20181108191339
1259	08/17/2012		2012	8	17	0	0	0	0				20181108191339
1260	07/08/2007		2007	7	8	0	0	0	0				20181108191339
1262	02/16/2011		2011	2	16	0	0	0	0				20181108191339
1263	07/08/2007		2007	7	8	0	0	0	0				20181108191339
1264	07/08/2007		2007	7	8	0	0	0	0				20181108191339
1265	05/12/2014		2014	5	12	0	0	0	0				20181108191339
1266	08/09/2013		2013	8	9	0	0	0	0				20181108191339
1267	07/08/2007		2007	7	8	0	0	0	0				20181108191339
1268	02/10/2015		2015	2	10	0	0	0	0				20181108191339
1269	09/10/2009		2009	9	10	0	0	0	0				20181108191339
1270	07/08/2007		2007	7	8	0	0	0	0				20181108191339
1271	07/08/2007		2007	7	8	0	0	0	0				20181108191339
1272	06/20/2018		2018	6	20	0	0	0	0				20181108191339
1273	03/28/2011		2011	3	28	0	0	0	0				20181108191339
1274	02/27/2015		2015	2	27	0	0	0	0				20181108191339
1275	12/08/2008		2008	12	8	0	0	0	0				20181108191339
1276	07/08/2007		2007	7	8	0	0	0	0				20181108191339
1277	07/08/2007		2007	7	8	0	0	0	0				20181108191339
1278	05/10/2013		2013	5	10	0	0	0	0				20181108191339
1279	07/08/2007		2007	7	8	0	0	0	0				20181108191339
1280	10/16/2013		2013	10	16	0	0	0	0				20181108191339
1281	03/03/2015		2015	3	3	0	0	0	0				20181108191339
1282	12/02/2013		2013	12	2	0	0	0	0				20181108191339
1283	02/03/2010		2010	2	3	0	0	0	0				20181108191339
1284	06/08/2009		2009	6	8	0	0	0	0				20181108191339
1285	03/06/2008		2008	3	6	0	0	0	0				20181108191339
1286	07/08/2007		2007	7	8	0	0	0	0				20181108191339
1287	07/09/2007		2007	7	9	0	0	0	0				20181108191339
1288	03/15/2016		2016	3	15	0	0	0	0				20181108191339
1289	03/04/2016		2016	3	4	0	0	0	0				20181108191339
1290	08/14/2008		2008	8	14	0	0	0	0				20181108191339
1291	03/03/2014		2014	3	3	0	0	0	0				20181108191339
1292	07/08/2007		2007	7	8	0	0	0	0				20181108191339
1293	10/31/2014		2014	10	31	0	0	0	0				20181108191339
1294	10/05/2016		2016	10	5	0	0	0	0				20181108191339
1295	07/08/2007		2007	7	8	0	0	0	0				20181108191339
1296	04/30/2009		2009	4	30	0	0	0	0				20181108191339
1297	09/24/2014		2014	9	24	0	0	0	0				20181108191339
1298	12/03/2009		2009	12	3	0	0	0	0				20181108191339
1299	06/08/2009		2009	6	8	0	0	0	0				20181108191339
1300	07/08/2007		2007	7	8	0	0	0	0				20181108191339
1301	12/19/2014		2014	12	19	0	0	0	0				20181108191339
1302	09/05/2007		2007	9	5	0	0	0	0				20181108191339
1303	01/22/2018		2018	1	22	0	0	0	0				20181108191339
1304	12/06/2016		2016	12	6	0	0	0	0				20181108191339
1305	07/12/2010		2010	7	12	0	0	0	0				20181108191339
1306	04/02/2008		2008	4	2	0	0	0	0				20181108191339
1307	10/28/2015		2015	10	28	0	0	0	0				20181108191339
1309	07/08/2007		2007	7	8	0	0	0	0				20181108191339
1310	06/10/2010		2010	6	10	0	0	0	0				20181108191339
1311	05/30/2018		2018	5	30	0	0	0	0				20181108191339
1312	04/11/2008		2008	4	11	0	0	0	0				20181108191339
1313	10/22/2013		2013	10	22	0	0	0	0				20181108191339
1314	04/02/2008		2008	4	2	0	0	0	0				20181108191339
1315	07/08/2007		2007	7	8	0	0	0	0				20181108191339
1316	04/09/2008		2008	4	9	0	0	0	0				20181108191339
1317	06/11/2013		2013	6	11	0	0	0	0				20181108191339
1318	10/10/2007		2007	10	10	0	0	0	0				20181108191339
1319	01/28/2014		2014	1	28	0	0	0	0				20181108191339
1320	02/11/2016		2016	2	11	0	0	0	0				20181108191339
1321	01/28/2014		2014	1	28	0	0	0	0				20181108191339
1322	08/22/2013		2013	8	22	0	0	0	0				20181108191339
1324	07/08/2007		2007	7	8	0	0	0	0				20181108191339
1325	12/15/2010		2010	12	15	0	0	0	0				20181108191339
1326	02/05/2015		2015	2	5	0	0	0	0				20181108191339
1327	10/15/2012		2012	10	15	0	0	0	0				20181108191339
1328	03/30/2016		2016	3	30	0	0	0	0				20181108191339
1329	07/08/2007		2007	7	8	0	0	0	0				20181108191339
1330	01/28/2010		2010	1	28	0	0	0	0				20181108191339
1331	08/11/2009		2009	8	11	0	0	0	0				20181108191339
1332	04/28/2010		2010	4	28	0	0	0	0				20181108191339
1333	03/17/2018		2018	3	17	0	0	0	0				20181108191339
1334	08/30/2016		2016	8	30	0	0	0	0				20181108191339
1335	08/11/2015		2015	8	11	0	0	0	0				20181108191339
1336	03/23/2010		2010	3	23	0	0	0	0				20181108191339
1337	07/08/2007		2007	7	8	0	0	0	0				20181108191339
1338	07/08/2007		2007	7	8	0	0	0	0				20181108191339
1339	05/24/2013		2013	5	24	0	0	0	0				20181108191339
1340	08/01/2011		2011	8	1	0	0	0	0				20181108191339
1341	04/06/2018		2018	4	6	0	0	0	0				20181108191339
1342	06/16/2008		2008	6	16	0	0	0	0				20181108191339
1343	07/18/2011		2011	7	18	0	0	0	0				20181108191339
1344	03/11/2008		2008	3	11	0	0	0	0				20181108191339
1345	03/02/2015		2015	3	2	0	0	0	0				20181108191339
1346	10/12/2007		2007	10	12	0	0	0	0				20181108191339
1347	02/18/2009		2009	2	18	0	0	0	0				20181108191339
1348	04/28/2008		2008	4	28	0	0	0	0				20181108191339
1349	11/27/2013		2013	11	27	0	0	0	0				20181108191339
1350	03/27/2008		2008	3	27	0	0	0	0				20181108191339
1351	03/29/2018		2018	3	29	0	0	0	0				20181108191339
1352	07/08/2007		2007	7	8	0	0	0	0				20181108191339
1353	07/08/2007		2007	7	8	0	0	0	0				20181108191339
1354	11/20/2012		2012	11	20	0	0	0	0				20181108191339
1355	01/30/2014		2014	1	30	0	0	0	0				20181108191339
1356	01/14/2008		2008	1	14	0	0	0	0				20181108191339
1357	07/08/2007		2007	7	8	0	0	0	0				20181108191339
1358	07/27/2012		2012	7	27	0	0	0	0				20181108191339
1359	11/17/2008		2008	11	17	0	0	0	0				20181108191339
1360	02/02/2009		2009	2	2	0	0	0	0				20181108191339
1361	12/27/2011		2011	12	27	0	0	0	0				20181108191339
1362	11/01/2012		2012	11	1	0	0	0	0				20181108191339
1363	03/26/2014		2014	3	26	0	0	0	0				20181108191339
1364	12/06/2007		2007	12	6	0	0	0	0				20181108191339
1365	10/30/2014		2014	10	30	0	0	0	0				20181108191339
1366	12/10/2014		2014	12	10	0	0	0	0				20181108191339
1367	03/12/2013		2013	3	12	0	0	0	0				20181108191339
1368	05/29/2008		2008	5	29	0	0	0	0				20181108191339
1369	10/22/2010		2010	10	22	0	0	0	0				20181108191339
1370	07/08/2007		2007	7	8	0	0	0	0				20181108191339
1371	07/08/2010		2010	7	8	0	0	0	0				20181108191339
1372	10/02/2017		2017	10	2	0	0	0	0				20181108191339
1373	08/18/2009		2009	8	18	0	0	0	0				20181108191340
1374	02/05/2014		2014	2	5	0	0	0	0				20181108191340
1375	02/05/2013		2013	2	5	0	0	0	0				20181108191340
1376	07/08/2007		2007	7	8	0	0	0	0				20181108191340
1377	08/07/2015		2015	8	7	0	0	0	0				20181108191340
1378	07/08/2007		2007	7	8	0	0	0	0				20181108191340
1379	09/08/2017		2017	9	8	0	0	0	0				20181108191340
1380	01/03/2008		2008	1	3	0	0	0	0				20181108191340
1381	02/18/2015		2015	2	18	0	0	0	0				20181108191340
1382	12/17/2007		2007	12	17	0	0	0	0				20181108191340
1383	03/21/2013		2013	3	21	0	0	0	0				20181108191340
1384	04/20/2008		2008	4	20	0	0	0	0				20181108191340
1385	09/09/2011		2011	9	9	0	0	0	0				20181108191340
1386	06/05/2008		2008	6	5	0	0	0	0				20181108191340
1387	11/25/2013		2013	11	25	0	0	0	0				20181108191340
1388	07/08/2007		2007	7	8	0	0	0	0				20181108191340
1389	02/13/2008		2008	2	13	0	0	0	0				20181108191340
1390	04/23/2018		2018	4	23	0	0	0	0				20181108191340
1391	09/30/2012		2012	9	30	0	0	0	0				20181108191340
1392	11/08/2007		2007	11	8	0	0	0	0				20181108191340
1393	05/10/2011		2011	5	10	0	0	0	0				20181108191340
1394	07/08/2007		2007	7	8	0	0	0	0				20181108191340
1395	01/14/2011		2011	1	14	0	0	0	0				20181108191340
1396	07/08/2007		2007	7	8	0	0	0	0				20181108191340
1397	04/30/2012		2012	4	30	0	0	0	0				20181108191340
1398	07/08/2007		2007	7	8	0	0	0	0				20181108191340
1399	07/08/2007		2007	7	8	0	0	0	0				20181108191340
1400	07/08/2007		2007	7	8	0	0	0	0				20181108191340
1401	07/08/2007		2007	7	8	0	0	0	0				20181108191340
1402	08/18/2014		2014	8	18	0	0	0	0				20181108191340
1403	06/25/2012		2012	6	25	0	0	0	0				20181108191340
1404	12/29/2010		2010	12	29	0	0	0	0				20181108191340
1405	11/13/2014		2014	11	13	0	0	0	0				20181108191340
1406	04/10/2012		2012	4	10	0	0	0	0				20181108191340
1407	07/08/2007		2007	7	8	0	0	0	0				20181108191340
1408	01/06/2015		2015	1	6	0	0	0	0				20181108191340
1409	03/21/2018		2018	3	21	0	0	0	0				20181108191340
1410	12/17/2007		2007	12	17	0	0	0	0				20181108191340
1411	10/30/2013		2013	10	30	0	0	0	0				20181108191340
1412	05/15/2008		2008	5	15	0	0	0	0				20181108191340
1413	11/08/2016		2016	11	8	0	0	0	0				20181108191340
1414	01/27/2015		2015	1	27	0	0	0	0				20181108191340
1415	11/11/2016		2016	11	11	0	0	0	0				20181108191340
1416	11/11/2016		2016	11	11	0	0	0	0				20181108191340
1417	07/08/2007		2007	7	8	0	0	0	0				20181108191340
1418	07/08/2007		2007	7	8	0	0	0	0				20181108191340
1419	07/08/2007		2007	7	8	0	0	0	0				20181108191340
1420	02/01/2013		2013	2	1	0	0	0	0				20181108191340
1421	10/01/2009		2009	10	1	0	0	0	0				20181108191340
1423	08/30/2018		2018	8	30	0	0	0	0				20181108191340
1424	07/08/2007		2007	7	8	0	0	0	0				20181108191340
1425	05/19/2016		2016	5	19	0	0	0	0				20181108191340
1426	07/08/2007		2007	7	8	0	0	0	0				20181108191340
1427	04/09/2012		2012	4	9	0	0	0	0				20181108191340
1428	07/08/2007		2007	7	8	0	0	0	0				20181108191340
1429	09/24/2008		2008	9	24	0	0	0	0				20181108191340
1430	01/31/2016		2016	1	31	0	0	0	0				20181108191340
1431	09/14/2011		2011	9	14	0	0	0	0				20181108191340
1432	01/23/2009		2009	1	23	0	0	0	0				20181108191340
1433	08/05/2009		2009	8	5	0	0	0	0				20181108191340
1434	02/06/2008		2008	2	6	0	0	0	0				20181108191340
1435	01/23/2008		2008	1	23	0	0	0	0				20181108191340
1436	11/02/2012		2012	11	2	0	0	0	0				20181108191340
1437	11/29/2017		2017	11	29	0	0	0	0				20181108191340
1439	09/03/2008		2008	9	3	0	0	0	0				20181108191340
1440	12/12/2008		2008	12	12	0	0	0	0				20181108191340
1441	11/20/2009		2009	11	20	0	0	0	0				20181108191340
1442	07/09/2007		2007	7	9	0	0	0	0				20181108191340
1443	07/08/2007		2007	7	8	0	0	0	0				20181108191340
1444	07/09/2007		2007	7	9	0	0	0	0				20181108191340
1445	07/18/2007		2007	7	18	0	0	0	0				20181108191340
1446	07/18/2008		2008	7	18	0	0	0	0				20181108191340
1448	07/24/2018		2018	7	24	0	0	0	0				20181108191340
1449	06/25/2008		2008	6	25	0	0	0	0				20181108191340
1450	08/13/2012		2012	8	13	0	0	0	0				20181108191340
1451	05/17/2010		2010	5	17	0	0	0	0				20181108191340
1452	02/11/2008		2008	2	11	0	0	0	0				20181108191340
1453	03/28/2017		2017	3	28	0	0	0	0				20181108191340
1454	04/02/2014		2014	4	2	0	0	0	0				20181108191340
1455	02/11/2008		2008	2	11	0	0	0	0				20181108191340
1456	09/19/2010		2010	9	19	0	0	0	0				20181108191340
1457	05/17/2017		2017	5	17	0	0	0	0				20181108191340
1458	11/20/2009		2009	11	20	0	0	0	0				20181108191340
1459	12/24/2010		2010	12	24	0	0	0	0				20181108191340
1461	09/29/2016		2016	9	29	0	0	0	0				20181108191340
1462	08/09/2018		2018	8	9	0	0	0	0				20181108191340
1463	10/10/2017		2017	10	10	0	0	0	0				20181108191340
1464	07/09/2007		2007	7	9	0	0	0	0				20181108191340
1465	06/05/2014		2014	6	5	0	0	0	0				20181108191340
1466	09/16/2009		2009	9	16	0	0	0	0				20181108191340
1467	07/08/2007		2007	7	8	0	0	0	0				20181108191340
1468	07/08/2007		2007	7	8	0	0	0	0				20181108191340
1469	11/03/2014		2014	11	3	0	0	0	0				20181108191340
1470	01/09/2012		2012	1	9	0	0	0	0				20181108191340
1471	09/16/2009		2009	9	16	0	0	0	0				20181108191340
1472	09/16/2009		2009	9	16	0	0	0	0				20181108191340
1473	10/17/2014		2014	10	17	0	0	0	0				20181108191340
1474	07/08/2007		2007	7	8	0	0	0	0				20181108191340
1475	01/10/2014		2014	1	10	0	0	0	0				20181108191340
1476	02/03/2014		2014	2	3	0	0	0	0				20181108191340
1477	05/10/2013		2013	5	10	0	0	0	0				20181108191340
1478	06/06/2014		2014	6	6	0	0	0	0				20181108191340
1479	01/12/2009		2009	1	12	0	0	0	0				20181108191340
1480	06/20/2013		2013	6	20	0	0	0	0				20181108191340
1481	07/16/2008		2008	7	16	0	0	0	0				20181108191340
1482	12/31/2013		2013	12	31	0	0	0	0				20181108191340
1483	10/18/2007		2007	10	18	0	0	0	0				20181108191340
1484	04/21/2017		2017	4	21	0	0	0	0				20181108191340
1486	10/11/2017		2017	10	11	0	0	0	0				20181108191340
1487	12/07/2015		2015	12	7	0	0	0	0				20181108191340
1488	10/23/2007		2007	10	23	0	0	0	0				20181108191340
1489	03/31/2008		2008	3	31	0	0	0	0				20181108191340
1490	07/12/2018		2018	7	12	0	0	0	0				20181108191340
1491	11/08/2013		2013	11	8	0	0	0	0				20181108191340
1492	04/06/2011		2011	4	6	0	0	0	0				20181108191340
1493	08/20/2010		2010	8	20	0	0	0	0				20181108191340
1494	09/26/2007		2007	9	26	0	0	0	0				20181108191340
1495	08/19/2011		2011	8	19	0	0	0	0				20181108191340
1497	04/07/2016		2016	4	7	0	0	0	0				20181108191340
1498	11/02/2012		2012	11	2	0	0	0	0				20181108191340
1499	04/20/2018		2018	4	20	0	0	0	0				20181108191340
1500	05/11/2017		2017	5	11	0	0	0	0				20181108191340
1501	10/23/2014		2014	10	23	0	0	0	0				20181108191340
1502	12/06/2007		2007	12	6	0	0	0	0				20181108191340
1503	07/19/2007		2007	7	19	0	0	0	0				20181108191340
1504	07/08/2007		2007	7	8	0	0	0	0				20181108191340
1505	05/08/2015		2015	5	8	0	0	0	0				20181108191340
1506	02/03/2017		2017	2	3	0	0	0	0				20181108191340
1507	07/02/2014		2014	7	2	0	0	0	0				20181108191340
1508	03/07/2011		2011	3	7	0	0	0	0				20181108191340
1509	12/15/2009		2009	12	15	0	0	0	0				20181108191340
1510	07/08/2007		2007	7	8	0	0	0	0				20181108191340
1511	05/16/2008		2008	5	16	0	0	0	0				20181108191340
1512	07/08/2007		2007	7	8	0	0	0	0				20181108191340
1513	09/02/2010		2010	9	2	0	0	0	0				20181108191340
1514	09/30/2017		2017	9	30	0	0	0	0				20181108191340
1515	07/08/2007		2007	7	8	0	0	0	0				20181108191340
1516	02/12/2016		2016	2	12	0	0	0	0				20181108191340
1517	01/17/2018		2018	1	17	0	0	0	0				20181108191340
1519	03/25/2008		2008	3	25	0	0	0	0				20181108191340
1520	05/26/2011		2011	5	26	0	0	0	0				20181108191340
1521	09/10/2018		2018	9	10	0	0	0	0				20181108191340
1522	09/25/2007		2007	9	25	0	0	0	0				20181108191340
1523	11/15/2016		2016	11	15	0	0	0	0				20181108191340
1524	07/08/2007		2007	7	8	0	0	0	0				20181108191340
1525	07/08/2007		2007	7	8	0	0	0	0				20181108191340
1526	10/29/2010		2010	10	29	0	0	0	0				20181108191340
1527	07/09/2007		2007	7	9	0	0	0	0				20181108191340
1529	09/01/2015		2015	9	1	0	0	0	0				20181108191340
1530	04/16/2015		2015	4	16	0	0	0	0				20181108191340
1531	07/08/2007		2007	7	8	0	0	0	0				20181108191340
1532	01/03/2008		2008	1	3	0	0	0	0				20181108191340
1533	01/06/2015		2015	1	6	0	0	0	0				20181108191340
1534	09/05/2007		2007	9	5	0	0	0	0				20181108191340
1535	11/29/2011		2011	11	29	0	0	0	0				20181108191340
1536	04/14/2016		2016	4	14	0	0	0	0				20181108191340
1537	06/23/2011		2011	6	23	0	0	0	0				20181108191340
1538	07/08/2007		2007	7	8	0	0	0	0				20181108191340
1539	01/01/2010		2010	1	1	0	0	0	0				20181108191340
1540	09/16/2008		2008	9	16	0	0	0	0				20181108191340
1541	09/24/2009		2009	9	24	0	0	0	0				20181108191340
1542	04/04/2011		2011	4	4	0	0	0	0				20181108191340
1543	01/31/2017		2017	1	31	0	0	0	0				20181108191340
1544	09/24/2014		2014	9	24	0	0	0	0				20181108191340
1545	01/14/2011		2011	1	14	0	0	0	0				20181108191340
1546	07/12/2007		2007	7	12	0	0	0	0				20181108191340
1547	07/08/2007		2007	7	8	0	0	0	0				20181108191340
1548	07/08/2007		2007	7	8	0	0	0	0				20181108191340
1549	07/08/2007		2007	7	8	0	0	0	0				20181108191340
1550	01/28/2016		2016	1	28	0	0	0	0				20181108191340
1551	01/07/2011		2011	1	7	0	0	0	0				20181108191340
1552	12/29/2009		2009	12	29	0	0	0	0				20181108191340
1553	02/06/2013		2013	2	6	0	0	0	0				20181108191340
1555	06/12/2008		2008	6	12	0	0	0	0				20181108191340
1556	07/08/2007		2007	7	8	0	0	0	0				20181108191340
1557	12/14/2016		2016	12	14	0	0	0	0				20181108191340
1558	06/09/2014		2014	6	9	0	0	0	0				20181108191340
1559	12/06/2007		2007	12	6	0	0	0	0				20181108191340
1560	04/20/2008		2008	4	20	0	0	0	0				20181108191340
1561	12/04/2017		2017	12	4	0	0	0	0				20181108191340
1562	03/17/2014		2014	3	17	0	0	0	0				20181108191340
1563	03/21/2018		2018	3	21	0	0	0	0				20181108191340
1564	07/08/2007		2007	7	8	0	0	0	0				20181108191340
1565	06/21/2011		2011	6	21	0	0	0	0				20181108191340
1566	12/23/2015		2015	12	23	0	0	0	0				20181108191340
1567	07/08/2007		2007	7	8	0	0	0	0				20181108191340
1568	06/12/2008		2008	6	12	0	0	0	0				20181108191340
1569	10/18/2007		2007	10	18	0	0	0	0				20181108191340
1570	06/03/2013		2013	6	3	0	0	0	0				20181108191340
1571	04/03/2008		2008	4	3	0	0	0	0				20181108191340
1572	07/08/2007		2007	7	8	0	0	0	0				20181108191340
1573	07/08/2007		2007	7	8	0	0	0	0				20181108191340
1574	12/29/2011		2011	12	29	0	0	0	0				20181108191340
1575	04/01/2015		2015	4	1	0	0	0	0				20181108191340
1576	05/14/2008		2008	5	14	0	0	0	0				20181108191340
1577	12/10/2007		2007	12	10	0	0	0	0				20181108191340
1578	07/08/2007		2007	7	8	0	0	0	0				20181108191340
1579	11/18/2009		2009	11	18	0	0	0	0				20181108191340
1580	06/20/2013		2013	6	20	0	0	0	0				20181108191340
1581	02/08/2011		2011	2	8	0	0	0	0				20181108191340
1582	06/12/2013		2013	6	12	0	0	0	0				20181108191340
1583	07/08/2007		2007	7	8	0	0	0	0				20181108191340
1584	05/03/2012		2012	5	3	0	0	0	0				20181108191340
1585	11/03/2017		2017	11	3	0	0	0	0				20181108191340
1586	07/09/2007		2007	7	9	0	0	0	0				20181108191340
1587	04/23/2015		2015	4	23	0	0	0	0				20181108191340
1588	07/08/2007		2007	7	8	0	0	0	0				20181108191340
1589	12/04/2013		2013	12	4	0	0	0	0				20181108191340
1590	03/30/2009		2009	3	30	0	0	0	0				20181108191340
1591	07/30/2018		2018	7	30	0	0	0	0				20181108191340
1592	07/08/2007		2007	7	8	0	0	0	0				20181108191340
1593	11/07/2007		2007	11	7	0	0	0	0				20181108191340
1594	07/08/2007		2007	7	8	0	0	0	0				20181108191340
1595	04/02/2014		2014	4	2	0	0	0	0				20181108191340
1596	12/26/2013		2013	12	26	0	0	0	0				20181108191340
1597	08/04/2017		2017	8	4	0	0	0	0				20181108191340
1598	02/25/2008		2008	2	25	0	0	0	0				20181108191340
1599	12/10/2015		2015	12	10	0	0	0	0				20181108191340
1600	06/25/2008		2008	6	25	0	0	0	0				20181108191340
1601	11/19/2007		2007	11	19	0	0	0	0				20181108191340
1602	02/26/2010		2010	2	26	0	0	0	0				20181108191340
1603	07/08/2007		2007	7	8	0	0	0	0				20181108191340
1605	06/05/2013		2013	6	5	0	0	0	0				20181108191340
1606	07/08/2007		2007	7	8	0	0	0	0				20181108191340
1607	11/17/2017		2017	11	17	0	0	0	0				20181108191340
1608	02/11/2010		2010	2	11	0	0	0	0				20181108191340
1609	07/08/2007		2007	7	8	0	0	0	0				20181108191340
1610	01/19/2012		2012	1	19	0	0	0	0				20181108191340
1611	10/11/2007		2007	10	11	0	0	0	0				20181108191340
1612	04/24/2012		2012	4	24	0	0	0	0				20181108191340
1613	06/04/2015		2015	6	4	0	0	0	0				20181108191340
1614	02/19/2008		2008	2	19	0	0	0	0				20181108191340
1615	07/13/2016		2016	7	13	0	0	0	0				20181108191340
1616	10/15/2007		2007	10	15	0	0	0	0				20181108191340
1617	07/08/2007		2007	7	8	0	0	0	0				20181108191340
1618	10/10/2007		2007	10	10	0	0	0	0				20181108191340
1619	10/10/2007		2007	10	10	0	0	0	0				20181108191340
1620	10/08/2010		2010	10	8	0	0	0	0				20181108191340
1621	07/08/2007		2007	7	8	0	0	0	0				20181108191340
1622	06/13/2013		2013	6	13	0	0	0	0				20181108191340
1623	03/16/2011		2011	3	16	0	0	0	0				20181108191340
1624	08/17/2011		2011	8	17	0	0	0	0				20181108191340
1625	01/05/2017		2017	1	5	0	0	0	0				20181108191340
1626	01/12/2015		2015	1	12	0	0	0	0				20181108191340
1627	07/08/2007		2007	7	8	0	0	0	0				20181108191340
1628	07/02/2014		2014	7	2	0	0	0	0				20181108191340
1629	03/07/2011		2011	3	7	0	0	0	0				20181108191340
1630	04/20/2008		2008	4	20	0	0	0	0				20181108191340
1631	05/21/2018		2018	5	21	0	0	0	0				20181108191340
1632	11/09/2010		2010	11	9	0	0	0	0				20181108191340
1633	07/08/2007		2007	7	8	0	0	0	0				20181108191340
1634	08/11/2017		2017	8	11	0	0	0	0				20181108191340
1635	07/23/2015		2015	7	23	0	0	0	0				20181108191340
1636	05/10/2018		2018	5	10	0	0	0	0				20181108191340
1637	07/08/2007		2007	7	8	0	0	0	0				20181108191340
1638	01/13/2009		2009	1	13	0	0	0	0				20181108191340
1639	02/04/2014		2014	2	4	0	0	0	0				20181108191340
1640	07/27/2010		2010	7	27	0	0	0	0				20181108191340
1641	09/13/2012		2012	9	13	0	0	0	0				20181108191340
1642	03/01/2016		2016	3	1	0	0	0	0				20181108191340
1643	03/12/2014		2014	3	12	0	0	0	0				20181108191340
1644	07/07/2010		2010	7	7	0	0	0	0				20181108191340
1645	09/27/2007		2007	9	27	0	0	0	0				20181108191340
1646	10/01/2014		2014	10	1	0	0	0	0				20181108191340
1647	07/08/2007		2007	7	8	0	0	0	0				20181108191340
1648	01/14/2015		2015	1	14	0	0	0	0				20181108191340
1649	09/11/2007		2007	9	11	0	0	0	0				20181108191340
1650	12/22/2011		2011	12	22	0	0	0	0				20181108191340
1651	07/08/2007		2007	7	8	0	0	0	0				20181108191340
1652	06/12/2009		2009	6	12	0	0	0	0				20181108191340
1653	06/25/2009		2009	6	25	0	0	0	0				20181108191340
1654	07/08/2007		2007	7	8	0	0	0	0				20181108191340
1655	07/19/2011		2011	7	19	0	0	0	0				20181108191340
1656	04/03/2013		2013	4	3	0	0	0	0				20181108191340
1657	05/25/2010		2010	5	25	0	0	0	0				20181108191340
1658	04/14/2015		2015	4	14	0	0	0	0				20181108191340
1659	10/29/2008		2008	10	29	0	0	0	0				20181108191340
1660	03/22/2012		2012	3	22	0	0	0	0				20181108191340
1661	07/09/2007		2007	7	9	0	0	0	0				20181108191340
1662	07/09/2007		2007	7	9	0	0	0	0				20181108191340
1663	12/17/2013		2013	12	17	0	0	0	0				20181108191340
1664	02/21/2017		2017	2	21	0	0	0	0				20181108191340
1665	04/29/2016		2016	4	29	0	0	0	0				20181108191340
1666	04/20/2008		2008	4	20	0	0	0	0				20181108191340
1667	07/08/2007		2007	7	8	0	0	0	0				20181108191340
1668	09/14/2012		2012	9	14	0	0	0	0				20181108191340
1669	12/17/2012		2012	12	17	0	0	0	0				20181108191340
1670	09/13/2012		2012	9	13	0	0	0	0				20181108191340
1671	09/18/2007		2007	9	18	0	0	0	0				20181108191340
1672	09/30/2009		2009	9	30	0	0	0	0				20181108191340
1673	03/17/2018		2018	3	17	0	0	0	0				20181108191340
1674	08/29/2016		2016	8	29	0	0	0	0				20181108191340
1675	12/19/2007		2007	12	19	0	0	0	0				20181108191340
1676	11/16/2009		2009	11	16	0	0	0	0				20181108191340
1677	06/17/2015		2015	6	17	0	0	0	0				20181108191340
1678	08/15/2018		2018	8	15	0	0	0	0				20181108191340
1679	05/19/2016		2016	5	19	0	0	0	0				20181108191340
1680	05/09/2008		2008	5	9	0	0	0	0				20181108191340
1681	09/17/2014		2014	9	17	0	0	0	0				20181108191340
1682	05/05/2015		2015	5	5	0	0	0	0				20181108191340
1683	07/08/2007		2007	7	8	0	0	0	0				20181108191340
1684	07/08/2007		2007	7	8	0	0	0	0				20181108191340
1685	06/23/2010		2010	6	23	0	0	0	0				20181108191340
1686	09/28/2010		2010	9	28	0	0	0	0				20181108191340
1687	07/08/2007		2007	7	8	0	0	0	0				20181108191340
1688	07/08/2007		2007	7	8	0	0	0	0				20181108191340
1689	04/14/2015		2015	4	14	0	0	0	0				20181108191340
1690	11/30/2011		2011	11	30	0	0	0	0				20181108191340
1692	07/08/2007		2007	7	8	0	0	0	0				20181108191340
1693	12/21/2015		2015	12	21	0	0	0	0				20181108191340
1694	07/09/2007		2007	7	9	0	0	0	0				20181108191340
1695	01/25/2010		2010	1	25	0	0	0	0				20181108191340
1696	11/05/2012		2012	11	5	0	0	0	0				20181108191340
1697	01/12/2015		2015	1	12	0	0	0	0				20181108191340
1698	10/26/2017		2017	10	26	0	0	0	0				20181108191340
1699	12/04/2013		2013	12	4	0	0	0	0				20181108191340
1700	03/24/2013		2013	3	24	0	0	0	0				20181108191340
1701	08/09/2012		2012	8	9	0	0	0	0				20181108191340
1702	07/30/2012		2012	7	30	0	0	0	0				20181108191340
1703	07/08/2007		2007	7	8	0	0	0	0				20181108191340
1704	12/06/2007		2007	12	6	0	0	0	0				20181108191340
1705	04/17/2013		2013	4	17	0	0	0	0				20181108191340
1706	07/08/2007		2007	7	8	0	0	0	0				20181108191340
1708	04/19/2013		2013	4	19	0	0	0	0				20181108191340
1709	07/20/2010		2010	7	20	0	0	0	0				20181108191340
1710	08/14/2018		2018	8	14	0	0	0	0				20181108191340
1711	09/03/2009		2009	9	3	0	0	0	0				20181108191340
1712	03/06/2009		2009	3	6	0	0	0	0				20181108191340
1713	05/19/2010		2010	5	19	0	0	0	0				20181108191340
1714	08/30/2011		2011	8	30	0	0	0	0				20181108191340
1715	10/22/2009		2009	10	22	0	0	0	0				20181108191340
1716	03/17/2018		2018	3	17	0	0	0	0				20181108191340
1717	09/16/2015		2015	9	16	0	0	0	0				20181108191340
1718	01/13/2015		2015	1	13	0	0	0	0				20181108191340
1719	04/19/2016		2016	4	19	0	0	0	0				20181108191340
1721	04/08/2016		2016	4	8	0	0	0	0				20181108191340
1722	11/16/2007		2007	11	16	0	0	0	0				20181108191340
1723	09/06/2013		2013	9	6	0	0	0	0				20181108191340
1724	07/08/2007		2007	7	8	0	0	0	0				20181108191340
1725	04/20/2008		2008	4	20	0	0	0	0				20181108191340
1726	12/06/2007		2007	12	6	0	0	0	0				20181108191340
1727	09/02/2008		2008	9	2	0	0	0	0				20181108191340
1728	07/08/2007		2007	7	8	0	0	0	0				20181108191340
1729	04/26/2008		2008	4	26	0	0	0	0				20181108191340
1730	06/21/2018		2018	6	21	0	0	0	0				20181108191340
1731	09/05/2017		2017	9	5	0	0	0	0				20181108191340
1732	07/09/2007		2007	7	9	0	0	0	0				20181108191340
1733	07/08/2007		2007	7	8	0	0	0	0				20181108191340
1734	07/08/2007		2007	7	8	0	0	0	0				20181108191340
1735	07/29/2015		2015	7	29	0	0	0	0				20181108191340
1736	11/19/2011		2011	11	19	0	0	0	0				20181108191340
1737	01/08/2008		2008	1	8	0	0	0	0				20181108191340
1738	06/18/2010		2010	6	18	0	0	0	0				20181108191340
1739	11/03/2011		2011	11	3	0	0	0	0				20181108191340
1740	07/08/2007		2007	7	8	0	0	0	0				20181108191340
1741	04/24/2008		2008	4	24	0	0	0	0				20181108191340
1742	07/08/2007		2007	7	8	0	0	0	0				20181108191340
1743	01/07/2014		2014	1	7	0	0	0	0				20181108191340
1744	08/12/2015		2015	8	12	0	0	0	0				20181108191340
1745	10/24/2008		2008	10	24	0	0	0	0				20181108191340
1746	09/17/2009		2009	9	17	0	0	0	0				20181108191340
1747	05/05/2008		2008	5	5	0	0	0	0				20181108191340
1748	07/08/2007		2007	7	8	0	0	0	0				20181108191340
1749	10/05/2012		2012	10	5	0	0	0	0				20181108191341
1750	12/17/2007		2007	12	17	0	0	0	0				20181108191341
1751	12/26/2013		2013	12	26	0	0	0	0				20181108191341
1752	12/27/2011		2011	12	27	0	0	0	0				20181108191341
1753	03/02/2016		2016	3	2	0	0	0	0				20181108191341
1754	06/29/2016		2016	6	29	0	0	0	0				20181108191341
1755	07/08/2007		2007	7	8	0	0	0	0				20181108191341
1756	10/14/2010		2010	10	14	0	0	0	0				20181108191341
1757	01/16/2008		2008	1	16	0	0	0	0				20181108191341
1758	01/31/2017		2017	1	31	0	0	0	0				20181108191341
1759	07/08/2007		2007	7	8	0	0	0	0				20181108191341
1760	02/12/2008		2008	2	12	0	0	0	0				20181108191341
1761	07/12/2010		2010	7	12	0	0	0	0				20181108191341
1762	03/18/2008		2008	3	18	0	0	0	0				20181108191341
1763	08/09/2012		2012	8	9	0	0	0	0				20181108191341
1764	10/05/2012		2012	10	5	0	0	0	0				20181108191341
1765	03/15/2016		2016	3	15	0	0	0	0				20181108191341
1766	12/10/2012		2012	12	10	0	0	0	0				20181108191341
1767	01/12/2015		2015	1	12	0	0	0	0				20181108191341
1768	07/08/2007		2007	7	8	0	0	0	0				20181108191341
1769	05/09/2011		2011	5	9	0	0	0	0				20181108191341
1770	10/15/2011		2011	10	15	0	0	0	0				20181108191341
1771	07/08/2007		2007	7	8	0	0	0	0				20181108191341
1772	01/28/2014		2014	1	28	0	0	0	0				20181108191341
1773	07/08/2007		2007	7	8	0	0	0	0				20181108191341
1774	12/29/2011		2011	12	29	0	0	0	0				20181108191341
1775	03/12/2008		2008	3	12	0	0	0	0				20181108191341
1776	01/14/2014		2014	1	14	0	0	0	0				20181108191341
1777	01/20/2012		2012	1	20	0	0	0	0				20181108191341
1778	05/04/2018		2018	5	4	0	0	0	0				20181108191341
1779	10/24/2008		2008	10	24	0	0	0	0				20181108191341
1780	05/03/2016		2016	5	3	0	0	0	0				20181108191341
1781	12/19/2016		2016	12	19	0	0	0	0				20181108191341
1782	07/08/2007		2007	7	8	0	0	0	0				20181108191341
1783	10/05/2012		2012	10	5	0	0	0	0				20181108191341
1784	04/18/2012		2012	4	18	0	0	0	0				20181108191341
1785	12/01/2010		2010	12	1	0	0	0	0				20181108191341
1786	07/08/2007		2007	7	8	0	0	0	0				20181108191341
1788	09/28/2010		2010	9	28	0	0	0	0				20181108191341
1789	10/08/2012		2012	10	8	0	0	0	0				20181108191341
1790	10/25/2011		2011	10	25	0	0	0	0				20181108191341
1792	07/08/2007		2007	7	8	0	0	0	0				20181108191341
1793	06/02/2016		2016	6	2	0	0	0	0				20181108191341
1794	08/28/2013		2013	8	28	0	0	0	0				20181108191341
1795	01/20/2015		2015	1	20	0	0	0	0				20181108191341
1796	07/08/2007		2007	7	8	0	0	0	0				20181108191341
1797	03/07/2016		2016	3	7	0	0	0	0				20181108191341
1798	04/02/2015		2015	4	2	0	0	0	0				20181108191341
1799	02/06/2009		2009	2	6	0	0	0	0				20181108191341
1800	04/20/2008		2008	4	20	0	0	0	0				20181108191341
1801	06/13/2012		2012	6	13	0	0	0	0				20181108191341
1802	10/06/2011		2011	10	6	0	0	0	0				20181108191341
1803	07/08/2007		2007	7	8	0	0	0	0				20181108191341
1804	02/13/2009		2009	2	13	0	0	0	0				20181108191341
1805	08/10/2016		2016	8	10	0	0	0	0				20181108191341
1806	02/06/2014		2014	2	6	0	0	0	0				20181108191341
1807	07/11/2007		2007	7	11	0	0	0	0				20181108191341
1808	11/20/2015		2015	11	20	0	0	0	0				20181108191341
1809	08/30/2018		2018	8	30	0	0	0	0				20181108191341
1810	05/06/2015		2015	5	6	0	0	0	0				20181108191341
1811	07/08/2007		2007	7	8	0	0	0	0				20181108191341
1812	07/09/2007		2007	7	9	0	0	0	0				20181108191341
1813	12/08/2017		2017	12	8	0	0	0	0				20181108191341
1814	05/21/2008		2008	5	21	0	0	0	0				20181108191341
1815	10/22/2012		2012	10	22	0	0	0	0				20181108191341
1816	04/24/2015		2015	4	24	0	0	0	0				20181108191341
1818	10/29/2009		2009	10	29	0	0	0	0				20181108191341
1819	06/19/2009		2009	6	19	0	0	0	0				20181108191341
1820	12/31/2012		2012	12	31	0	0	0	0				20181108191341
1821	02/03/2009		2009	2	3	0	0	0	0				20181108191341
1822	05/10/2017		2017	5	10	0	0	0	0				20181108191341
1823	08/05/2011		2011	8	5	0	0	0	0				20181108191341
1824	08/05/2008		2008	8	5	0	0	0	0				20181108191341
1825	07/03/2013		2013	7	3	0	0	0	0				20181108191341
1826	08/14/2007		2007	8	14	0	0	0	0				20181108191341
1827	10/06/2015		2015	10	6	0	0	0	0				20181108191341
1828	07/08/2007		2007	7	8	0	0	0	0				20181108191341
1829	02/24/2014		2014	2	24	0	0	0	0				20181108191341
1830	02/25/2008		2008	2	25	0	0	0	0				20181108191341
1831	07/01/2013		2013	7	1	0	0	0	0				20181108191341
1832	07/08/2007		2007	7	8	0	0	0	0				20181108191341
1833	01/07/2008		2008	1	7	0	0	0	0				20181108191341
1834	10/07/2011		2011	10	7	0	0	0	0				20181108191341
1836	12/03/2013		2013	12	3	0	0	0	0				20181108191341
1837	03/24/2017		2017	3	24	0	0	0	0				20181108191341
1838	07/09/2007		2007	7	9	0	0	0	0				20181108191341
1839	03/03/2008		2008	3	3	0	0	0	0				20181108191341
1840	09/12/2007		2007	9	12	0	0	0	0				20181108191341
1841	06/05/2008		2008	6	5	0	0	0	0				20181108191341
1842	03/11/2013		2013	3	11	0	0	0	0				20181108191341
1843	01/27/2014		2014	1	27	0	0	0	0				20181108191341
1844	07/09/2007		2007	7	9	0	0	0	0				20181108191341
1845	05/30/2012		2012	5	30	0	0	0	0				20181108191341
1846	07/08/2007		2007	7	8	0	0	0	0				20181108191341
1847	02/17/2011		2011	2	17	0	0	0	0				20181108191341
1848	06/30/2014		2014	6	30	0	0	0	0				20181108191341
1850	02/29/2008		2008	2	29	0	0	0	0				20181108191341
1851	01/03/2014		2014	1	3	0	0	0	0				20181108191341
1852	07/08/2007		2007	7	8	0	0	0	0				20181108191341
1853	05/24/2016		2016	5	24	0	0	0	0				20181108191341
1854	07/08/2007		2007	7	8	0	0	0	0				20181108191341
1855	10/15/2010		2010	10	15	0	0	0	0				20181108191341
1856	12/05/2014		2014	12	5	0	0	0	0				20181108191341
1857	08/06/2009		2009	8	6	0	0	0	0				20181108191341
1858	06/01/2009		2009	6	1	0	0	0	0				20181108191341
1859	08/07/2018		2018	8	7	0	0	0	0				20181108191341
1861	11/17/2016		2016	11	17	0	0	0	0				20181108191341
1862	09/14/2017		2017	9	14	0	0	0	0				20181108191341
1863	10/08/2009		2009	10	8	0	0	0	0				20181108191341
1865	07/08/2007		2007	7	8	0	0	0	0				20181108191341
1866	09/27/2007		2007	9	27	0	0	0	0				20181108191341
1867	10/23/2014		2014	10	23	0	0	0	0				20181108191341
1868	04/12/2016		2016	4	12	0	0	0	0				20181108191341
1870	05/17/2013		2013	5	17	0	0	0	0				20181108191341
1871	01/05/2016		2016	1	5	0	0	0	0				20181108191341
1872	01/05/2010		2010	1	5	0	0	0	0				20181108191341
1873	09/11/2014		2014	9	11	0	0	0	0				20181108191341
1874	06/30/2015		2015	6	30	0	0	0	0				20181108191341
1875	09/06/2017		2017	9	6	0	0	0	0				20181108191341
1876	12/15/2008		2008	12	15	0	0	0	0				20181108191341
1877	12/30/2011		2011	12	30	0	0	0	0				20181108191341
1878	04/20/2008		2008	4	20	0	0	0	0				20181108191341
1879	09/08/2014		2014	9	8	0	0	0	0				20181108191341
1880	07/08/2007		2007	7	8	0	0	0	0				20181108191341
1881	02/05/2010		2010	2	5	0	0	0	0				20181108191341
1882	10/21/2016		2016	10	21	0	0	0	0				20181108191341
1883	04/20/2008		2008	4	20	0	0	0	0				20181108191341
1884	03/06/2008		2008	3	6	0	0	0	0				20181108191341
1885	10/23/2012		2012	10	23	0	0	0	0				20181108191341
1886	03/26/2009		2009	3	26	0	0	0	0				20181108191341
1887	02/18/2013		2013	2	18	0	0	0	0				20181108191341
1888	03/16/2009		2009	3	16	0	0	0	0				20181108191341
1889	07/08/2007		2007	7	8	0	0	0	0				20181108191341
1890	11/01/2010		2010	11	1	0	0	0	0				20181108191341
1891	10/16/2017		2017	10	16	0	0	0	0				20181108191341
1892	10/29/2015		2015	10	29	0	0	0	0				20181108191341
1893	03/17/2018		2018	3	17	0	0	0	0				20181108191341
1894	07/08/2007		2007	7	8	0	0	0	0				20181108191341
1895	03/12/2008		2008	3	12	0	0	0	0				20181108191341
1896	06/28/2010		2010	6	28	0	0	0	0				20181108191341
1897	10/04/2013		2013	10	4	0	0	0	0				20181108191341
1898	05/04/2011		2011	5	4	0	0	0	0				20181108191341
1899	01/22/2015		2015	1	22	0	0	0	0				20181108191341
1900	02/19/2008		2008	2	19	0	0	0	0				20181108191341
1901	07/08/2007		2007	7	8	0	0	0	0				20181108191341
1902	01/08/2015		2015	1	8	0	0	0	0				20181108191341
1903	07/19/2012		2012	7	19	0	0	0	0				20181108191341
1904	07/25/2007		2007	7	25	0	0	0	0				20181108191341
1905	07/08/2007		2007	7	8	0	0	0	0				20181108191341
1906	08/09/2011		2011	8	9	0	0	0	0				20181108191341
1907	01/07/2010		2010	1	7	0	0	0	0				20181108191341
1908	01/07/2008		2008	1	7	0	0	0	0				20181108191341
1909	06/06/2013		2013	6	6	0	0	0	0				20181108191341
1910	07/08/2007		2007	7	8	0	0	0	0				20181108191341
1911	10/04/2007		2007	10	4	0	0	0	0				20181108191341
1912	11/11/2016		2016	11	11	0	0	0	0				20181108191341
1913	02/22/2013		2013	2	22	0	0	0	0				20181108191341
1914	07/09/2007		2007	7	9	0	0	0	0				20181108191341
1915	07/08/2007		2007	7	8	0	0	0	0				20181108191341
1916	07/09/2007		2007	7	9	0	0	0	0				20181108191341
1917	05/16/2013		2013	5	16	0	0	0	0				20181108191341
1918	07/08/2007		2007	7	8	0	0	0	0				20181108191341
1919	07/09/2007		2007	7	9	0	0	0	0				20181108191341
1920	04/25/2018		2018	4	25	0	0	0	0				20181108191341
1921	10/05/2012		2012	10	5	0	0	0	0				20181108191341
1922	07/08/2007		2007	7	8	0	0	0	0				20181108191341
1923	05/24/2016		2016	5	24	0	0	0	0				20181108191341
1924	06/02/2017		2017	6	2	0	0	0	0				20181108191341
1925	12/12/2013		2013	12	12	0	0	0	0				20181108191341
1926	10/14/2014		2014	10	14	0	0	0	0				20181108191341
1927	07/08/2007		2007	7	8	0	0	0	0				20181108191341
1928	02/19/2009		2009	2	19	0	0	0	0				20181108191341
1929	07/08/2007		2007	7	8	0	0	0	0				20181108191341
1930	02/17/2015		2015	2	17	0	0	0	0				20181108191341
1931	07/08/2007		2007	7	8	0	0	0	0				20181108191341
1932	07/08/2007		2007	7	8	0	0	0	0				20181108191341
1934	04/14/2011		2011	4	14	0	0	0	0				20181108191341
1935	09/13/2011		2011	9	13	0	0	0	0				20181108191341
1937	02/17/2016		2016	2	17	0	0	0	0				20181108191341
1939	07/09/2007		2007	7	9	0	0	0	0				20181108191341
1940	02/23/2018		2018	2	23	0	0	0	0				20181108191341
1941	07/08/2007		2007	7	8	0	0	0	0				20181108191341
1942	07/03/2018		2018	7	3	0	0	0	0				20181108191341
1943	09/29/2015		2015	9	29	0	0	0	0				20181108191341
1944	09/10/2010		2010	9	10	0	0	0	0				20181108191341
1945	09/19/2017		2017	9	19	0	0	0	0				20181108191341
1946	02/01/2011		2011	2	1	0	0	0	0				20181108191341
1947	04/20/2008		2008	4	20	0	0	0	0				20181108191341
1948	02/17/2010		2010	2	17	0	0	0	0				20181108191341
1949	09/06/2013		2013	9	6	0	0	0	0				20181108191341
1950	07/08/2007		2007	7	8	0	0	0	0				20181108191341
1951	08/04/2010		2010	8	4	0	0	0	0				20181108191341
1952	07/25/2012		2012	7	25	0	0	0	0				20181108191341
1953	08/02/2010		2010	8	2	0	0	0	0				20181108191341
1954	06/21/2011		2011	6	21	0	0	0	0				20181108191341
1955	07/08/2007		2007	7	8	0	0	0	0				20181108191341
1956	07/08/2007		2007	7	8	0	0	0	0				20181108191341
1957	03/26/2010		2010	3	26	0	0	0	0				20181108191341
1958	04/03/2012		2012	4	3	0	0	0	0				20181108191341
1959	07/01/2014		2014	7	1	0	0	0	0				20181108191341
1960	07/09/2007		2007	7	9	0	0	0	0				20181108191341
1961	12/26/2014		2014	12	26	0	0	0	0				20181108191341
1962	01/13/2009		2009	1	13	0	0	0	0				20181108191341
1963	11/15/2012		2012	11	15	0	0	0	0				20181108191341
1964	04/24/2008		2008	4	24	0	0	0	0				20181108191341
1965	02/01/2016		2016	2	1	0	0	0	0				20181108191341
1966	07/29/2013		2013	7	29	0	0	0	0				20181108191341
1967	03/24/2016		2016	3	24	0	0	0	0				20181108191341
1968	06/29/2015		2015	6	29	0	0	0	0				20181108191341
1969	02/23/2017		2017	2	23	0	0	0	0				20181108191341
1970	07/08/2007		2007	7	8	0	0	0	0				20181108191341
1971	10/08/2009		2009	10	8	0	0	0	0				20181108191341
1972	05/05/2010		2010	5	5	0	0	0	0				20181108191341
1973	12/20/2017		2017	12	20	0	0	0	0				20181108191341
1974	10/04/2017		2017	10	4	0	0	0	0				20181108191341
1976	03/06/2017		2017	3	6	0	0	0	0				20181108191341
1978	02/21/2011		2011	2	21	0	0	0	0				20181108191341
1979	09/17/2008		2008	9	17	0	0	0	0				20181108191341
1980	07/30/2007		2007	7	30	0	0	0	0				20181108191341
1981	02/17/2016		2016	2	17	0	0	0	0				20181108191341
1982	01/26/2017		2017	1	26	0	0	0	0				20181108191341
1983	07/18/2018		2018	7	18	0	0	0	0				20181108191341
1984	07/08/2007		2007	7	8	0	0	0	0				20181108191341
1985	01/11/2016		2016	1	11	0	0	0	0				20181108191341
1986	08/27/2013		2013	8	27	0	0	0	0				20181108191341
1987	02/05/2010		2010	2	5	0	0	0	0				20181108191341
1988	09/06/2012		2012	9	6	0	0	0	0				20181108191341
1989	05/01/2014		2014	5	1	0	0	0	0				20181108191341
1990	06/11/2015		2015	6	11	0	0	0	0				20181108191341
1991	09/17/2008		2008	9	17	0	0	0	0				20181108191341
1992	08/30/2016		2016	8	30	0	0	0	0				20181108191341
1993	06/03/2015		2015	6	3	0	0	0	0				20181108191341
1994	01/04/2011		2011	1	4	0	0	0	0				20181108191341
1995	07/08/2007		2007	7	8	0	0	0	0				20181108191341
1996	03/25/2016		2016	3	25	0	0	0	0				20181108191341
1998	09/11/2018		2018	9	11	0	0	0	0				20181108191341
1999	06/20/2013		2013	6	20	0	0	0	0				20181108191341
