Line_ID	As_Short_Text_LTE_400	As_Long_Text_LTE_4000	As_Year	As_Month	As_Day	As_Hour	As_Minute	As_Second	As_Millisecond	As_Double	As_Long	As_Bool	YMD_hms_Key
170	0527846									527846	527846		20181108192039
378	009912880									9912880	9912880		20181108192039
547	0078523									78523	78523		20181108192040
612	0527861									527861	527861		20181108192040
682	236064									236064	236064		20181108192040
1474	0895767004									895767004	895767004		20181108192042
1489	261569654									261569654	261569654		20181108192042
1526	4367831									4367831	4367831		20181108192042
1560	D76230												20181108192042
