Line_ID	As_Short_Text_LTE_400	As_Long_Text_LTE_4000	As_Year	As_Month	As_Day	As_Hour	As_Minute	As_Second	As_Millisecond	As_Double	As_Long	As_Bool	YMD_hms_Key
170	6514201									6514201	6514201		20181108192039
378	00121187									121187	121187		20181108192039
547	422400000									422400000	422400000		20181108192040
612	00117973									117973	117973		20181108192040
682	0000258557									258557	258557		20181108192040
1474	000000047663									47663	47663		20181108192042
1489	NJ3100												20181108192042
1526	01781301									1781301	1781301		20181108192042
1560	3130967									3130967	3130967		20181108192042
