Line_ID	As_Short_Text_LTE_400	As_Long_Text_LTE_4000	As_Year	As_Month	As_Day	As_Hour	As_Minute	As_Second	As_Millisecond	As_Double	As_Long	As_Bool	YMD_hms_Key
1	1									1	1		20181108191325
2	1									1	1		20181108191325
3	1									1	1		20181108191325
4	1									1	1		20181108191325
5	1									1	1		20181108191325
6	1									1	1		20181108191325
7	1									1	1		20181108191325
8	2									2	2		20181108191325
9	1									1	1		20181108191325
10	1									1	1		20181108191325
11	2									2	2		20181108191325
13	1									1	1		20181108191325
14	1									1	1		20181108191325
15	1									1	1		20181108191325
16	1									1	1		20181108191325
17	1									1	1		20181108191325
18	1									1	1		20181108191325
19	1									1	1		20181108191325
20	2									2	2		20181108191325
21	1									1	1		20181108191325
22	1									1	1		20181108191325
23	1									1	1		20181108191325
24	1									1	1		20181108191325
25	1									1	1		20181108191325
27	1									1	1		20181108191325
28	2									2	2		20181108191325
29	1									1	1		20181108191325
30	1									1	1		20181108191325
31	2									2	2		20181108191325
32	2									2	2		20181108191325
34	1									1	1		20181108191325
35	1									1	1		20181108191325
36	1									1	1		20181108191325
37	1									1	1		20181108191325
38	2									2	2		20181108191325
39	1									1	1		20181108191325
40	1									1	1		20181108191325
42	1									1	1		20181108191325
43	1									1	1		20181108191325
44	1									1	1		20181108191325
45	1									1	1		20181108191325
46	1									1	1		20181108191325
47	1									1	1		20181108191325
48	1									1	1		20181108191325
49	1									1	1		20181108191325
50	2									2	2		20181108191325
51	2									2	2		20181108191325
52	1									1	1		20181108191325
53	1									1	1		20181108191325
54	1									1	1		20181108191325
55	2									2	2		20181108191325
56	2									2	2		20181108191325
57	2									2	2		20181108191325
58	1									1	1		20181108191325
60	1									1	1		20181108191325
61	2									2	2		20181108191325
62	1									1	1		20181108191325
63	1									1	1		20181108191325
64	1									1	1		20181108191326
65	1									1	1		20181108191326
66	1									1	1		20181108191326
67	1									1	1		20181108191326
68	1									1	1		20181108191326
70	1									1	1		20181108191326
71	1									1	1		20181108191326
72	2									2	2		20181108191326
73	1									1	1		20181108191326
74	2									2	2		20181108191326
75	2									2	2		20181108191326
76	1									1	1		20181108191326
77	1									1	1		20181108191326
78	1									1	1		20181108191326
79	2									2	2		20181108191326
80	1									1	1		20181108191326
81	1									1	1		20181108191326
83	1									1	1		20181108191326
84	1									1	1		20181108191326
85	1									1	1		20181108191326
86	1									1	1		20181108191326
87	1									1	1		20181108191326
88	1									1	1		20181108191326
89	1									1	1		20181108191326
90	1									1	1		20181108191326
91	2									2	2		20181108191326
93	1									1	1		20181108191326
94	1									1	1		20181108191326
95	1									1	1		20181108191326
96	1									1	1		20181108191326
97	1									1	1		20181108191326
98	1									1	1		20181108191326
99	2									2	2		20181108191326
100	1									1	1		20181108191326
101	1									1	1		20181108191326
102	2									2	2		20181108191326
103	1									1	1		20181108191326
104	1									1	1		20181108191326
105	1									1	1		20181108191326
106	2									2	2		20181108191326
107	1									1	1		20181108191326
108	1									1	1		20181108191326
109	1									1	1		20181108191326
110	1									1	1		20181108191326
111	1									1	1		20181108191326
112	1									1	1		20181108191326
113	1									1	1		20181108191326
114	1									1	1		20181108191326
115	1									1	1		20181108191326
116	1									1	1		20181108191326
117	1									1	1		20181108191326
118	1									1	1		20181108191326
119	1									1	1		20181108191326
120	1									1	1		20181108191326
121	1									1	1		20181108191326
122	1									1	1		20181108191326
123	1									1	1		20181108191326
124	1									1	1		20181108191326
126	1									1	1		20181108191326
127	1									1	1		20181108191326
128	1									1	1		20181108191326
129	1									1	1		20181108191326
130	2									2	2		20181108191326
131	1									1	1		20181108191326
132	1									1	1		20181108191326
133	2									2	2		20181108191326
134	1									1	1		20181108191326
135	1									1	1		20181108191326
136	2									2	2		20181108191326
137	1									1	1		20181108191326
138	1									1	1		20181108191326
139	1									1	1		20181108191326
140	1									1	1		20181108191326
142	1									1	1		20181108191326
143	1									1	1		20181108191326
144	1									1	1		20181108191326
145	1									1	1		20181108191326
146	2									2	2		20181108191326
147	1									1	1		20181108191326
148	2									2	2		20181108191326
149	1									1	1		20181108191326
150	1									1	1		20181108191326
151	1									1	1		20181108191326
152	1									1	1		20181108191326
153	1									1	1		20181108191326
154	1									1	1		20181108191326
155	1									1	1		20181108191326
156	2									2	2		20181108191326
157	2									2	2		20181108191326
158	1									1	1		20181108191326
159	1									1	1		20181108191326
160	1									1	1		20181108191326
161	1									1	1		20181108191326
162	1									1	1		20181108191326
163	1									1	1		20181108191326
164	2									2	2		20181108191326
165	1									1	1		20181108191326
166	1									1	1		20181108191326
167	2									2	2		20181108191326
168	1									1	1		20181108191326
169	1									1	1		20181108191326
170	1									1	1		20181108191326
171	1									1	1		20181108191326
172	1									1	1		20181108191326
174	1									1	1		20181108191326
176	2									2	2		20181108191326
177	1									1	1		20181108191326
178	1									1	1		20181108191326
179	1									1	1		20181108191326
180	2									2	2		20181108191326
181	1									1	1		20181108191326
182	1									1	1		20181108191326
183	1									1	1		20181108191326
184	1									1	1		20181108191326
185	1									1	1		20181108191326
186	1									1	1		20181108191326
187	2									2	2		20181108191326
188	1									1	1		20181108191326
189	1									1	1		20181108191326
190	1									1	1		20181108191326
191	1									1	1		20181108191326
192	1									1	1		20181108191326
193	1									1	1		20181108191326
194	1									1	1		20181108191326
195	1									1	1		20181108191326
196	1									1	1		20181108191326
197	1									1	1		20181108191326
198	2									2	2		20181108191326
200	1									1	1		20181108191326
201	2									2	2		20181108191326
202	1									1	1		20181108191326
203	2									2	2		20181108191326
204	1									1	1		20181108191326
205	1									1	1		20181108191326
206	1									1	1		20181108191326
207	2									2	2		20181108191326
208	1									1	1		20181108191326
209	1									1	1		20181108191326
210	1									1	1		20181108191326
211	1									1	1		20181108191326
212	1									1	1		20181108191326
213	1									1	1		20181108191326
215	1									1	1		20181108191326
216	1									1	1		20181108191326
217	1									1	1		20181108191326
218	1									1	1		20181108191326
219	1									1	1		20181108191326
220	1									1	1		20181108191326
221	1									1	1		20181108191326
223	1									1	1		20181108191326
224	1									1	1		20181108191326
225	1									1	1		20181108191326
226	1									1	1		20181108191326
227	1									1	1		20181108191326
228	2									2	2		20181108191326
229	1									1	1		20181108191326
230	1									1	1		20181108191326
231	1									1	1		20181108191326
232	2									2	2		20181108191326
233	1									1	1		20181108191326
234	1									1	1		20181108191326
235	1									1	1		20181108191326
236	1									1	1		20181108191326
237	1									1	1		20181108191326
238	1									1	1		20181108191326
239	1									1	1		20181108191326
240	1									1	1		20181108191326
241	1									1	1		20181108191326
242	2									2	2		20181108191326
243	1									1	1		20181108191326
244	1									1	1		20181108191326
245	1									1	1		20181108191326
246	1									1	1		20181108191326
247	1									1	1		20181108191326
248	1									1	1		20181108191326
249	1									1	1		20181108191326
250	1									1	1		20181108191326
251	1									1	1		20181108191326
252	1									1	1		20181108191326
253	1									1	1		20181108191326
254	2									2	2		20181108191326
255	1									1	1		20181108191326
256	1									1	1		20181108191326
257	2									2	2		20181108191326
258	1									1	1		20181108191326
259	1									1	1		20181108191326
260	1									1	1		20181108191326
261	1									1	1		20181108191326
262	1									1	1		20181108191326
263	2									2	2		20181108191326
264	1									1	1		20181108191326
265	1									1	1		20181108191326
266	1									1	1		20181108191326
267	2									2	2		20181108191326
268	1									1	1		20181108191326
269	1									1	1		20181108191326
270	1									1	1		20181108191326
271	1									1	1		20181108191326
272	1									1	1		20181108191326
273	2									2	2		20181108191326
274	1									1	1		20181108191326
275	2									2	2		20181108191326
276	1									1	1		20181108191326
277	2									2	2		20181108191326
278	2									2	2		20181108191326
279	2									2	2		20181108191326
281	1									1	1		20181108191326
282	1									1	1		20181108191326
283	1									1	1		20181108191326
284	2									2	2		20181108191326
285	1									1	1		20181108191326
286	1									1	1		20181108191326
287	1									1	1		20181108191326
288	2									2	2		20181108191326
289	1									1	1		20181108191326
290	1									1	1		20181108191326
291	1									1	1		20181108191326
292	2									2	2		20181108191326
293	1									1	1		20181108191326
294	1									1	1		20181108191326
295	1									1	1		20181108191326
296	2									2	2		20181108191326
297	1									1	1		20181108191326
298	1									1	1		20181108191326
299	1									1	1		20181108191326
300	1									1	1		20181108191326
301	2									2	2		20181108191326
302	1									1	1		20181108191326
303	1									1	1		20181108191326
304	1									1	1		20181108191326
305	1									1	1		20181108191326
306	1									1	1		20181108191326
307	1									1	1		20181108191326
308	1									1	1		20181108191326
309	2									2	2		20181108191326
310	1									1	1		20181108191326
311	1									1	1		20181108191326
312	1									1	1		20181108191326
313	1									1	1		20181108191326
314	1									1	1		20181108191326
315	1									1	1		20181108191326
317	1									1	1		20181108191326
318	2									2	2		20181108191326
319	1									1	1		20181108191326
320	1									1	1		20181108191326
321	1									1	1		20181108191326
322	1									1	1		20181108191326
323	1									1	1		20181108191326
324	1									1	1		20181108191326
325	1									1	1		20181108191326
326	1									1	1		20181108191326
327	1									1	1		20181108191326
328	1									1	1		20181108191326
329	1									1	1		20181108191326
330	1									1	1		20181108191326
331	1									1	1		20181108191326
332	2									2	2		20181108191326
333	1									1	1		20181108191326
334	1									1	1		20181108191326
335	1									1	1		20181108191326
336	1									1	1		20181108191326
337	1									1	1		20181108191326
338	1									1	1		20181108191326
339	2									2	2		20181108191326
340	1									1	1		20181108191326
341	1									1	1		20181108191326
342	1									1	1		20181108191326
343	1									1	1		20181108191326
344	1									1	1		20181108191326
345	2									2	2		20181108191326
346	2									2	2		20181108191326
347	1									1	1		20181108191326
348	1									1	1		20181108191326
349	2									2	2		20181108191326
350	1									1	1		20181108191326
351	1									1	1		20181108191326
352	1									1	1		20181108191326
353	1									1	1		20181108191326
354	1									1	1		20181108191326
355	1									1	1		20181108191326
356	1									1	1		20181108191326
357	1									1	1		20181108191326
358	2									2	2		20181108191326
360	1									1	1		20181108191326
361	1									1	1		20181108191326
362	1									1	1		20181108191326
363	1									1	1		20181108191326
364	1									1	1		20181108191326
365	1									1	1		20181108191326
366	1									1	1		20181108191326
367	1									1	1		20181108191326
368	1									1	1		20181108191326
369	1									1	1		20181108191326
370	1									1	1		20181108191326
372	1									1	1		20181108191326
373	1									1	1		20181108191326
374	1									1	1		20181108191326
375	1									1	1		20181108191326
376	1									1	1		20181108191326
377	1									1	1		20181108191326
378	2									2	2		20181108191326
379	1									1	1		20181108191326
380	1									1	1		20181108191326
381	1									1	1		20181108191326
382	1									1	1		20181108191326
383	1									1	1		20181108191326
384	1									1	1		20181108191326
385	2									2	2		20181108191326
386	1									1	1		20181108191326
387	1									1	1		20181108191326
388	1									1	1		20181108191326
389	2									2	2		20181108191326
391	1									1	1		20181108191326
392	1									1	1		20181108191326
393	1									1	1		20181108191326
394	1									1	1		20181108191326
395	1									1	1		20181108191326
397	1									1	1		20181108191326
398	1									1	1		20181108191326
399	1									1	1		20181108191326
400	1									1	1		20181108191326
401	1									1	1		20181108191326
402	1									1	1		20181108191326
403	1									1	1		20181108191326
404	1									1	1		20181108191326
405	1									1	1		20181108191326
406	1									1	1		20181108191326
407	2									2	2		20181108191326
408	1									1	1		20181108191326
409	1									1	1		20181108191326
410	1									1	1		20181108191326
411	2									2	2		20181108191326
412	1									1	1		20181108191326
413	1									1	1		20181108191326
414	1									1	1		20181108191326
415	1									1	1		20181108191326
416	1									1	1		20181108191326
417	1									1	1		20181108191326
418	1									1	1		20181108191326
419	2									2	2		20181108191326
420	1									1	1		20181108191326
421	1									1	1		20181108191326
422	2									2	2		20181108191326
423	2									2	2		20181108191326
424	1									1	1		20181108191326
425	1									1	1		20181108191326
426	1									1	1		20181108191326
427	1									1	1		20181108191326
428	1									1	1		20181108191326
429	1									1	1		20181108191326
430	1									1	1		20181108191326
432	1									1	1		20181108191326
433	1									1	1		20181108191326
434	1									1	1		20181108191326
435	1									1	1		20181108191326
436	2									2	2		20181108191326
437	1									1	1		20181108191326
438	2									2	2		20181108191326
439	1									1	1		20181108191326
440	1									1	1		20181108191326
441	1									1	1		20181108191326
443	1									1	1		20181108191326
444	1									1	1		20181108191326
445	1									1	1		20181108191327
446	1									1	1		20181108191327
447	1									1	1		20181108191327
448	2									2	2		20181108191327
449	1									1	1		20181108191327
450	1									1	1		20181108191327
451	1									1	1		20181108191327
452	1									1	1		20181108191327
453	1									1	1		20181108191327
454	1									1	1		20181108191327
455	1									1	1		20181108191327
456	1									1	1		20181108191327
457	1									1	1		20181108191327
458	2									2	2		20181108191327
459	1									1	1		20181108191327
460	2									2	2		20181108191327
461	1									1	1		20181108191327
462	1									1	1		20181108191327
463	2									2	2		20181108191327
464	1									1	1		20181108191327
465	1									1	1		20181108191327
466	1									1	1		20181108191327
467	1									1	1		20181108191327
468	2									2	2		20181108191327
469	1									1	1		20181108191327
471	1									1	1		20181108191327
472	1									1	1		20181108191327
474	1									1	1		20181108191327
475	1									1	1		20181108191327
476	2									2	2		20181108191327
477	1									1	1		20181108191327
478	1									1	1		20181108191327
479	1									1	1		20181108191327
480	1									1	1		20181108191327
481	1									1	1		20181108191327
482	1									1	1		20181108191327
483	1									1	1		20181108191327
485	1									1	1		20181108191327
486	1									1	1		20181108191327
487	1									1	1		20181108191327
488	1									1	1		20181108191327
489	1									1	1		20181108191327
490	1									1	1		20181108191327
491	2									2	2		20181108191327
492	2									2	2		20181108191327
493	1									1	1		20181108191327
494	1									1	1		20181108191327
495	1									1	1		20181108191327
496	1									1	1		20181108191327
498	1									1	1		20181108191327
499	2									2	2		20181108191327
500	1									1	1		20181108191327
501	1									1	1		20181108191327
502	1									1	1		20181108191327
503	1									1	1		20181108191327
504	1									1	1		20181108191327
505	1									1	1		20181108191327
506	1									1	1		20181108191327
507	2									2	2		20181108191327
508	1									1	1		20181108191327
509	1									1	1		20181108191327
511	1									1	1		20181108191327
512	1									1	1		20181108191327
513	1									1	1		20181108191327
514	1									1	1		20181108191327
515	2									2	2		20181108191327
516	1									1	1		20181108191327
517	2									2	2		20181108191327
518	1									1	1		20181108191327
519	1									1	1		20181108191327
520	1									1	1		20181108191327
521	1									1	1		20181108191327
522	1									1	1		20181108191327
523	1									1	1		20181108191327
524	1									1	1		20181108191327
525	1									1	1		20181108191327
526	2									2	2		20181108191327
527	1									1	1		20181108191327
528	1									1	1		20181108191327
529	1									1	1		20181108191327
530	1									1	1		20181108191327
531	2									2	2		20181108191327
532	1									1	1		20181108191327
533	1									1	1		20181108191327
534	2									2	2		20181108191327
535	1									1	1		20181108191327
536	1									1	1		20181108191327
537	2									2	2		20181108191327
538	1									1	1		20181108191327
539	1									1	1		20181108191327
540	1									1	1		20181108191327
541	2									2	2		20181108191327
542	1									1	1		20181108191327
543	1									1	1		20181108191327
544	1									1	1		20181108191327
545	1									1	1		20181108191327
546	1									1	1		20181108191327
547	1									1	1		20181108191327
548	1									1	1		20181108191327
549	2									2	2		20181108191327
550	1									1	1		20181108191327
551	1									1	1		20181108191327
552	1									1	1		20181108191327
553	1									1	1		20181108191327
554	1									1	1		20181108191327
555	1									1	1		20181108191327
556	1									1	1		20181108191327
557	1									1	1		20181108191327
558	2									2	2		20181108191327
559	1									1	1		20181108191327
560	1									1	1		20181108191327
561	1									1	1		20181108191327
562	1									1	1		20181108191327
563	1									1	1		20181108191327
564	1									1	1		20181108191327
565	1									1	1		20181108191327
567	1									1	1		20181108191327
568	1									1	1		20181108191327
569	1									1	1		20181108191327
570	1									1	1		20181108191327
571	1									1	1		20181108191327
572	1									1	1		20181108191327
573	1									1	1		20181108191327
574	1									1	1		20181108191327
575	1									1	1		20181108191327
576	1									1	1		20181108191327
577	1									1	1		20181108191327
578	2									2	2		20181108191327
579	1									1	1		20181108191327
580	1									1	1		20181108191327
581	2									2	2		20181108191327
582	1									1	1		20181108191327
583	1									1	1		20181108191327
584	1									1	1		20181108191327
585	1									1	1		20181108191327
586	2									2	2		20181108191327
587	2									2	2		20181108191327
588	1									1	1		20181108191327
589	2									2	2		20181108191327
590	1									1	1		20181108191327
591	1									1	1		20181108191327
592	1									1	1		20181108191327
593	1									1	1		20181108191327
594	1									1	1		20181108191327
595	1									1	1		20181108191327
596	2									2	2		20181108191327
597	1									1	1		20181108191327
598	1									1	1		20181108191327
599	1									1	1		20181108191327
600	1									1	1		20181108191327
601	1									1	1		20181108191327
602	1									1	1		20181108191327
603	1									1	1		20181108191327
604	1									1	1		20181108191327
605	1									1	1		20181108191327
606	1									1	1		20181108191327
607	1									1	1		20181108191327
608	1									1	1		20181108191327
609	1									1	1		20181108191327
610	1									1	1		20181108191327
611	1									1	1		20181108191327
612	1									1	1		20181108191327
613	2									2	2		20181108191327
614	1									1	1		20181108191327
615	1									1	1		20181108191327
616	1									1	1		20181108191327
617	2									2	2		20181108191327
618	1									1	1		20181108191327
619	1									1	1		20181108191327
620	2									2	2		20181108191327
621	2									2	2		20181108191327
622	1									1	1		20181108191327
623	1									1	1		20181108191327
624	1									1	1		20181108191327
625	1									1	1		20181108191327
626	1									1	1		20181108191327
627	2									2	2		20181108191327
628	1									1	1		20181108191327
630	1									1	1		20181108191327
631	1									1	1		20181108191327
632	1									1	1		20181108191327
633	1									1	1		20181108191327
634	1									1	1		20181108191327
635	2									2	2		20181108191327
636	1									1	1		20181108191327
637	1									1	1		20181108191327
638	1									1	1		20181108191327
639	1									1	1		20181108191327
640	1									1	1		20181108191327
641	1									1	1		20181108191327
642	1									1	1		20181108191327
643	1									1	1		20181108191327
644	1									1	1		20181108191327
645	1									1	1		20181108191327
646	1									1	1		20181108191327
647	1									1	1		20181108191327
648	1									1	1		20181108191327
649	1									1	1		20181108191327
650	1									1	1		20181108191327
651	2									2	2		20181108191327
652	2									2	2		20181108191327
653	1									1	1		20181108191327
654	2									2	2		20181108191327
655	1									1	1		20181108191327
656	1									1	1		20181108191327
657	1									1	1		20181108191327
658	1									1	1		20181108191327
659	2									2	2		20181108191327
660	1									1	1		20181108191327
661	1									1	1		20181108191327
662	1									1	1		20181108191327
663	1									1	1		20181108191327
664	1									1	1		20181108191327
665	1									1	1		20181108191327
666	1									1	1		20181108191327
667	1									1	1		20181108191327
668	2									2	2		20181108191327
669	1									1	1		20181108191327
670	1									1	1		20181108191327
671	1									1	1		20181108191327
672	2									2	2		20181108191327
673	1									1	1		20181108191327
674	1									1	1		20181108191327
675	1									1	1		20181108191327
677	1									1	1		20181108191327
678	1									1	1		20181108191327
679	1									1	1		20181108191327
680	1									1	1		20181108191327
681	2									2	2		20181108191327
682	2									2	2		20181108191327
683	1									1	1		20181108191327
684	1									1	1		20181108191327
685	1									1	1		20181108191327
686	1									1	1		20181108191327
687	1									1	1		20181108191327
689	1									1	1		20181108191327
690	1									1	1		20181108191327
691	1									1	1		20181108191327
692	2									2	2		20181108191327
693	1									1	1		20181108191327
694	1									1	1		20181108191327
695	2									2	2		20181108191327
696	2									2	2		20181108191327
697	1									1	1		20181108191327
698	2									2	2		20181108191327
699	2									2	2		20181108191327
700	1									1	1		20181108191327
701	2									2	2		20181108191327
702	1									1	1		20181108191327
703	1									1	1		20181108191327
704	2									2	2		20181108191327
705	1									1	1		20181108191327
706	1									1	1		20181108191327
707	1									1	1		20181108191327
708	1									1	1		20181108191327
709	1									1	1		20181108191327
710	1									1	1		20181108191327
711	1									1	1		20181108191327
712	1									1	1		20181108191327
713	2									2	2		20181108191327
714	1									1	1		20181108191327
715	1									1	1		20181108191327
716	1									1	1		20181108191327
717	1									1	1		20181108191327
718	1									1	1		20181108191327
719	1									1	1		20181108191327
720	1									1	1		20181108191327
721	1									1	1		20181108191327
722	2									2	2		20181108191327
723	1									1	1		20181108191327
724	1									1	1		20181108191327
725	1									1	1		20181108191327
726	1									1	1		20181108191327
727	1									1	1		20181108191327
729	1									1	1		20181108191327
730	1									1	1		20181108191327
731	2									2	2		20181108191327
732	1									1	1		20181108191327
733	1									1	1		20181108191327
734	1									1	1		20181108191327
735	1									1	1		20181108191327
736	1									1	1		20181108191327
737	2									2	2		20181108191327
738	1									1	1		20181108191327
739	2									2	2		20181108191327
740	1									1	1		20181108191327
741	1									1	1		20181108191327
742	1									1	1		20181108191327
743	1									1	1		20181108191327
744	1									1	1		20181108191327
745	1									1	1		20181108191327
746	1									1	1		20181108191327
747	1									1	1		20181108191327
748	1									1	1		20181108191327
749	2									2	2		20181108191327
750	1									1	1		20181108191327
751	1									1	1		20181108191327
752	1									1	1		20181108191327
753	1									1	1		20181108191327
754	2									2	2		20181108191327
755	1									1	1		20181108191327
756	2									2	2		20181108191327
757	1									1	1		20181108191327
758	1									1	1		20181108191327
759	1									1	1		20181108191327
760	1									1	1		20181108191327
761	1									1	1		20181108191327
762	2									2	2		20181108191327
763	1									1	1		20181108191327
764	1									1	1		20181108191327
765	1									1	1		20181108191327
766	1									1	1		20181108191327
767	1									1	1		20181108191327
768	1									1	1		20181108191327
769	2									2	2		20181108191327
770	1									1	1		20181108191327
771	1									1	1		20181108191327
772	1									1	1		20181108191327
773	1									1	1		20181108191327
774	1									1	1		20181108191327
775	1									1	1		20181108191327
776	1									1	1		20181108191327
777	1									1	1		20181108191327
778	1									1	1		20181108191327
779	1									1	1		20181108191327
780	1									1	1		20181108191327
781	1									1	1		20181108191327
782	1									1	1		20181108191327
783	1									1	1		20181108191327
784	1									1	1		20181108191327
785	2									2	2		20181108191327
786	1									1	1		20181108191327
787	2									2	2		20181108191327
788	1									1	1		20181108191327
789	1									1	1		20181108191327
790	1									1	1		20181108191327
791	1									1	1		20181108191327
793	1									1	1		20181108191327
794	1									1	1		20181108191327
795	1									1	1		20181108191327
796	2									2	2		20181108191327
797	1									1	1		20181108191327
798	2									2	2		20181108191327
799	1									1	1		20181108191327
800	2									2	2		20181108191327
801	1									1	1		20181108191327
802	1									1	1		20181108191327
803	2									2	2		20181108191327
804	1									1	1		20181108191327
805	1									1	1		20181108191327
806	1									1	1		20181108191327
807	2									2	2		20181108191327
809	2									2	2		20181108191327
810	1									1	1		20181108191327
811	1									1	1		20181108191327
813	2									2	2		20181108191328
814	1									1	1		20181108191328
815	1									1	1		20181108191328
816	1									1	1		20181108191328
817	1									1	1		20181108191328
818	1									1	1		20181108191328
819	1									1	1		20181108191328
820	1									1	1		20181108191328
821	1									1	1		20181108191328
822	1									1	1		20181108191328
823	2									2	2		20181108191328
824	1									1	1		20181108191328
825	1									1	1		20181108191328
826	2									2	2		20181108191328
827	1									1	1		20181108191328
828	1									1	1		20181108191328
829	1									1	1		20181108191328
830	1									1	1		20181108191328
831	1									1	1		20181108191328
832	2									2	2		20181108191328
833	1									1	1		20181108191328
834	1									1	1		20181108191328
835	1									1	1		20181108191328
836	1									1	1		20181108191328
837	2									2	2		20181108191328
838	1									1	1		20181108191328
839	1									1	1		20181108191328
840	1									1	1		20181108191328
841	1									1	1		20181108191328
842	1									1	1		20181108191328
843	2									2	2		20181108191328
844	2									2	2		20181108191328
845	1									1	1		20181108191328
846	2									2	2		20181108191328
847	1									1	1		20181108191328
848	1									1	1		20181108191328
849	2									2	2		20181108191328
850	1									1	1		20181108191328
851	1									1	1		20181108191328
852	2									2	2		20181108191328
853	1									1	1		20181108191328
854	1									1	1		20181108191328
855	1									1	1		20181108191328
856	1									1	1		20181108191328
857	2									2	2		20181108191328
858	1									1	1		20181108191328
859	1									1	1		20181108191328
860	1									1	1		20181108191328
861	1									1	1		20181108191328
862	1									1	1		20181108191328
863	1									1	1		20181108191328
864	1									1	1		20181108191328
865	1									1	1		20181108191328
866	1									1	1		20181108191328
867	1									1	1		20181108191328
868	1									1	1		20181108191328
869	1									1	1		20181108191328
870	1									1	1		20181108191328
871	1									1	1		20181108191328
872	1									1	1		20181108191328
873	1									1	1		20181108191328
874	1									1	1		20181108191328
875	1									1	1		20181108191328
876	1									1	1		20181108191328
877	1									1	1		20181108191328
878	1									1	1		20181108191328
879	1									1	1		20181108191328
880	1									1	1		20181108191328
881	2									2	2		20181108191328
882	2									2	2		20181108191328
883	2									2	2		20181108191328
884	1									1	1		20181108191328
885	1									1	1		20181108191328
886	1									1	1		20181108191328
887	1									1	1		20181108191328
888	1									1	1		20181108191328
889	1									1	1		20181108191328
890	1									1	1		20181108191328
891	1									1	1		20181108191328
892	2									2	2		20181108191328
893	1									1	1		20181108191328
894	1									1	1		20181108191328
895	1									1	1		20181108191328
896	1									1	1		20181108191328
897	2									2	2		20181108191328
898	1									1	1		20181108191328
899	1									1	1		20181108191328
900	1									1	1		20181108191328
901	1									1	1		20181108191328
902	1									1	1		20181108191328
903	1									1	1		20181108191328
904	1									1	1		20181108191328
905	1									1	1		20181108191328
906	1									1	1		20181108191328
907	1									1	1		20181108191328
909	1									1	1		20181108191328
910	1									1	1		20181108191328
911	2									2	2		20181108191328
912	1									1	1		20181108191328
913	1									1	1		20181108191328
914	1									1	1		20181108191328
915	1									1	1		20181108191328
916	1									1	1		20181108191328
917	1									1	1		20181108191328
918	1									1	1		20181108191328
919	1									1	1		20181108191328
920	1									1	1		20181108191328
921	1									1	1		20181108191328
922	1									1	1		20181108191328
923	2									2	2		20181108191328
924	1									1	1		20181108191328
925	1									1	1		20181108191328
926	1									1	1		20181108191328
927	1									1	1		20181108191328
928	1									1	1		20181108191328
929	1									1	1		20181108191328
930	2									2	2		20181108191328
932	1									1	1		20181108191328
933	1									1	1		20181108191328
934	1									1	1		20181108191328
935	2									2	2		20181108191328
936	2									2	2		20181108191328
938	2									2	2		20181108191328
939	1									1	1		20181108191328
940	1									1	1		20181108191328
941	1									1	1		20181108191328
942	1									1	1		20181108191328
943	1									1	1		20181108191328
944	1									1	1		20181108191328
945	1									1	1		20181108191328
946	1									1	1		20181108191328
947	1									1	1		20181108191328
948	1									1	1		20181108191328
949	1									1	1		20181108191328
950	2									2	2		20181108191328
951	1									1	1		20181108191328
952	1									1	1		20181108191328
953	1									1	1		20181108191328
954	1									1	1		20181108191328
955	2									2	2		20181108191328
957	1									1	1		20181108191328
958	1									1	1		20181108191328
960	2									2	2		20181108191328
962	1									1	1		20181108191328
963	1									1	1		20181108191328
964	1									1	1		20181108191328
965	1									1	1		20181108191328
966	1									1	1		20181108191328
967	1									1	1		20181108191328
968	1									1	1		20181108191328
969	1									1	1		20181108191328
970	2									2	2		20181108191328
971	1									1	1		20181108191328
972	1									1	1		20181108191328
973	2									2	2		20181108191328
974	1									1	1		20181108191328
975	1									1	1		20181108191328
976	1									1	1		20181108191328
977	1									1	1		20181108191328
978	1									1	1		20181108191328
979	1									1	1		20181108191328
980	1									1	1		20181108191328
981	1									1	1		20181108191328
982	1									1	1		20181108191328
983	2									2	2		20181108191328
984	2									2	2		20181108191328
985	1									1	1		20181108191328
986	1									1	1		20181108191328
987	1									1	1		20181108191328
988	1									1	1		20181108191328
989	1									1	1		20181108191328
990	1									1	1		20181108191328
992	1									1	1		20181108191328
993	1									1	1		20181108191328
994	1									1	1		20181108191328
995	2									2	2		20181108191328
996	1									1	1		20181108191328
997	1									1	1		20181108191328
998	1									1	1		20181108191328
999	1									1	1		20181108191328
1000	1									1	1		20181108191328
1001	2									2	2		20181108191328
1003	1									1	1		20181108191328
1004	1									1	1		20181108191328
1005	1									1	1		20181108191328
1006	1									1	1		20181108191328
1007	1									1	1		20181108191328
1008	1									1	1		20181108191328
1009	1									1	1		20181108191328
1010	1									1	1		20181108191328
1011	1									1	1		20181108191328
1012	1									1	1		20181108191328
1013	1									1	1		20181108191328
1014	1									1	1		20181108191328
1015	2									2	2		20181108191328
1016	1									1	1		20181108191328
1017	2									2	2		20181108191328
1018	1									1	1		20181108191328
1019	1									1	1		20181108191328
1020	2									2	2		20181108191328
1021	1									1	1		20181108191328
1022	1									1	1		20181108191328
1023	2									2	2		20181108191328
1024	1									1	1		20181108191328
1025	2									2	2		20181108191328
1026	1									1	1		20181108191328
1027	2									2	2		20181108191328
1028	2									2	2		20181108191328
1029	1									1	1		20181108191328
1030	2									2	2		20181108191328
1031	1									1	1		20181108191328
1032	1									1	1		20181108191328
1033	1									1	1		20181108191328
1035	1									1	1		20181108191328
1036	1									1	1		20181108191328
1037	1									1	1		20181108191328
1038	2									2	2		20181108191328
1039	2									2	2		20181108191328
1040	1									1	1		20181108191328
1041	1									1	1		20181108191328
1042	2									2	2		20181108191328
1043	1									1	1		20181108191328
1045	2									2	2		20181108191328
1046	1									1	1		20181108191328
1047	2									2	2		20181108191328
1048	1									1	1		20181108191328
1049	1									1	1		20181108191328
1050	1									1	1		20181108191328
1051	1									1	1		20181108191328
1052	1									1	1		20181108191328
1053	1									1	1		20181108191328
1054	1									1	1		20181108191328
1055	1									1	1		20181108191328
1056	1									1	1		20181108191328
1057	2									2	2		20181108191328
1058	1									1	1		20181108191328
1059	1									1	1		20181108191328
1060	1									1	1		20181108191328
1061	1									1	1		20181108191328
1062	1									1	1		20181108191328
1063	1									1	1		20181108191328
1064	1									1	1		20181108191328
1065	1									1	1		20181108191328
1066	1									1	1		20181108191328
1067	1									1	1		20181108191328
1069	1									1	1		20181108191328
1070	2									2	2		20181108191328
1071	1									1	1		20181108191328
1072	1									1	1		20181108191328
1073	1									1	1		20181108191328
1074	1									1	1		20181108191328
1075	1									1	1		20181108191328
1076	1									1	1		20181108191328
1077	1									1	1		20181108191328
1078	1									1	1		20181108191328
1079	1									1	1		20181108191328
1081	2									2	2		20181108191328
1082	1									1	1		20181108191328
1083	1									1	1		20181108191328
1084	2									2	2		20181108191328
1085	1									1	1		20181108191328
1086	2									2	2		20181108191328
1087	1									1	1		20181108191328
1088	1									1	1		20181108191328
1089	1									1	1		20181108191328
1090	1									1	1		20181108191328
1091	2									2	2		20181108191328
1092	1									1	1		20181108191328
1093	1									1	1		20181108191328
1094	1									1	1		20181108191328
1095	1									1	1		20181108191328
1096	1									1	1		20181108191328
1097	1									1	1		20181108191328
1098	1									1	1		20181108191328
1099	1									1	1		20181108191328
1100	1									1	1		20181108191328
1101	1									1	1		20181108191328
1102	1									1	1		20181108191328
1103	1									1	1		20181108191328
1104	1									1	1		20181108191328
1105	1									1	1		20181108191328
1106	1									1	1		20181108191328
1107	1									1	1		20181108191328
1108	1									1	1		20181108191328
1109	1									1	1		20181108191328
1110	1									1	1		20181108191328
1111	1									1	1		20181108191328
1112	1									1	1		20181108191328
1113	2									2	2		20181108191328
1114	1									1	1		20181108191328
1115	2									2	2		20181108191328
1116	1									1	1		20181108191328
1117	1									1	1		20181108191328
1118	1									1	1		20181108191328
1119	1									1	1		20181108191328
1120	2									2	2		20181108191328
1121	1									1	1		20181108191328
1122	1									1	1		20181108191328
1123	1									1	1		20181108191328
1124	1									1	1		20181108191328
1125	1									1	1		20181108191328
1126	1									1	1		20181108191328
1127	1									1	1		20181108191328
1129	1									1	1		20181108191328
1130	1									1	1		20181108191328
1131	1									1	1		20181108191328
1132	1									1	1		20181108191328
1133	1									1	1		20181108191328
1134	2									2	2		20181108191328
1135	1									1	1		20181108191328
1136	1									1	1		20181108191328
1137	1									1	1		20181108191328
1138	1									1	1		20181108191328
1139	1									1	1		20181108191328
1140	1									1	1		20181108191328
1141	1									1	1		20181108191328
1142	2									2	2		20181108191328
1143	1									1	1		20181108191328
1144	1									1	1		20181108191328
1145	1									1	1		20181108191328
1146	1									1	1		20181108191328
1147	1									1	1		20181108191328
1148	1									1	1		20181108191328
1150	1									1	1		20181108191328
1151	1									1	1		20181108191328
1152	1									1	1		20181108191328
1153	1									1	1		20181108191328
1154	1									1	1		20181108191328
1155	2									2	2		20181108191328
1156	1									1	1		20181108191328
1157	1									1	1		20181108191328
1158	1									1	1		20181108191328
1160	1									1	1		20181108191328
1161	1									1	1		20181108191328
1162	1									1	1		20181108191328
1163	1									1	1		20181108191328
1164	1									1	1		20181108191328
1165	1									1	1		20181108191328
1166	1									1	1		20181108191328
1167	2									2	2		20181108191328
1169	1									1	1		20181108191328
1170	1									1	1		20181108191328
1171	1									1	1		20181108191328
1172	1									1	1		20181108191328
1173	1									1	1		20181108191328
1174	2									2	2		20181108191328
1175	1									1	1		20181108191328
1176	1									1	1		20181108191328
1177	1									1	1		20181108191328
1178	1									1	1		20181108191328
1179	1									1	1		20181108191328
1180	1									1	1		20181108191328
1181	1									1	1		20181108191328
1182	1									1	1		20181108191328
1184	1									1	1		20181108191328
1185	1									1	1		20181108191328
1186	1									1	1		20181108191329
1187	1									1	1		20181108191329
1188	1									1	1		20181108191329
1189	1									1	1		20181108191329
1191	1									1	1		20181108191329
1192	1									1	1		20181108191329
1193	1									1	1		20181108191329
1194	2									2	2		20181108191329
1195	1									1	1		20181108191329
1196	1									1	1		20181108191329
1197	1									1	1		20181108191329
1198	1									1	1		20181108191329
1199	2									2	2		20181108191329
1200	1									1	1		20181108191329
1201	1									1	1		20181108191329
1202	1									1	1		20181108191329
1203	1									1	1		20181108191329
1204	1									1	1		20181108191329
1205	1									1	1		20181108191329
1206	2									2	2		20181108191329
1207	1									1	1		20181108191329
1208	1									1	1		20181108191329
1209	2									2	2		20181108191329
1210	1									1	1		20181108191329
1211	1									1	1		20181108191329
1212	1									1	1		20181108191329
1213	1									1	1		20181108191329
1214	2									2	2		20181108191329
1215	2									2	2		20181108191329
1216	1									1	1		20181108191329
1217	1									1	1		20181108191329
1218	1									1	1		20181108191329
1219	1									1	1		20181108191329
1220	1									1	1		20181108191329
1221	2									2	2		20181108191329
1222	1									1	1		20181108191329
1223	1									1	1		20181108191329
1224	1									1	1		20181108191329
1225	2									2	2		20181108191329
1226	1									1	1		20181108191329
1227	1									1	1		20181108191329
1228	1									1	1		20181108191329
1229	1									1	1		20181108191329
1230	1									1	1		20181108191329
1231	1									1	1		20181108191329
1232	1									1	1		20181108191329
1233	1									1	1		20181108191329
1235	2									2	2		20181108191329
1236	1									1	1		20181108191329
1237	1									1	1		20181108191329
1238	1									1	1		20181108191329
1239	2									2	2		20181108191329
1240	1									1	1		20181108191329
1241	1									1	1		20181108191329
1242	1									1	1		20181108191329
1243	1									1	1		20181108191329
1244	1									1	1		20181108191329
1245	1									1	1		20181108191329
1246	1									1	1		20181108191329
1248	1									1	1		20181108191329
1249	1									1	1		20181108191329
1250	2									2	2		20181108191329
1251	1									1	1		20181108191329
1252	1									1	1		20181108191329
1253	1									1	1		20181108191329
1254	2									2	2		20181108191329
1255	1									1	1		20181108191329
1256	1									1	1		20181108191329
1257	1									1	1		20181108191329
1258	1									1	1		20181108191329
1259	1									1	1		20181108191329
1260	1									1	1		20181108191329
1261	1									1	1		20181108191329
1262	1									1	1		20181108191329
1263	1									1	1		20181108191329
1264	1									1	1		20181108191329
1265	1									1	1		20181108191329
1266	1									1	1		20181108191329
1267	1									1	1		20181108191329
1268	1									1	1		20181108191329
1269	1									1	1		20181108191329
1270	2									2	2		20181108191329
1271	1									1	1		20181108191329
1272	1									1	1		20181108191329
1273	1									1	1		20181108191329
1274	2									2	2		20181108191329
1275	1									1	1		20181108191329
1277	1									1	1		20181108191329
1278	1									1	1		20181108191329
1279	1									1	1		20181108191329
1280	1									1	1		20181108191329
1282	1									1	1		20181108191329
1283	1									1	1		20181108191329
1284	1									1	1		20181108191329
1285	1									1	1		20181108191329
1286	1									1	1		20181108191329
1287	1									1	1		20181108191329
1288	1									1	1		20181108191329
1289	1									1	1		20181108191329
1290	1									1	1		20181108191329
1291	1									1	1		20181108191329
1292	1									1	1		20181108191329
1293	2									2	2		20181108191329
1294	1									1	1		20181108191329
1295	1									1	1		20181108191329
1297	1									1	1		20181108191329
1299	2									2	2		20181108191329
1300	1									1	1		20181108191329
1301	1									1	1		20181108191329
1302	1									1	1		20181108191329
1303	2									2	2		20181108191329
1304	1									1	1		20181108191329
1305	2									2	2		20181108191329
1306	1									1	1		20181108191329
1307	1									1	1		20181108191329
1308	1									1	1		20181108191329
1309	1									1	1		20181108191329
1310	2									2	2		20181108191329
1311	1									1	1		20181108191329
1312	1									1	1		20181108191329
1313	1									1	1		20181108191329
1314	1									1	1		20181108191329
1316	1									1	1		20181108191329
1317	1									1	1		20181108191329
1318	1									1	1		20181108191329
1319	1									1	1		20181108191329
1320	1									1	1		20181108191329
1321	1									1	1		20181108191329
1323	2									2	2		20181108191329
1325	1									1	1		20181108191329
1326	1									1	1		20181108191329
1327	1									1	1		20181108191329
1328	1									1	1		20181108191329
1329	2									2	2		20181108191329
1330	1									1	1		20181108191329
1331	1									1	1		20181108191329
1332	1									1	1		20181108191329
1333	1									1	1		20181108191329
1334	1									1	1		20181108191329
1335	1									1	1		20181108191329
1336	1									1	1		20181108191329
1337	1									1	1		20181108191329
1338	1									1	1		20181108191329
1339	1									1	1		20181108191329
1340	1									1	1		20181108191329
1341	2									2	2		20181108191329
1342	2									2	2		20181108191329
1343	1									1	1		20181108191329
1344	1									1	1		20181108191329
1345	1									1	1		20181108191329
1346	1									1	1		20181108191329
1350	1									1	1		20181108191329
1351	1									1	1		20181108191329
1353	1									1	1		20181108191329
1354	1									1	1		20181108191329
1355	1									1	1		20181108191329
1356	1									1	1		20181108191329
1357	1									1	1		20181108191329
1358	1									1	1		20181108191329
1359	1									1	1		20181108191329
1360	1									1	1		20181108191329
1361	1									1	1		20181108191329
1363	1									1	1		20181108191329
1364	1									1	1		20181108191329
1365	1									1	1		20181108191329
1366	2									2	2		20181108191329
1367	1									1	1		20181108191329
1368	1									1	1		20181108191329
1369	1									1	1		20181108191329
1370	1									1	1		20181108191329
1371	2									2	2		20181108191329
1373	1									1	1		20181108191329
1374	1									1	1		20181108191329
1375	2									2	2		20181108191329
1376	1									1	1		20181108191329
1377	1									1	1		20181108191329
1378	1									1	1		20181108191329
1379	1									1	1		20181108191329
1380	1									1	1		20181108191329
1381	2									2	2		20181108191329
1382	1									1	1		20181108191329
1383	1									1	1		20181108191329
1384	1									1	1		20181108191329
1385	1									1	1		20181108191329
1386	1									1	1		20181108191329
1387	1									1	1		20181108191329
1388	1									1	1		20181108191329
1389	1									1	1		20181108191329
1390	1									1	1		20181108191329
1391	1									1	1		20181108191329
1392	1									1	1		20181108191329
1393	2									2	2		20181108191329
1394	1									1	1		20181108191329
1395	1									1	1		20181108191329
1396	2									2	2		20181108191329
1397	2									2	2		20181108191329
1398	1									1	1		20181108191329
1399	1									1	1		20181108191329
1400	1									1	1		20181108191329
1401	2									2	2		20181108191329
1402	2									2	2		20181108191329
1403	1									1	1		20181108191329
1404	1									1	1		20181108191329
1405	1									1	1		20181108191329
1406	1									1	1		20181108191329
1407	1									1	1		20181108191329
1408	1									1	1		20181108191329
1409	1									1	1		20181108191329
1410	1									1	1		20181108191329
1411	1									1	1		20181108191329
1412	1									1	1		20181108191329
1413	1									1	1		20181108191329
1414	1									1	1		20181108191329
1415	1									1	1		20181108191329
1416	1									1	1		20181108191329
1417	1									1	1		20181108191329
1418	1									1	1		20181108191329
1419	1									1	1		20181108191329
1420	1									1	1		20181108191329
1421	1									1	1		20181108191329
1422	1									1	1		20181108191329
1423	1									1	1		20181108191329
1424	1									1	1		20181108191329
1425	1									1	1		20181108191329
1426	1									1	1		20181108191329
1427	1									1	1		20181108191329
1428	1									1	1		20181108191329
1429	1									1	1		20181108191329
1430	1									1	1		20181108191329
1431	2									2	2		20181108191329
1432	1									1	1		20181108191329
1433	1									1	1		20181108191329
1434	1									1	1		20181108191329
1435	1									1	1		20181108191329
1436	1									1	1		20181108191329
1437	2									2	2		20181108191329
1440	1									1	1		20181108191329
1441	1									1	1		20181108191329
1442	1									1	1		20181108191329
1443	1									1	1		20181108191329
1444	1									1	1		20181108191329
1445	1									1	1		20181108191329
1446	1									1	1		20181108191329
1447	2									2	2		20181108191329
1448	1									1	1		20181108191329
1449	1									1	1		20181108191329
1450	1									1	1		20181108191329
1451	1									1	1		20181108191329
1452	1									1	1		20181108191329
1453	1									1	1		20181108191329
1454	1									1	1		20181108191329
1455	1									1	1		20181108191329
1456	1									1	1		20181108191329
1457	1									1	1		20181108191329
1458	1									1	1		20181108191329
1459	1									1	1		20181108191329
1460	1									1	1		20181108191329
1461	1									1	1		20181108191329
1462	1									1	1		20181108191329
1463	1									1	1		20181108191329
1464	1									1	1		20181108191329
1465	1									1	1		20181108191329
1466	1									1	1		20181108191329
1467	1									1	1		20181108191329
1468	1									1	1		20181108191329
1469	1									1	1		20181108191329
1470	1									1	1		20181108191329
1471	1									1	1		20181108191329
1472	1									1	1		20181108191329
1473	1									1	1		20181108191329
1474	1									1	1		20181108191329
1475	1									1	1		20181108191329
1476	1									1	1		20181108191329
1477	2									2	2		20181108191329
1478	1									1	1		20181108191329
1479	1									1	1		20181108191329
1480	1									1	1		20181108191329
1481	1									1	1		20181108191329
1482	1									1	1		20181108191329
1483	1									1	1		20181108191329
1484	2									2	2		20181108191329
1485	1									1	1		20181108191329
1486	1									1	1		20181108191329
1487	1									1	1		20181108191329
1489	1									1	1		20181108191329
1490	1									1	1		20181108191329
1491	1									1	1		20181108191329
1492	1									1	1		20181108191329
1493	1									1	1		20181108191329
1494	1									1	1		20181108191329
1495	1									1	1		20181108191329
1496	1									1	1		20181108191329
1497	1									1	1		20181108191329
1498	1									1	1		20181108191329
1499	1									1	1		20181108191329
1501	1									1	1		20181108191329
1502	1									1	1		20181108191329
1503	1									1	1		20181108191329
1504	1									1	1		20181108191329
1505	1									1	1		20181108191329
1506	1									1	1		20181108191329
1507	1									1	1		20181108191329
1508	1									1	1		20181108191329
1509	1									1	1		20181108191329
1510	1									1	1		20181108191329
1511	1									1	1		20181108191329
1512	1									1	1		20181108191329
1513	1									1	1		20181108191329
1514	1									1	1		20181108191329
1515	1									1	1		20181108191329
1516	1									1	1		20181108191329
1517	1									1	1		20181108191329
1518	2									2	2		20181108191329
1519	1									1	1		20181108191329
1520	1									1	1		20181108191329
1521	1									1	1		20181108191329
1522	1									1	1		20181108191329
1523	1									1	1		20181108191329
1524	1									1	1		20181108191329
1525	1									1	1		20181108191329
1526	1									1	1		20181108191329
1527	2									2	2		20181108191329
1528	1									1	1		20181108191329
1529	1									1	1		20181108191329
1530	1									1	1		20181108191329
1531	1									1	1		20181108191329
1532	1									1	1		20181108191329
1534	1									1	1		20181108191329
1535	2									2	2		20181108191329
1536	1									1	1		20181108191329
1537	1									1	1		20181108191329
1538	1									1	1		20181108191329
1539	1									1	1		20181108191329
1540	1									1	1		20181108191329
1541	2									2	2		20181108191329
1542	1									1	1		20181108191329
1543	1									1	1		20181108191330
1544	1									1	1		20181108191330
1545	1									1	1		20181108191330
1546	1									1	1		20181108191330
1547	1									1	1		20181108191330
1548	1									1	1		20181108191330
1549	2									2	2		20181108191330
1550	1									1	1		20181108191330
1551	1									1	1		20181108191330
1552	2									2	2		20181108191330
1553	1									1	1		20181108191330
1554	1									1	1		20181108191330
1555	1									1	1		20181108191330
1556	1									1	1		20181108191330
1557	1									1	1		20181108191330
1558	1									1	1		20181108191330
1559	1									1	1		20181108191330
1560	1									1	1		20181108191330
1561	2									2	2		20181108191330
1562	1									1	1		20181108191330
1563	1									1	1		20181108191330
1564	1									1	1		20181108191330
1566	1									1	1		20181108191330
1567	1									1	1		20181108191330
1568	1									1	1		20181108191330
1569	1									1	1		20181108191330
1570	1									1	1		20181108191330
1571	2									2	2		20181108191330
1572	1									1	1		20181108191330
1573	1									1	1		20181108191330
1574	2									2	2		20181108191330
1575	1									1	1		20181108191330
1576	1									1	1		20181108191330
1577	1									1	1		20181108191330
1578	1									1	1		20181108191330
1579	1									1	1		20181108191330
1580	1									1	1		20181108191330
1581	1									1	1		20181108191330
1582	1									1	1		20181108191330
1583	2									2	2		20181108191330
1584	1									1	1		20181108191330
1585	1									1	1		20181108191330
1586	1									1	1		20181108191330
1587	1									1	1		20181108191330
1588	1									1	1		20181108191330
1589	1									1	1		20181108191330
1590	1									1	1		20181108191330
1591	1									1	1		20181108191330
1592	1									1	1		20181108191330
1593	1									1	1		20181108191330
1594	2									2	2		20181108191330
1596	1									1	1		20181108191330
1597	2									2	2		20181108191330
1599	1									1	1		20181108191330
1600	1									1	1		20181108191330
1601	1									1	1		20181108191330
1602	1									1	1		20181108191330
1603	2									2	2		20181108191330
1604	1									1	1		20181108191330
1605	2									2	2		20181108191330
1606	2									2	2		20181108191330
1607	1									1	1		20181108191330
1608	1									1	1		20181108191330
1609	2									2	2		20181108191330
1610	1									1	1		20181108191330
1611	1									1	1		20181108191330
1612	1									1	1		20181108191330
1613	1									1	1		20181108191330
1614	1									1	1		20181108191330
1615	1									1	1		20181108191330
1616	1									1	1		20181108191330
1618	1									1	1		20181108191330
1619	1									1	1		20181108191330
1620	1									1	1		20181108191330
1621	1									1	1		20181108191330
1622	1									1	1		20181108191330
1623	1									1	1		20181108191330
1624	1									1	1		20181108191330
1625	1									1	1		20181108191330
1626	1									1	1		20181108191330
1627	1									1	1		20181108191330
1628	1									1	1		20181108191330
1630	2									2	2		20181108191330
1631	1									1	1		20181108191330
1632	1									1	1		20181108191330
1633	1									1	1		20181108191330
1634	1									1	1		20181108191330
1635	1									1	1		20181108191330
1636	1									1	1		20181108191330
1637	1									1	1		20181108191330
1638	1									1	1		20181108191330
1639	1									1	1		20181108191330
1640	2									2	2		20181108191330
1641	1									1	1		20181108191330
1642	1									1	1		20181108191330
1643	2									2	2		20181108191330
1644	1									1	1		20181108191330
1645	1									1	1		20181108191330
1646	2									2	2		20181108191330
1647	1									1	1		20181108191330
1648	1									1	1		20181108191330
1649	1									1	1		20181108191330
1650	1									1	1		20181108191330
1651	1									1	1		20181108191330
1652	1									1	1		20181108191330
1653	1									1	1		20181108191330
1654	1									1	1		20181108191330
1655	1									1	1		20181108191330
1656	1									1	1		20181108191330
1657	1									1	1		20181108191330
1658	1									1	1		20181108191330
1659	1									1	1		20181108191330
1660	1									1	1		20181108191330
1661	1									1	1		20181108191330
1662	1									1	1		20181108191330
1663	1									1	1		20181108191330
1664	2									2	2		20181108191330
1665	1									1	1		20181108191330
1666	1									1	1		20181108191330
1667	1									1	1		20181108191330
1668	1									1	1		20181108191330
1669	1									1	1		20181108191330
1670	1									1	1		20181108191330
1671	1									1	1		20181108191330
1672	2									2	2		20181108191330
1673	1									1	1		20181108191330
1674	1									1	1		20181108191330
1675	1									1	1		20181108191330
1676	1									1	1		20181108191330
1677	1									1	1		20181108191330
1678	1									1	1		20181108191330
1679	1									1	1		20181108191330
1680	1									1	1		20181108191330
1681	1									1	1		20181108191330
1682	1									1	1		20181108191330
1683	1									1	1		20181108191330
1684	1									1	1		20181108191330
1685	1									1	1		20181108191330
1686	1									1	1		20181108191330
1687	1									1	1		20181108191330
1688	1									1	1		20181108191330
1689	1									1	1		20181108191330
1690	1									1	1		20181108191330
1691	1									1	1		20181108191330
1692	1									1	1		20181108191330
1694	1									1	1		20181108191330
1695	1									1	1		20181108191330
1696	2									2	2		20181108191330
1697	1									1	1		20181108191330
1698	1									1	1		20181108191330
1700	1									1	1		20181108191330
1701	2									2	2		20181108191330
1702	1									1	1		20181108191330
1703	1									1	1		20181108191330
1704	1									1	1		20181108191330
1705	1									1	1		20181108191330
1706	1									1	1		20181108191330
1707	2									2	2		20181108191330
1708	1									1	1		20181108191330
1709	2									2	2		20181108191330
1710	2									2	2		20181108191330
1711	1									1	1		20181108191330
1712	1									1	1		20181108191330
1713	1									1	1		20181108191330
1714	1									1	1		20181108191330
1715	1									1	1		20181108191330
1716	1									1	1		20181108191330
1717	1									1	1		20181108191330
1718	1									1	1		20181108191330
1719	1									1	1		20181108191330
1720	1									1	1		20181108191330
1721	1									1	1		20181108191330
1722	1									1	1		20181108191330
1723	1									1	1		20181108191330
1724	1									1	1		20181108191330
1725	1									1	1		20181108191330
1726	1									1	1		20181108191330
1727	1									1	1		20181108191330
1728	1									1	1		20181108191330
1729	2									2	2		20181108191330
1731	1									1	1		20181108191330
1732	1									1	1		20181108191330
1733	1									1	1		20181108191330
1735	1									1	1		20181108191330
1736	1									1	1		20181108191330
1737	1									1	1		20181108191330
1738	1									1	1		20181108191330
1739	1									1	1		20181108191330
1740	2									2	2		20181108191330
1741	1									1	1		20181108191330
1742	2									2	2		20181108191330
1743	2									2	2		20181108191330
1744	1									1	1		20181108191330
1745	1									1	1		20181108191330
1746	1									1	1		20181108191330
1747	1									1	1		20181108191330
1748	1									1	1		20181108191330
1749	1									1	1		20181108191330
1750	2									2	2		20181108191330
1751	1									1	1		20181108191330
1752	1									1	1		20181108191330
1753	1									1	1		20181108191330
1754	1									1	1		20181108191330
1755	1									1	1		20181108191330
1756	1									1	1		20181108191330
1757	1									1	1		20181108191330
1758	1									1	1		20181108191330
1759	1									1	1		20181108191330
1760	1									1	1		20181108191330
1761	1									1	1		20181108191330
1762	1									1	1		20181108191330
1763	1									1	1		20181108191330
1764	1									1	1		20181108191330
1766	2									2	2		20181108191330
1767	1									1	1		20181108191330
1768	1									1	1		20181108191330
1769	1									1	1		20181108191330
1770	1									1	1		20181108191330
1771	1									1	1		20181108191330
1772	1									1	1		20181108191330
1773	1									1	1		20181108191330
1774	2									2	2		20181108191330
1775	1									1	1		20181108191330
1776	1									1	1		20181108191330
1777	1									1	1		20181108191330
1778	1									1	1		20181108191330
1779	1									1	1		20181108191330
1780	1									1	1		20181108191330
1781	1									1	1		20181108191330
1782	1									1	1		20181108191330
1783	1									1	1		20181108191330
1784	1									1	1		20181108191330
1785	1									1	1		20181108191330
1786	1									1	1		20181108191330
1787	1									1	1		20181108191330
1788	1									1	1		20181108191330
1789	1									1	1		20181108191330
1790	1									1	1		20181108191330
1791	2									2	2		20181108191330
1792	1									1	1		20181108191330
1793	1									1	1		20181108191330
1794	1									1	1		20181108191330
1795	1									1	1		20181108191330
1796	1									1	1		20181108191330
1797	2									2	2		20181108191330
1798	1									1	1		20181108191330
1799	1									1	1		20181108191330
1800	1									1	1		20181108191330
1801	1									1	1		20181108191330
1802	1									1	1		20181108191330
1803	1									1	1		20181108191330
1804	1									1	1		20181108191330
1805	1									1	1		20181108191330
1806	1									1	1		20181108191330
1808	2									2	2		20181108191330
1809	2									2	2		20181108191330
1810	1									1	1		20181108191330
1811	1									1	1		20181108191330
1812	1									1	1		20181108191330
1813	1									1	1		20181108191330
1814	1									1	1		20181108191330
1816	2									2	2		20181108191330
1817	1									1	1		20181108191330
1818	2									2	2		20181108191330
1819	1									1	1		20181108191330
1820	1									1	1		20181108191330
1821	2									2	2		20181108191330
1822	2									2	2		20181108191330
1823	2									2	2		20181108191330
1824	1									1	1		20181108191330
1825	1									1	1		20181108191330
1826	2									2	2		20181108191330
1827	1									1	1		20181108191330
1828	1									1	1		20181108191330
1829	1									1	1		20181108191330
1831	1									1	1		20181108191330
1832	2									2	2		20181108191330
1833	1									1	1		20181108191330
1834	1									1	1		20181108191330
1835	2									2	2		20181108191330
1836	1									1	1		20181108191330
1837	1									1	1		20181108191330
1838	1									1	1		20181108191330
1839	1									1	1		20181108191330
1840	1									1	1		20181108191330
1841	1									1	1		20181108191330
1842	1									1	1		20181108191330
1843	2									2	2		20181108191330
1844	2									2	2		20181108191330
1845	2									2	2		20181108191330
1846	2									2	2		20181108191330
1847	1									1	1		20181108191330
1848	2									2	2		20181108191330
1849	1									1	1		20181108191330
1850	1									1	1		20181108191330
1851	1									1	1		20181108191330
1852	1									1	1		20181108191330
1853	2									2	2		20181108191330
1854	1									1	1		20181108191330
1855	2									2	2		20181108191330
1857	2									2	2		20181108191330
1858	1									1	1		20181108191330
1859	2									2	2		20181108191330
1860	2									2	2		20181108191330
1861	1									1	1		20181108191330
1862	2									2	2		20181108191330
1863	1									1	1		20181108191330
1864	1									1	1		20181108191330
1865	1									1	1		20181108191330
1866	1									1	1		20181108191330
1867	2									2	2		20181108191330
1868	1									1	1		20181108191330
1869	2									2	2		20181108191330
1870	1									1	1		20181108191330
1871	1									1	1		20181108191330
1872	2									2	2		20181108191330
1873	1									1	1		20181108191330
1874	1									1	1		20181108191330
1875	1									1	1		20181108191330
1876	1									1	1		20181108191330
1877	1									1	1		20181108191330
1878	2									2	2		20181108191330
1879	1									1	1		20181108191330
1880	1									1	1		20181108191330
1881	1									1	1		20181108191330
1882	2									2	2		20181108191330
1883	2									2	2		20181108191330
1884	1									1	1		20181108191330
1885	1									1	1		20181108191330
1886	1									1	1		20181108191330
1887	1									1	1		20181108191330
1888	1									1	1		20181108191330
1889	1									1	1		20181108191330
1890	2									2	2		20181108191330
1891	1									1	1		20181108191330
1892	1									1	1		20181108191330
1893	1									1	1		20181108191330
1894	1									1	1		20181108191330
1895	1									1	1		20181108191330
1896	1									1	1		20181108191330
1897	1									1	1		20181108191330
1898	1									1	1		20181108191330
1899	1									1	1		20181108191330
1900	2									2	2		20181108191330
1901	1									1	1		20181108191330
1902	1									1	1		20181108191330
1903	1									1	1		20181108191330
1904	1									1	1		20181108191330
1905	1									1	1		20181108191330
1906	1									1	1		20181108191330
1907	1									1	1		20181108191330
1908	1									1	1		20181108191330
1909	1									1	1		20181108191330
1910	1									1	1		20181108191330
1911	1									1	1		20181108191330
1912	1									1	1		20181108191330
1913	2									2	2		20181108191330
1914	1									1	1		20181108191330
1915	1									1	1		20181108191330
1916	1									1	1		20181108191330
1917	1									1	1		20181108191330
1918	1									1	1		20181108191330
1919	1									1	1		20181108191330
1920	2									2	2		20181108191330
1921	1									1	1		20181108191331
1922	1									1	1		20181108191331
1923	1									1	1		20181108191331
1924	1									1	1		20181108191331
1925	1									1	1		20181108191331
1926	1									1	1		20181108191331
1927	1									1	1		20181108191331
1928	1									1	1		20181108191331
1929	2									2	2		20181108191331
1930	1									1	1		20181108191331
1931	1									1	1		20181108191331
1932	1									1	1		20181108191331
1933	1									1	1		20181108191331
1934	2									2	2		20181108191331
1936	2									2	2		20181108191331
1937	1									1	1		20181108191331
1938	1									1	1		20181108191331
1939	1									1	1		20181108191331
1940	1									1	1		20181108191331
1941	1									1	1		20181108191331
1942	1									1	1		20181108191331
1943	1									1	1		20181108191331
1944	2									2	2		20181108191331
1945	1									1	1		20181108191331
1946	1									1	1		20181108191331
1947	1									1	1		20181108191331
1948	1									1	1		20181108191331
1949	1									1	1		20181108191331
1951	1									1	1		20181108191331
1952	1									1	1		20181108191331
1953	2									2	2		20181108191331
1954	1									1	1		20181108191331
1955	1									1	1		20181108191331
1956	2									2	2		20181108191331
1957	1									1	1		20181108191331
1958	1									1	1		20181108191331
1959	1									1	1		20181108191331
1960	1									1	1		20181108191331
1961	1									1	1		20181108191331
1962	1									1	1		20181108191331
1963	2									2	2		20181108191331
1964	2									2	2		20181108191331
1965	1									1	1		20181108191331
1966	1									1	1		20181108191331
1967	1									1	1		20181108191331
1968	2									2	2		20181108191331
1969	1									1	1		20181108191331
1970	1									1	1		20181108191331
1971	2									2	2		20181108191331
1972	1									1	1		20181108191331
1973	2									2	2		20181108191331
1974	1									1	1		20181108191331
1975	1									1	1		20181108191331
1976	1									1	1		20181108191331
1977	1									1	1		20181108191331
1978	1									1	1		20181108191331
1979	1									1	1		20181108191331
1980	1									1	1		20181108191331
1981	2									2	2		20181108191331
1982	1									1	1		20181108191331
1983	1									1	1		20181108191331
1984	1									1	1		20181108191331
1985	1									1	1		20181108191331
1986	1									1	1		20181108191331
1988	1									1	1		20181108191331
1989	1									1	1		20181108191331
1990	1									1	1		20181108191331
1991	1									1	1		20181108191331
1992	1									1	1		20181108191331
1993	1									1	1		20181108191331
1994	1									1	1		20181108191331
1995	1									1	1		20181108191331
1996	1									1	1		20181108191331
1997	2									2	2		20181108191331
1998	1									1	1		20181108191331
1999	1									1	1		20181108191331
