Line_ID	As_Short_Text_LTE_400	As_Long_Text_LTE_4000	As_Year	As_Month	As_Day	As_Hour	As_Minute	As_Second	As_Millisecond	As_Double	As_Long	As_Bool	YMD_hms_Key
1	07/08/2007		2007	7	8	0	0	0	0				20181108191325
2	02/12/2015		2015	2	12	0	0	0	0				20181108191325
3	12/05/2013		2013	12	5	0	0	0	0				20181108191325
4	07/08/2007		2007	7	8	0	0	0	0				20181108191325
5	07/08/2007		2007	7	8	0	0	0	0				20181108191325
6	05/11/2015		2015	5	11	0	0	0	0				20181108191325
7	03/24/2017		2017	3	24	0	0	0	0				20181108191325
8	11/19/2015		2015	11	19	0	0	0	0				20181108191325
9	07/08/2007		2007	7	8	0	0	0	0				20181108191325
10	12/05/2013		2013	12	5	0	0	0	0				20181108191325
11	06/17/2008		2008	6	17	0	0	0	0				20181108191325
13	01/22/2015		2015	1	22	0	0	0	0				20181108191325
14	02/07/2014		2014	2	7	0	0	0	0				20181108191325
15	08/02/2018		2018	8	2	0	0	0	0				20181108191325
16	03/25/2010		2010	3	25	0	0	0	0				20181108191325
17	06/02/2008		2008	6	2	0	0	0	0				20181108191325
18	08/27/2014		2014	8	27	0	0	0	0				20181108191325
19	07/08/2007		2007	7	8	0	0	0	0				20181108191325
20	03/22/2011		2011	3	22	0	0	0	0				20181108191325
21	11/15/2012		2012	11	15	0	0	0	0				20181108191325
22	04/18/2013		2013	4	18	0	0	0	0				20181108191325
23	09/19/2016		2016	9	19	0	0	0	0				20181108191325
24	12/22/2011		2011	12	22	0	0	0	0				20181108191325
25	04/05/2013		2013	4	5	0	0	0	0				20181108191325
27	07/29/2016		2016	7	29	0	0	0	0				20181108191325
28	03/20/2014		2014	3	20	0	0	0	0				20181108191325
29	04/11/2011		2011	4	11	0	0	0	0				20181108191325
30	07/08/2007		2007	7	8	0	0	0	0				20181108191325
31	07/08/2007		2007	7	8	0	0	0	0				20181108191325
32	06/12/2008		2008	6	12	0	0	0	0				20181108191325
34	04/07/2008		2008	4	7	0	0	0	0				20181108191325
35	07/31/2014		2014	7	31	0	0	0	0				20181108191325
36	10/01/2018		2018	10	1	0	0	0	0				20181108191325
37	10/16/2007		2007	10	16	0	0	0	0				20181108191325
38	07/09/2007		2007	7	9	0	0	0	0				20181108191325
39	07/10/2018		2018	7	10	0	0	0	0				20181108191325
40	10/24/2008		2008	10	24	0	0	0	0				20181108191325
42	03/06/2014		2014	3	6	0	0	0	0				20181108191325
43	07/08/2007		2007	7	8	0	0	0	0				20181108191325
44	10/20/2008		2008	10	20	0	0	0	0				20181108191325
45	07/08/2007		2007	7	8	0	0	0	0				20181108191325
46	10/03/2016		2016	10	3	0	0	0	0				20181108191325
47	07/09/2007		2007	7	9	0	0	0	0				20181108191325
48	08/07/2008		2008	8	7	0	0	0	0				20181108191325
49	05/26/2010		2010	5	26	0	0	0	0				20181108191325
50	10/24/2011		2011	10	24	0	0	0	0				20181108191325
51	07/08/2007		2007	7	8	0	0	0	0				20181108191325
52	08/23/2016		2016	8	23	0	0	0	0				20181108191325
53	06/05/2018		2018	6	5	0	0	0	0				20181108191325
54	04/17/2008		2008	4	17	0	0	0	0				20181108191325
55	03/05/2014		2014	3	5	0	0	0	0				20181108191325
56	10/17/2011		2011	10	17	0	0	0	0				20181108191325
57	06/25/2013		2013	6	25	0	0	0	0				20181108191325
58	07/17/2009		2009	7	17	0	0	0	0				20181108191325
60	11/19/2010		2010	11	19	0	0	0	0				20181108191325
61	04/20/2008		2008	4	20	0	0	0	0				20181108191325
62	08/30/2018		2018	8	30	0	0	0	0				20181108191325
63	08/23/2017		2017	8	23	0	0	0	0				20181108191326
64	07/08/2007		2007	7	8	0	0	0	0				20181108191326
65	07/13/2017		2017	7	13	0	0	0	0				20181108191326
66	11/18/2009		2009	11	18	0	0	0	0				20181108191326
67	02/04/2008		2008	2	4	0	0	0	0				20181108191326
68	07/08/2007		2007	7	8	0	0	0	0				20181108191326
70	07/08/2007		2007	7	8	0	0	0	0				20181108191326
71	08/04/2008		2008	8	4	0	0	0	0				20181108191326
72	05/18/2018		2018	5	18	0	0	0	0				20181108191326
73	12/08/2016		2016	12	8	0	0	0	0				20181108191326
74	05/25/2010		2010	5	25	0	0	0	0				20181108191326
75	03/06/2013		2013	3	6	0	0	0	0				20181108191326
76	08/02/2007		2007	8	2	0	0	0	0				20181108191326
77	04/20/2016		2016	4	20	0	0	0	0				20181108191326
78	04/03/2012		2012	4	3	0	0	0	0				20181108191326
79	08/04/2008		2008	8	4	0	0	0	0				20181108191326
80	04/03/2015		2015	4	3	0	0	0	0				20181108191326
81	07/08/2007		2007	7	8	0	0	0	0				20181108191326
83	04/19/2013		2013	4	19	0	0	0	0				20181108191326
84	02/19/2014		2014	2	19	0	0	0	0				20181108191326
85	12/16/2015		2015	12	16	0	0	0	0				20181108191326
86	01/18/2011		2011	1	18	0	0	0	0				20181108191326
87	03/20/2015		2015	3	20	0	0	0	0				20181108191326
88	12/27/2007		2007	12	27	0	0	0	0				20181108191326
89	07/08/2007		2007	7	8	0	0	0	0				20181108191326
90	07/08/2007		2007	7	8	0	0	0	0				20181108191326
91	05/24/2011		2011	5	24	0	0	0	0				20181108191326
93	07/14/2008		2008	7	14	0	0	0	0				20181108191326
94	07/23/2015		2015	7	23	0	0	0	0				20181108191326
95	07/09/2007		2007	7	9	0	0	0	0				20181108191326
96	07/08/2007		2007	7	8	0	0	0	0				20181108191326
97	07/09/2007		2007	7	9	0	0	0	0				20181108191326
98	11/07/2013		2013	11	7	0	0	0	0				20181108191326
99	10/17/2014		2014	10	17	0	0	0	0				20181108191326
100	01/06/2015		2015	1	6	0	0	0	0				20181108191326
101	11/28/2017		2017	11	28	0	0	0	0				20181108191326
102	08/17/2018		2018	8	17	0	0	0	0				20181108191326
103	08/01/2018		2018	8	1	0	0	0	0				20181108191326
104	07/08/2007		2007	7	8	0	0	0	0				20181108191326
105	07/08/2007		2007	7	8	0	0	0	0				20181108191326
106	08/14/2018		2018	8	14	0	0	0	0				20181108191326
107	07/08/2007		2007	7	8	0	0	0	0				20181108191326
108	10/23/2015		2015	10	23	0	0	0	0				20181108191326
109	07/09/2007		2007	7	9	0	0	0	0				20181108191326
110	01/30/2018		2018	1	30	0	0	0	0				20181108191326
111	07/08/2007		2007	7	8	0	0	0	0				20181108191326
112	06/24/2010		2010	6	24	0	0	0	0				20181108191326
113	02/19/2013		2013	2	19	0	0	0	0				20181108191326
114	07/08/2007		2007	7	8	0	0	0	0				20181108191326
115	03/20/2008		2008	3	20	0	0	0	0				20181108191326
116	10/17/2007		2007	10	17	0	0	0	0				20181108191326
117	06/21/2013		2013	6	21	0	0	0	0				20181108191326
118	07/08/2007		2007	7	8	0	0	0	0				20181108191326
119	11/24/2012		2012	11	24	0	0	0	0				20181108191326
120	02/23/2016		2016	2	23	0	0	0	0				20181108191326
121	07/08/2007		2007	7	8	0	0	0	0				20181108191326
122	01/10/2012		2012	1	10	0	0	0	0				20181108191326
123	04/24/2009		2009	4	24	0	0	0	0				20181108191326
124	10/27/2015		2015	10	27	0	0	0	0				20181108191326
126	07/06/2011		2011	7	6	0	0	0	0				20181108191326
127	06/11/2015		2015	6	11	0	0	0	0				20181108191326
128	07/08/2007		2007	7	8	0	0	0	0				20181108191326
129	01/19/2017		2017	1	19	0	0	0	0				20181108191326
130	04/20/2008		2008	4	20	0	0	0	0				20181108191326
131	08/17/2015		2015	8	17	0	0	0	0				20181108191326
132	07/08/2010		2010	7	8	0	0	0	0				20181108191326
133	03/01/2013		2013	3	1	0	0	0	0				20181108191326
134	02/15/2013		2013	2	15	0	0	0	0				20181108191326
135	12/15/2010		2010	12	15	0	0	0	0				20181108191326
136	10/25/2007		2007	10	25	0	0	0	0				20181108191326
137	07/08/2007		2007	7	8	0	0	0	0				20181108191326
138	07/08/2007		2007	7	8	0	0	0	0				20181108191326
139	07/08/2010		2010	7	8	0	0	0	0				20181108191326
140	04/30/2012		2012	4	30	0	0	0	0				20181108191326
142	07/14/2014		2014	7	14	0	0	0	0				20181108191326
143	07/08/2007		2007	7	8	0	0	0	0				20181108191326
144	07/15/2010		2010	7	15	0	0	0	0				20181108191326
145	07/08/2007		2007	7	8	0	0	0	0				20181108191326
146	07/08/2007		2007	7	8	0	0	0	0				20181108191326
147	07/08/2007		2007	7	8	0	0	0	0				20181108191326
148	08/15/2014		2014	8	15	0	0	0	0				20181108191326
149	02/29/2008		2008	2	29	0	0	0	0				20181108191326
150	07/08/2007		2007	7	8	0	0	0	0				20181108191326
151	01/22/2009		2009	1	22	0	0	0	0				20181108191326
152	05/30/2018		2018	5	30	0	0	0	0				20181108191326
153	01/05/2015		2015	1	5	0	0	0	0				20181108191326
154	07/08/2007		2007	7	8	0	0	0	0				20181108191326
155	07/08/2007		2007	7	8	0	0	0	0				20181108191326
156	12/12/2011		2011	12	12	0	0	0	0				20181108191326
157	06/22/2010		2010	6	22	0	0	0	0				20181108191326
158	07/08/2007		2007	7	8	0	0	0	0				20181108191326
159	03/30/2010		2010	3	30	0	0	0	0				20181108191326
160	10/05/2015		2015	10	5	0	0	0	0				20181108191326
161	08/17/2015		2015	8	17	0	0	0	0				20181108191326
162	07/08/2007		2007	7	8	0	0	0	0				20181108191326
163	07/08/2007		2007	7	8	0	0	0	0				20181108191326
164	04/29/2010		2010	4	29	0	0	0	0				20181108191326
165	07/09/2007		2007	7	9	0	0	0	0				20181108191326
166	10/11/2012		2012	10	11	0	0	0	0				20181108191326
167	07/08/2007		2007	7	8	0	0	0	0				20181108191326
168	07/08/2007		2007	7	8	0	0	0	0				20181108191326
169	07/08/2007		2007	7	8	0	0	0	0				20181108191326
170	07/09/2007		2007	7	9	0	0	0	0				20181108191326
171	02/11/2008		2008	2	11	0	0	0	0				20181108191326
172	12/12/2007		2007	12	12	0	0	0	0				20181108191326
174	08/03/2016		2016	8	3	0	0	0	0				20181108191326
176	12/02/2009		2009	12	2	0	0	0	0				20181108191326
177	12/28/2012		2012	12	28	0	0	0	0				20181108191326
178	06/10/2009		2009	6	10	0	0	0	0				20181108191326
179	08/28/2015		2015	8	28	0	0	0	0				20181108191326
180	04/05/2011		2011	4	5	0	0	0	0				20181108191326
181	11/17/2011		2011	11	17	0	0	0	0				20181108191326
182	02/02/2012		2012	2	2	0	0	0	0				20181108191326
183	10/27/2014		2014	10	27	0	0	0	0				20181108191326
184	03/24/2008		2008	3	24	0	0	0	0				20181108191326
185	12/16/2014		2014	12	16	0	0	0	0				20181108191326
186	06/20/2012		2012	6	20	0	0	0	0				20181108191326
187	08/17/2018		2018	8	17	0	0	0	0				20181108191326
188	05/24/2010		2010	5	24	0	0	0	0				20181108191326
189	09/07/2015		2015	9	7	0	0	0	0				20181108191326
190	11/23/2009		2009	11	23	0	0	0	0				20181108191326
191	10/08/2014		2014	10	8	0	0	0	0				20181108191326
192	10/02/2012		2012	10	2	0	0	0	0				20181108191326
193	03/20/2013		2013	3	20	0	0	0	0				20181108191326
194	06/18/2008		2008	6	18	0	0	0	0				20181108191326
195	08/25/2017		2017	8	25	0	0	0	0				20181108191326
196	02/12/2010		2010	2	12	0	0	0	0				20181108191326
197	07/08/2007		2007	7	8	0	0	0	0				20181108191326
198	07/09/2007		2007	7	9	0	0	0	0				20181108191326
200	07/08/2007		2007	7	8	0	0	0	0				20181108191326
201	04/20/2008		2008	4	20	0	0	0	0				20181108191326
202	09/19/2007		2007	9	19	0	0	0	0				20181108191326
203	08/17/2018		2018	8	17	0	0	0	0				20181108191326
204	07/08/2007		2007	7	8	0	0	0	0				20181108191326
205	01/27/2016		2016	1	27	0	0	0	0				20181108191326
206	12/09/2010		2010	12	9	0	0	0	0				20181108191326
207	05/28/2009		2009	5	28	0	0	0	0				20181108191326
208	07/08/2007		2007	7	8	0	0	0	0				20181108191326
209	09/30/2013		2013	9	30	0	0	0	0				20181108191326
210	08/20/2016		2016	8	20	0	0	0	0				20181108191326
211	02/13/2014		2014	2	13	0	0	0	0				20181108191326
212	06/05/2014		2014	6	5	0	0	0	0				20181108191326
213	09/02/2011		2011	9	2	0	0	0	0				20181108191326
215	07/08/2007		2007	7	8	0	0	0	0				20181108191326
216	02/03/2017		2017	2	3	0	0	0	0				20181108191326
217	10/22/2007		2007	10	22	0	0	0	0				20181108191326
218	04/20/2008		2008	4	20	0	0	0	0				20181108191326
219	05/05/2011		2011	5	5	0	0	0	0				20181108191326
220	07/08/2007		2007	7	8	0	0	0	0				20181108191326
221	11/14/2012		2012	11	14	0	0	0	0				20181108191326
223	07/08/2007		2007	7	8	0	0	0	0				20181108191326
224	04/27/2012		2012	4	27	0	0	0	0				20181108191326
225	02/03/2010		2010	2	3	0	0	0	0				20181108191326
226	04/03/2017		2017	4	3	0	0	0	0				20181108191326
227	05/01/2008		2008	5	1	0	0	0	0				20181108191326
228	08/17/2018		2018	8	17	0	0	0	0				20181108191326
229	07/10/2007		2007	7	10	0	0	0	0				20181108191326
230	07/08/2007		2007	7	8	0	0	0	0				20181108191326
231	07/08/2007		2007	7	8	0	0	0	0				20181108191326
232	11/23/2010		2010	11	23	0	0	0	0				20181108191326
233	11/13/2013		2013	11	13	0	0	0	0				20181108191326
234	09/11/2012		2012	9	11	0	0	0	0				20181108191326
235	09/27/2018		2018	9	27	0	0	0	0				20181108191326
236	07/08/2007		2007	7	8	0	0	0	0				20181108191326
237	05/20/2013		2013	5	20	0	0	0	0				20181108191326
238	10/11/2016		2016	10	11	0	0	0	0				20181108191326
239	02/14/2012		2012	2	14	0	0	0	0				20181108191326
240	03/27/2013		2013	3	27	0	0	0	0				20181108191326
241	03/27/2013		2013	3	27	0	0	0	0				20181108191326
242	12/03/2012		2012	12	3	0	0	0	0				20181108191326
243	08/09/2016		2016	8	9	0	0	0	0				20181108191326
244	07/08/2007		2007	7	8	0	0	0	0				20181108191326
245	07/08/2007		2007	7	8	0	0	0	0				20181108191326
246	12/05/2013		2013	12	5	0	0	0	0				20181108191326
247	03/25/2010		2010	3	25	0	0	0	0				20181108191326
248	04/27/2012		2012	4	27	0	0	0	0				20181108191326
249	07/08/2007		2007	7	8	0	0	0	0				20181108191326
250	02/14/2012		2012	2	14	0	0	0	0				20181108191326
251	07/09/2007		2007	7	9	0	0	0	0				20181108191326
252	12/20/2013		2013	12	20	0	0	0	0				20181108191326
253	07/29/2015		2015	7	29	0	0	0	0				20181108191326
254	10/08/2018		2018	10	8	0	0	0	0				20181108191326
255	11/13/2012		2012	11	13	0	0	0	0				20181108191326
256	04/30/2014		2014	4	30	0	0	0	0				20181108191326
257	06/19/2008		2008	6	19	0	0	0	0				20181108191326
258	02/15/2015		2015	2	15	0	0	0	0				20181108191326
259	07/08/2007		2007	7	8	0	0	0	0				20181108191326
260	09/22/2014		2014	9	22	0	0	0	0				20181108191326
261	05/12/2008		2008	5	12	0	0	0	0				20181108191326
262	07/08/2007		2007	7	8	0	0	0	0				20181108191326
263	03/01/2010		2010	3	1	0	0	0	0				20181108191326
264	09/19/2013		2013	9	19	0	0	0	0				20181108191326
265	09/28/2012		2012	9	28	0	0	0	0				20181108191326
266	11/05/2007		2007	11	5	0	0	0	0				20181108191326
267	03/30/2011		2011	3	30	0	0	0	0				20181108191326
268	03/25/2010		2010	3	25	0	0	0	0				20181108191326
269	04/17/2012		2012	4	17	0	0	0	0				20181108191326
270	07/09/2007		2007	7	9	0	0	0	0				20181108191326
271	07/08/2007		2007	7	8	0	0	0	0				20181108191326
272	07/27/2015		2015	7	27	0	0	0	0				20181108191326
273	07/08/2007		2007	7	8	0	0	0	0				20181108191326
274	01/15/2008		2008	1	15	0	0	0	0				20181108191326
275	02/22/2017		2017	2	22	0	0	0	0				20181108191326
276	07/14/2017		2017	7	14	0	0	0	0				20181108191326
277	04/20/2008		2008	4	20	0	0	0	0				20181108191326
278	01/09/2018		2018	1	9	0	0	0	0				20181108191326
279	09/09/2009		2009	9	9	0	0	0	0				20181108191326
281	12/06/2012		2012	12	6	0	0	0	0				20181108191326
282	11/07/2007		2007	11	7	0	0	0	0				20181108191326
283	04/25/2015		2015	4	25	0	0	0	0				20181108191326
284	06/09/2017		2017	6	9	0	0	0	0				20181108191326
285	11/20/2007		2007	11	20	0	0	0	0				20181108191326
286	07/08/2007		2007	7	8	0	0	0	0				20181108191326
287	05/28/2010		2010	5	28	0	0	0	0				20181108191326
288	07/08/2007		2007	7	8	0	0	0	0				20181108191326
289	01/10/2011		2011	1	10	0	0	0	0				20181108191326
290	07/08/2007		2007	7	8	0	0	0	0				20181108191326
291	07/08/2007		2007	7	8	0	0	0	0				20181108191326
292	06/18/2008		2008	6	18	0	0	0	0				20181108191326
293	07/08/2007		2007	7	8	0	0	0	0				20181108191326
294	04/13/2011		2011	4	13	0	0	0	0				20181108191326
295	12/28/2012		2012	12	28	0	0	0	0				20181108191326
296	03/30/2009		2009	3	30	0	0	0	0				20181108191326
297	09/23/2011		2011	9	23	0	0	0	0				20181108191326
298	07/08/2007		2007	7	8	0	0	0	0				20181108191326
299	11/07/2015		2015	11	7	0	0	0	0				20181108191326
300	07/08/2007		2007	7	8	0	0	0	0				20181108191326
301	06/29/2018		2018	6	29	0	0	0	0				20181108191326
302	07/08/2007		2007	7	8	0	0	0	0				20181108191326
303	05/08/2013		2013	5	8	0	0	0	0				20181108191326
304	03/15/2013		2013	3	15	0	0	0	0				20181108191326
305	04/05/2011		2011	4	5	0	0	0	0				20181108191326
306	05/29/2015		2015	5	29	0	0	0	0				20181108191326
307	05/16/2013		2013	5	16	0	0	0	0				20181108191326
308	07/26/2013		2013	7	26	0	0	0	0				20181108191326
309	09/10/2018		2018	9	10	0	0	0	0				20181108191326
310	10/27/2016		2016	10	27	0	0	0	0				20181108191326
311	11/30/2016		2016	11	30	0	0	0	0				20181108191326
312	10/04/2016		2016	10	4	0	0	0	0				20181108191326
313	09/08/2011		2011	9	8	0	0	0	0				20181108191326
314	05/03/2012		2012	5	3	0	0	0	0				20181108191326
315	07/08/2007		2007	7	8	0	0	0	0				20181108191326
317	01/29/2010		2010	1	29	0	0	0	0				20181108191326
318	07/08/2007		2007	7	8	0	0	0	0				20181108191326
319	02/11/2016		2016	2	11	0	0	0	0				20181108191326
320	12/22/2010		2010	12	22	0	0	0	0				20181108191326
321	11/07/2007		2007	11	7	0	0	0	0				20181108191326
322	07/08/2007		2007	7	8	0	0	0	0				20181108191326
323	10/10/2007		2007	10	10	0	0	0	0				20181108191326
324	11/02/2015		2015	11	2	0	0	0	0				20181108191326
325	05/06/2015		2015	5	6	0	0	0	0				20181108191326
326	02/21/2012		2012	2	21	0	0	0	0				20181108191326
327	09/26/2009		2009	9	26	0	0	0	0				20181108191326
328	09/15/2011		2011	9	15	0	0	0	0				20181108191326
329	04/19/2017		2017	4	19	0	0	0	0				20181108191326
330	09/23/2014		2014	9	23	0	0	0	0				20181108191326
331	07/01/2008		2008	7	1	0	0	0	0				20181108191326
332	12/01/2009		2009	12	1	0	0	0	0				20181108191326
333	10/24/2014		2014	10	24	0	0	0	0				20181108191326
334	07/08/2007		2007	7	8	0	0	0	0				20181108191326
335	03/26/2018		2018	3	26	0	0	0	0				20181108191326
336	07/09/2007		2007	7	9	0	0	0	0				20181108191326
337	07/09/2007		2007	7	9	0	0	0	0				20181108191326
338	12/20/2011		2011	12	20	0	0	0	0				20181108191326
339	01/03/2013		2013	1	3	0	0	0	0				20181108191326
340	07/08/2007		2007	7	8	0	0	0	0				20181108191326
341	07/08/2007		2007	7	8	0	0	0	0				20181108191326
342	03/17/2018		2018	3	17	0	0	0	0				20181108191326
343	10/23/2017		2017	10	23	0	0	0	0				20181108191326
344	10/08/2018		2018	10	8	0	0	0	0				20181108191326
345	03/11/2008		2008	3	11	0	0	0	0				20181108191326
346	07/09/2007		2007	7	9	0	0	0	0				20181108191326
347	10/08/2012		2012	10	8	0	0	0	0				20181108191326
348	12/09/2008		2008	12	9	0	0	0	0				20181108191326
349	03/21/2013		2013	3	21	0	0	0	0				20181108191326
350	03/17/2018		2018	3	17	0	0	0	0				20181108191326
351	05/06/2008		2008	5	6	0	0	0	0				20181108191326
352	07/24/2012		2012	7	24	0	0	0	0				20181108191326
353	08/21/2009		2009	8	21	0	0	0	0				20181108191326
354	07/08/2007		2007	7	8	0	0	0	0				20181108191326
355	03/08/2016		2016	3	8	0	0	0	0				20181108191326
356	05/11/2009		2009	5	11	0	0	0	0				20181108191326
357	07/08/2007		2007	7	8	0	0	0	0				20181108191326
358	10/05/2015		2015	10	5	0	0	0	0				20181108191326
360	10/28/2010		2010	10	28	0	0	0	0				20181108191326
361	07/08/2007		2007	7	8	0	0	0	0				20181108191326
362	07/08/2007		2007	7	8	0	0	0	0				20181108191326
363	06/28/2013		2013	6	28	0	0	0	0				20181108191326
364	07/08/2007		2007	7	8	0	0	0	0				20181108191326
365	07/08/2007		2007	7	8	0	0	0	0				20181108191326
366	07/08/2007		2007	7	8	0	0	0	0				20181108191326
367	02/23/2015		2015	2	23	0	0	0	0				20181108191326
368	07/10/2012		2012	7	10	0	0	0	0				20181108191326
369	06/26/2018		2018	6	26	0	0	0	0				20181108191326
370	09/06/2007		2007	9	6	0	0	0	0				20181108191326
372	09/08/2011		2011	9	8	0	0	0	0				20181108191326
373	11/29/2007		2007	11	29	0	0	0	0				20181108191326
374	07/08/2007		2007	7	8	0	0	0	0				20181108191326
375	07/09/2007		2007	7	9	0	0	0	0				20181108191326
376	10/15/2012		2012	10	15	0	0	0	0				20181108191326
377	03/07/2014		2014	3	7	0	0	0	0				20181108191326
378	09/11/2018		2018	9	11	0	0	0	0				20181108191326
379	01/21/2010		2010	1	21	0	0	0	0				20181108191326
380	07/08/2007		2007	7	8	0	0	0	0				20181108191326
381	05/12/2008		2008	5	12	0	0	0	0				20181108191326
382	10/16/2007		2007	10	16	0	0	0	0				20181108191326
383	11/23/2015		2015	11	23	0	0	0	0				20181108191326
384	07/08/2007		2007	7	8	0	0	0	0				20181108191326
385	08/19/2008		2008	8	19	0	0	0	0				20181108191326
386	02/16/2010		2010	2	16	0	0	0	0				20181108191326
387	04/14/2015		2015	4	14	0	0	0	0				20181108191326
388	10/19/2009		2009	10	19	0	0	0	0				20181108191326
389	02/02/2011		2011	2	2	0	0	0	0				20181108191326
391	01/04/2016		2016	1	4	0	0	0	0				20181108191326
392	02/23/2012		2012	2	23	0	0	0	0				20181108191326
393	07/30/2007		2007	7	30	0	0	0	0				20181108191326
394	09/26/2007		2007	9	26	0	0	0	0				20181108191326
395	07/08/2007		2007	7	8	0	0	0	0				20181108191326
397	01/25/2011		2011	1	25	0	0	0	0				20181108191326
398	11/09/2017		2017	11	9	0	0	0	0				20181108191326
399	05/02/2013		2013	5	2	0	0	0	0				20181108191326
400	08/31/2016		2016	8	31	0	0	0	0				20181108191326
401	07/08/2007		2007	7	8	0	0	0	0				20181108191326
402	12/16/2009		2009	12	16	0	0	0	0				20181108191326
403	11/07/2016		2016	11	7	0	0	0	0				20181108191326
404	04/10/2008		2008	4	10	0	0	0	0				20181108191326
405	02/17/2015		2015	2	17	0	0	0	0				20181108191326
406	07/08/2007		2007	7	8	0	0	0	0				20181108191326
407	03/14/2016		2016	3	14	0	0	0	0				20181108191326
408	04/04/2016		2016	4	4	0	0	0	0				20181108191326
409	07/08/2007		2007	7	8	0	0	0	0				20181108191326
410	07/27/2015		2015	7	27	0	0	0	0				20181108191326
411	07/09/2007		2007	7	9	0	0	0	0				20181108191326
412	07/08/2007		2007	7	8	0	0	0	0				20181108191326
413	10/08/2008		2008	10	8	0	0	0	0				20181108191326
414	04/18/2017		2017	4	18	0	0	0	0				20181108191326
415	05/03/2010		2010	5	3	0	0	0	0				20181108191326
416	11/01/2011		2011	11	1	0	0	0	0				20181108191326
417	03/31/2011		2011	3	31	0	0	0	0				20181108191326
418	07/08/2007		2007	7	8	0	0	0	0				20181108191326
419	12/13/2012		2012	12	13	0	0	0	0				20181108191326
420	10/20/2015		2015	10	20	0	0	0	0				20181108191326
421	11/05/2015		2015	11	5	0	0	0	0				20181108191326
422	04/22/2008		2008	4	22	0	0	0	0				20181108191326
423	06/16/2014		2014	6	16	0	0	0	0				20181108191326
424	03/10/2010		2010	3	10	0	0	0	0				20181108191326
425	07/08/2007		2007	7	8	0	0	0	0				20181108191326
426	11/28/2011		2011	11	28	0	0	0	0				20181108191326
427	07/08/2007		2007	7	8	0	0	0	0				20181108191326
428	07/09/2007		2007	7	9	0	0	0	0				20181108191326
429	10/23/2017		2017	10	23	0	0	0	0				20181108191326
430	01/27/2015		2015	1	27	0	0	0	0				20181108191326
432	03/27/2018		2018	3	27	0	0	0	0				20181108191326
433	02/10/2016		2016	2	10	0	0	0	0				20181108191326
434	03/17/2018		2018	3	17	0	0	0	0				20181108191326
435	07/09/2007		2007	7	9	0	0	0	0				20181108191326
436	11/10/2015		2015	11	10	0	0	0	0				20181108191326
437	07/08/2007		2007	7	8	0	0	0	0				20181108191326
438	03/20/2017		2017	3	20	0	0	0	0				20181108191326
439	03/14/2017		2017	3	14	0	0	0	0				20181108191326
440	07/08/2007		2007	7	8	0	0	0	0				20181108191326
441	07/08/2007		2007	7	8	0	0	0	0				20181108191326
443	07/03/2018		2018	7	3	0	0	0	0				20181108191326
444	10/18/2010		2010	10	18	0	0	0	0				20181108191326
445	07/08/2007		2007	7	8	0	0	0	0				20181108191327
446	07/08/2007		2007	7	8	0	0	0	0				20181108191327
447	07/08/2007		2007	7	8	0	0	0	0				20181108191327
448	09/16/2014		2014	9	16	0	0	0	0				20181108191327
449	03/19/2013		2013	3	19	0	0	0	0				20181108191327
450	04/15/2010		2010	4	15	0	0	0	0				20181108191327
451	12/18/2013		2013	12	18	0	0	0	0				20181108191327
452	07/08/2007		2007	7	8	0	0	0	0				20181108191327
453	04/20/2008		2008	4	20	0	0	0	0				20181108191327
454	09/16/2014		2014	9	16	0	0	0	0				20181108191327
455	12/29/2009		2009	12	29	0	0	0	0				20181108191327
456	02/23/2010		2010	2	23	0	0	0	0				20181108191327
457	06/02/2015		2015	6	2	0	0	0	0				20181108191327
458	12/24/2007		2007	12	24	0	0	0	0				20181108191327
459	12/28/2012		2012	12	28	0	0	0	0				20181108191327
460	04/20/2008		2008	4	20	0	0	0	0				20181108191327
461	03/05/2009		2009	3	5	0	0	0	0				20181108191327
462	01/14/2008		2008	1	14	0	0	0	0				20181108191327
463	07/06/2015		2015	7	6	0	0	0	0				20181108191327
464	07/23/2008		2008	7	23	0	0	0	0				20181108191327
465	10/25/2011		2011	10	25	0	0	0	0				20181108191327
466	06/16/2015		2015	6	16	0	0	0	0				20181108191327
467	02/25/2016		2016	2	25	0	0	0	0				20181108191327
468	12/03/2010		2010	12	3	0	0	0	0				20181108191327
469	06/16/2016		2016	6	16	0	0	0	0				20181108191327
471	11/30/2007		2007	11	30	0	0	0	0				20181108191327
472	03/19/2012		2012	3	19	0	0	0	0				20181108191327
474	07/12/2007		2007	7	12	0	0	0	0				20181108191327
475	02/23/2017		2017	2	23	0	0	0	0				20181108191327
476	07/08/2007		2007	7	8	0	0	0	0				20181108191327
477	02/04/2013		2013	2	4	0	0	0	0				20181108191327
478	08/09/2010		2010	8	9	0	0	0	0				20181108191327
479	11/19/2012		2012	11	19	0	0	0	0				20181108191327
480	11/19/2007		2007	11	19	0	0	0	0				20181108191327
481	07/08/2007		2007	7	8	0	0	0	0				20181108191327
482	07/08/2007		2007	7	8	0	0	0	0				20181108191327
483	01/05/2011		2011	1	5	0	0	0	0				20181108191327
485	08/03/2016		2016	8	3	0	0	0	0				20181108191327
486	07/08/2007		2007	7	8	0	0	0	0				20181108191327
487	07/08/2007		2007	7	8	0	0	0	0				20181108191327
488	07/09/2007		2007	7	9	0	0	0	0				20181108191327
489	04/08/2010		2010	4	8	0	0	0	0				20181108191327
490	12/20/2012		2012	12	20	0	0	0	0				20181108191327
491	02/24/2009		2009	2	24	0	0	0	0				20181108191327
492	05/07/2015		2015	5	7	0	0	0	0				20181108191327
493	07/08/2007		2007	7	8	0	0	0	0				20181108191327
494	07/23/2007		2007	7	23	0	0	0	0				20181108191327
495	07/08/2007		2007	7	8	0	0	0	0				20181108191327
496	05/05/2016		2016	5	5	0	0	0	0				20181108191327
498	07/08/2007		2007	7	8	0	0	0	0				20181108191327
499	07/08/2007		2007	7	8	0	0	0	0				20181108191327
500	02/19/2013		2013	2	19	0	0	0	0				20181108191327
501	01/27/2011		2011	1	27	0	0	0	0				20181108191327
502	09/29/2009		2009	9	29	0	0	0	0				20181108191327
503	07/08/2007		2007	7	8	0	0	0	0				20181108191327
504	07/29/2015		2015	7	29	0	0	0	0				20181108191327
505	03/12/2009		2009	3	12	0	0	0	0				20181108191327
506	03/14/2018		2018	3	14	0	0	0	0				20181108191327
507	02/08/2012		2012	2	8	0	0	0	0				20181108191327
508	07/08/2007		2007	7	8	0	0	0	0				20181108191327
509	09/26/2011		2011	9	26	0	0	0	0				20181108191327
511	04/16/2012		2012	4	16	0	0	0	0				20181108191327
512	04/15/2010		2010	4	15	0	0	0	0				20181108191327
513	03/25/2010		2010	3	25	0	0	0	0				20181108191327
514	07/09/2007		2007	7	9	0	0	0	0				20181108191327
515	03/09/2018		2018	3	9	0	0	0	0				20181108191327
516	01/23/2013		2013	1	23	0	0	0	0				20181108191327
517	07/09/2007		2007	7	9	0	0	0	0				20181108191327
518	03/17/2018		2018	3	17	0	0	0	0				20181108191327
519	07/08/2007		2007	7	8	0	0	0	0				20181108191327
520	07/21/2010		2010	7	21	0	0	0	0				20181108191327
521	04/04/2012		2012	4	4	0	0	0	0				20181108191327
522	07/15/2015		2015	7	15	0	0	0	0				20181108191327
523	10/16/2015		2015	10	16	0	0	0	0				20181108191327
524	03/12/2015		2015	3	12	0	0	0	0				20181108191327
525	08/21/2009		2009	8	21	0	0	0	0				20181108191327
526	08/17/2018		2018	8	17	0	0	0	0				20181108191327
527	01/19/2010		2010	1	19	0	0	0	0				20181108191327
528	03/21/2011		2011	3	21	0	0	0	0				20181108191327
529	05/08/2013		2013	5	8	0	0	0	0				20181108191327
530	04/24/2013		2013	4	24	0	0	0	0				20181108191327
531	01/25/2016		2016	1	25	0	0	0	0				20181108191327
532	07/08/2007		2007	7	8	0	0	0	0				20181108191327
533	09/19/2007		2007	9	19	0	0	0	0				20181108191327
534	11/30/2011		2011	11	30	0	0	0	0				20181108191327
535	07/09/2007		2007	7	9	0	0	0	0				20181108191327
536	11/19/2013		2013	11	19	0	0	0	0				20181108191327
537	01/16/2008		2008	1	16	0	0	0	0				20181108191327
538	10/30/2013		2013	10	30	0	0	0	0				20181108191327
539	12/03/2007		2007	12	3	0	0	0	0				20181108191327
540	03/22/2012		2012	3	22	0	0	0	0				20181108191327
541	07/09/2007		2007	7	9	0	0	0	0				20181108191327
542	07/08/2007		2007	7	8	0	0	0	0				20181108191327
543	07/23/2015		2015	7	23	0	0	0	0				20181108191327
544	01/30/2012		2012	1	30	0	0	0	0				20181108191327
545	10/08/2008		2008	10	8	0	0	0	0				20181108191327
546	12/30/2008		2008	12	30	0	0	0	0				20181108191327
547	07/08/2007		2007	7	8	0	0	0	0				20181108191327
548	07/08/2007		2007	7	8	0	0	0	0				20181108191327
549	10/03/2018		2018	10	3	0	0	0	0				20181108191327
550	01/02/2013		2013	1	2	0	0	0	0				20181108191327
551	07/09/2007		2007	7	9	0	0	0	0				20181108191327
552	06/19/2018		2018	6	19	0	0	0	0				20181108191327
553	09/08/2011		2011	9	8	0	0	0	0				20181108191327
554	07/08/2007		2007	7	8	0	0	0	0				20181108191327
555	11/03/2015		2015	11	3	0	0	0	0				20181108191327
556	04/20/2011		2011	4	20	0	0	0	0				20181108191327
557	09/26/2018		2018	9	26	0	0	0	0				20181108191327
558	04/15/2013		2013	4	15	0	0	0	0				20181108191327
559	02/05/2013		2013	2	5	0	0	0	0				20181108191327
560	07/16/2008		2008	7	16	0	0	0	0				20181108191327
561	09/08/2010		2010	9	8	0	0	0	0				20181108191327
562	07/08/2007		2007	7	8	0	0	0	0				20181108191327
563	10/12/2007		2007	10	12	0	0	0	0				20181108191327
564	09/27/2012		2012	9	27	0	0	0	0				20181108191327
565	07/11/2008		2008	7	11	0	0	0	0				20181108191327
567	01/21/2017		2017	1	21	0	0	0	0				20181108191327
568	07/08/2007		2007	7	8	0	0	0	0				20181108191327
569	07/08/2007		2007	7	8	0	0	0	0				20181108191327
570	07/08/2007		2007	7	8	0	0	0	0				20181108191327
571	07/08/2007		2007	7	8	0	0	0	0				20181108191327
572	09/10/2018		2018	9	10	0	0	0	0				20181108191327
573	04/01/2011		2011	4	1	0	0	0	0				20181108191327
574	02/11/2013		2013	2	11	0	0	0	0				20181108191327
575	11/28/2012		2012	11	28	0	0	0	0				20181108191327
576	04/19/2017		2017	4	19	0	0	0	0				20181108191327
577	05/30/2012		2012	5	30	0	0	0	0				20181108191327
578	03/12/2015		2015	3	12	0	0	0	0				20181108191327
579	07/24/2015		2015	7	24	0	0	0	0				20181108191327
580	09/25/2008		2008	9	25	0	0	0	0				20181108191327
581	04/05/2017		2017	4	5	0	0	0	0				20181108191327
582	03/02/2018		2018	3	2	0	0	0	0				20181108191327
583	03/28/2014		2014	3	28	0	0	0	0				20181108191327
584	07/08/2007		2007	7	8	0	0	0	0				20181108191327
585	11/03/2010		2010	11	3	0	0	0	0				20181108191327
586	07/07/2015		2015	7	7	0	0	0	0				20181108191327
587	04/12/2016		2016	4	12	0	0	0	0				20181108191327
588	09/25/2014		2014	9	25	0	0	0	0				20181108191327
589	08/19/2013		2013	8	19	0	0	0	0				20181108191327
590	05/23/2014		2014	5	23	0	0	0	0				20181108191327
591	06/17/2008		2008	6	17	0	0	0	0				20181108191327
592	06/24/2010		2010	6	24	0	0	0	0				20181108191327
593	07/08/2007		2007	7	8	0	0	0	0				20181108191327
594	07/08/2007		2007	7	8	0	0	0	0				20181108191327
595	09/21/2007		2007	9	21	0	0	0	0				20181108191327
596	07/24/2007		2007	7	24	0	0	0	0				20181108191327
597	09/28/2011		2011	9	28	0	0	0	0				20181108191327
598	07/08/2007		2007	7	8	0	0	0	0				20181108191327
599	01/17/2011		2011	1	17	0	0	0	0				20181108191327
600	01/27/2017		2017	1	27	0	0	0	0				20181108191327
601	01/23/2014		2014	1	23	0	0	0	0				20181108191327
602	07/08/2007		2007	7	8	0	0	0	0				20181108191327
603	12/29/2014		2014	12	29	0	0	0	0				20181108191327
604	07/08/2007		2007	7	8	0	0	0	0				20181108191327
605	12/12/2014		2014	12	12	0	0	0	0				20181108191327
606	01/15/2014		2014	1	15	0	0	0	0				20181108191327
607	03/20/2015		2015	3	20	0	0	0	0				20181108191327
608	12/23/2009		2009	12	23	0	0	0	0				20181108191327
609	01/29/2014		2014	1	29	0	0	0	0				20181108191327
610	09/04/2007		2007	9	4	0	0	0	0				20181108191327
611	03/17/2015		2015	3	17	0	0	0	0				20181108191327
612	08/24/2016		2016	8	24	0	0	0	0				20181108191327
613	07/09/2007		2007	7	9	0	0	0	0				20181108191327
614	02/05/2018		2018	2	5	0	0	0	0				20181108191327
615	10/04/2007		2007	10	4	0	0	0	0				20181108191327
616	07/31/2014		2014	7	31	0	0	0	0				20181108191327
617	09/28/2018		2018	9	28	0	0	0	0				20181108191327
618	01/05/2009		2009	1	5	0	0	0	0				20181108191327
619	01/23/2008		2008	1	23	0	0	0	0				20181108191327
620	01/15/2010		2010	1	15	0	0	0	0				20181108191327
621	09/09/2015		2015	9	9	0	0	0	0				20181108191327
622	06/24/2009		2009	6	24	0	0	0	0				20181108191327
623	03/14/2013		2013	3	14	0	0	0	0				20181108191327
624	07/08/2007		2007	7	8	0	0	0	0				20181108191327
625	08/03/2012		2012	8	3	0	0	0	0				20181108191327
626	01/18/2012		2012	1	18	0	0	0	0				20181108191327
627	02/13/2014		2014	2	13	0	0	0	0				20181108191327
628	07/23/2013		2013	7	23	0	0	0	0				20181108191327
630	07/08/2007		2007	7	8	0	0	0	0				20181108191327
631	02/03/2014		2014	2	3	0	0	0	0				20181108191327
632	07/08/2007		2007	7	8	0	0	0	0				20181108191327
633	08/31/2015		2015	8	31	0	0	0	0				20181108191327
634	08/10/2012		2012	8	10	0	0	0	0				20181108191327
635	03/14/2011		2011	3	14	0	0	0	0				20181108191327
636	07/12/2013		2013	7	12	0	0	0	0				20181108191327
637	11/02/2010		2010	11	2	0	0	0	0				20181108191327
638	08/01/2007		2007	8	1	0	0	0	0				20181108191327
639	03/21/2016		2016	3	21	0	0	0	0				20181108191327
640	07/08/2007		2007	7	8	0	0	0	0				20181108191327
641	11/11/2008		2008	11	11	0	0	0	0				20181108191327
642	07/20/2015		2015	7	20	0	0	0	0				20181108191327
643	06/09/2009		2009	6	9	0	0	0	0				20181108191327
644	03/17/2018		2018	3	17	0	0	0	0				20181108191327
645	09/20/2011		2011	9	20	0	0	0	0				20181108191327
646	03/31/2016		2016	3	31	0	0	0	0				20181108191327
647	07/08/2007		2007	7	8	0	0	0	0				20181108191327
648	03/22/2013		2013	3	22	0	0	0	0				20181108191327
649	07/08/2007		2007	7	8	0	0	0	0				20181108191327
650	01/14/2015		2015	1	14	0	0	0	0				20181108191327
651	07/08/2007		2007	7	8	0	0	0	0				20181108191327
652	08/17/2018		2018	8	17	0	0	0	0				20181108191327
653	12/04/2012		2012	12	4	0	0	0	0				20181108191327
654	03/19/2008		2008	3	19	0	0	0	0				20181108191327
655	07/08/2007		2007	7	8	0	0	0	0				20181108191327
656	11/09/2011		2011	11	9	0	0	0	0				20181108191327
657	12/04/2012		2012	12	4	0	0	0	0				20181108191327
658	10/28/2014		2014	10	28	0	0	0	0				20181108191327
659	09/15/2008		2008	9	15	0	0	0	0				20181108191327
660	02/11/2016		2016	2	11	0	0	0	0				20181108191327
661	07/14/2014		2014	7	14	0	0	0	0				20181108191327
662	05/07/2013		2013	5	7	0	0	0	0				20181108191327
663	07/08/2007		2007	7	8	0	0	0	0				20181108191327
664	08/03/2009		2009	8	3	0	0	0	0				20181108191327
665	03/22/2016		2016	3	22	0	0	0	0				20181108191327
666	09/13/2011		2011	9	13	0	0	0	0				20181108191327
667	07/08/2007		2007	7	8	0	0	0	0				20181108191327
668	07/09/2007		2007	7	9	0	0	0	0				20181108191327
669	01/24/2018		2018	1	24	0	0	0	0				20181108191327
670	10/02/2012		2012	10	2	0	0	0	0				20181108191327
671	07/08/2007		2007	7	8	0	0	0	0				20181108191327
672	08/06/2013		2013	8	6	0	0	0	0				20181108191327
673	06/24/2009		2009	6	24	0	0	0	0				20181108191327
674	07/25/2007		2007	7	25	0	0	0	0				20181108191327
675	07/08/2007		2007	7	8	0	0	0	0				20181108191327
677	10/02/2014		2014	10	2	0	0	0	0				20181108191327
678	07/07/2016		2016	7	7	0	0	0	0				20181108191327
679	07/09/2007		2007	7	9	0	0	0	0				20181108191327
680	03/03/2014		2014	3	3	0	0	0	0				20181108191327
681	04/08/2010		2010	4	8	0	0	0	0				20181108191327
682	05/14/2009		2009	5	14	0	0	0	0				20181108191327
683	03/23/2011		2011	3	23	0	0	0	0				20181108191327
684	01/14/2013		2013	1	14	0	0	0	0				20181108191327
685	07/08/2007		2007	7	8	0	0	0	0				20181108191327
686	09/07/2007		2007	9	7	0	0	0	0				20181108191327
687	06/30/2011		2011	6	30	0	0	0	0				20181108191327
689	05/15/2018		2018	5	15	0	0	0	0				20181108191327
690	09/24/2009		2009	9	24	0	0	0	0				20181108191327
691	07/08/2007		2007	7	8	0	0	0	0				20181108191327
692	09/09/2014		2014	9	9	0	0	0	0				20181108191327
693	09/02/2015		2015	9	2	0	0	0	0				20181108191327
694	05/19/2011		2011	5	19	0	0	0	0				20181108191327
695	07/09/2007		2007	7	9	0	0	0	0				20181108191327
696	05/03/2016		2016	5	3	0	0	0	0				20181108191327
697	01/15/2010		2010	1	15	0	0	0	0				20181108191327
698	10/29/2015		2015	10	29	0	0	0	0				20181108191327
699	04/20/2008		2008	4	20	0	0	0	0				20181108191327
700	07/08/2007		2007	7	8	0	0	0	0				20181108191327
701	11/08/2013		2013	11	8	0	0	0	0				20181108191327
702	06/21/2016		2016	6	21	0	0	0	0				20181108191327
703	04/03/2014		2014	4	3	0	0	0	0				20181108191327
704	10/31/2008		2008	10	31	0	0	0	0				20181108191327
705	01/25/2011		2011	1	25	0	0	0	0				20181108191327
706	01/11/2011		2011	1	11	0	0	0	0				20181108191327
707	08/14/2017		2017	8	14	0	0	0	0				20181108191327
708	07/08/2007		2007	7	8	0	0	0	0				20181108191327
709	10/03/2011		2011	10	3	0	0	0	0				20181108191327
710	10/23/2007		2007	10	23	0	0	0	0				20181108191327
711	07/08/2007		2007	7	8	0	0	0	0				20181108191327
712	06/16/2018		2018	6	16	0	0	0	0				20181108191327
713	07/08/2007		2007	7	8	0	0	0	0				20181108191327
714	07/06/2009		2009	7	6	0	0	0	0				20181108191327
715	07/08/2007		2007	7	8	0	0	0	0				20181108191327
716	07/09/2007		2007	7	9	0	0	0	0				20181108191327
717	04/23/2015		2015	4	23	0	0	0	0				20181108191327
718	07/08/2007		2007	7	8	0	0	0	0				20181108191327
719	10/12/2017		2017	10	12	0	0	0	0				20181108191327
720	07/31/2007		2007	7	31	0	0	0	0				20181108191327
721	07/08/2007		2007	7	8	0	0	0	0				20181108191327
722	02/17/2009		2009	2	17	0	0	0	0				20181108191327
723	01/28/2010		2010	1	28	0	0	0	0				20181108191327
724	07/08/2007		2007	7	8	0	0	0	0				20181108191327
725	08/18/2009		2009	8	18	0	0	0	0				20181108191327
726	11/14/2013		2013	11	14	0	0	0	0				20181108191327
727	09/14/2018		2018	9	14	0	0	0	0				20181108191327
729	02/03/2012		2012	2	3	0	0	0	0				20181108191327
730	01/12/2011		2011	1	12	0	0	0	0				20181108191327
731	09/07/2012		2012	9	7	0	0	0	0				20181108191327
732	07/08/2007		2007	7	8	0	0	0	0				20181108191327
733	12/28/2016		2016	12	28	0	0	0	0				20181108191327
734	12/15/2010		2010	12	15	0	0	0	0				20181108191327
735	02/05/2013		2013	2	5	0	0	0	0				20181108191327
736	07/08/2007		2007	7	8	0	0	0	0				20181108191327
737	11/21/2011		2011	11	21	0	0	0	0				20181108191327
738	11/08/2016		2016	11	8	0	0	0	0				20181108191327
739	08/16/2018		2018	8	16	0	0	0	0				20181108191327
740	11/07/2017		2017	11	7	0	0	0	0				20181108191327
741	08/22/2011		2011	8	22	0	0	0	0				20181108191327
742	07/08/2007		2007	7	8	0	0	0	0				20181108191327
743	04/03/2012		2012	4	3	0	0	0	0				20181108191327
744	12/16/2014		2014	12	16	0	0	0	0				20181108191327
745	04/04/2018		2018	4	4	0	0	0	0				20181108191327
746	07/08/2007		2007	7	8	0	0	0	0				20181108191327
747	12/16/2008		2008	12	16	0	0	0	0				20181108191327
748	07/08/2007		2007	7	8	0	0	0	0				20181108191327
749	08/03/2007		2007	8	3	0	0	0	0				20181108191327
750	04/25/2013		2013	4	25	0	0	0	0				20181108191327
751	06/26/2018		2018	6	26	0	0	0	0				20181108191327
752	04/14/2014		2014	4	14	0	0	0	0				20181108191327
753	03/26/2015		2015	3	26	0	0	0	0				20181108191327
754	10/26/2009		2009	10	26	0	0	0	0				20181108191327
755	10/02/2007		2007	10	2	0	0	0	0				20181108191327
756	07/09/2007		2007	7	9	0	0	0	0				20181108191327
757	08/05/2014		2014	8	5	0	0	0	0				20181108191327
758	04/16/2013		2013	4	16	0	0	0	0				20181108191327
759	10/20/2010		2010	10	20	0	0	0	0				20181108191327
760	04/22/2017		2017	4	22	0	0	0	0				20181108191327
761	12/01/2011		2011	12	1	0	0	0	0				20181108191327
762	02/25/2015		2015	2	25	0	0	0	0				20181108191327
763	09/10/2013		2013	9	10	0	0	0	0				20181108191327
764	12/09/2011		2011	12	9	0	0	0	0				20181108191327
765	07/08/2007		2007	7	8	0	0	0	0				20181108191327
766	03/19/2011		2011	3	19	0	0	0	0				20181108191327
767	07/14/2014		2014	7	14	0	0	0	0				20181108191327
768	02/25/2017		2017	2	25	0	0	0	0				20181108191327
769	07/24/2012		2012	7	24	0	0	0	0				20181108191327
770	08/29/2018		2018	8	29	0	0	0	0				20181108191327
771	07/09/2007		2007	7	9	0	0	0	0				20181108191327
772	07/08/2007		2007	7	8	0	0	0	0				20181108191327
773	07/08/2007		2007	7	8	0	0	0	0				20181108191327
774	04/24/2018		2018	4	24	0	0	0	0				20181108191327
775	09/07/2013		2013	9	7	0	0	0	0				20181108191327
776	07/08/2007		2007	7	8	0	0	0	0				20181108191327
777	05/10/2011		2011	5	10	0	0	0	0				20181108191327
778	10/30/2009		2009	10	30	0	0	0	0				20181108191327
779	10/13/2016		2016	10	13	0	0	0	0				20181108191327
780	07/08/2007		2007	7	8	0	0	0	0				20181108191327
781	06/07/2015		2015	6	7	0	0	0	0				20181108191327
782	11/30/2012		2012	11	30	0	0	0	0				20181108191327
783	10/08/2013		2013	10	8	0	0	0	0				20181108191327
784	07/08/2007		2007	7	8	0	0	0	0				20181108191327
785	03/28/2017		2017	3	28	0	0	0	0				20181108191327
786	06/29/2017		2017	6	29	0	0	0	0				20181108191327
787	01/13/2017		2017	1	13	0	0	0	0				20181108191327
788	01/05/2011		2011	1	5	0	0	0	0				20181108191327
789	07/08/2007		2007	7	8	0	0	0	0				20181108191327
790	07/08/2007		2007	7	8	0	0	0	0				20181108191327
791	07/08/2007		2007	7	8	0	0	0	0				20181108191327
793	07/08/2007		2007	7	8	0	0	0	0				20181108191327
794	07/08/2007		2007	7	8	0	0	0	0				20181108191327
795	09/15/2011		2011	9	15	0	0	0	0				20181108191327
796	11/09/2011		2011	11	9	0	0	0	0				20181108191327
797	11/19/2015		2015	11	19	0	0	0	0				20181108191327
798	03/08/2017		2017	3	8	0	0	0	0				20181108191327
799	06/06/2008		2008	6	6	0	0	0	0				20181108191327
800	04/02/2009		2009	4	2	0	0	0	0				20181108191327
801	01/03/2013		2013	1	3	0	0	0	0				20181108191327
802	01/28/2009		2009	1	28	0	0	0	0				20181108191327
803	09/06/2016		2016	9	6	0	0	0	0				20181108191327
804	07/12/2007		2007	7	12	0	0	0	0				20181108191327
805	10/03/2008		2008	10	3	0	0	0	0				20181108191327
806	01/28/2015		2015	1	28	0	0	0	0				20181108191327
807	10/14/2015		2015	10	14	0	0	0	0				20181108191327
809	08/02/2018		2018	8	2	0	0	0	0				20181108191327
810	07/08/2007		2007	7	8	0	0	0	0				20181108191327
811	10/12/2016		2016	10	12	0	0	0	0				20181108191327
813	09/28/2018		2018	9	28	0	0	0	0				20181108191328
814	11/21/2014		2014	11	21	0	0	0	0				20181108191328
815	02/20/2013		2013	2	20	0	0	0	0				20181108191328
816	11/16/2015		2015	11	16	0	0	0	0				20181108191328
817	08/09/2007		2007	8	9	0	0	0	0				20181108191328
818	09/15/2015		2015	9	15	0	0	0	0				20181108191328
819	01/12/2016		2016	1	12	0	0	0	0				20181108191328
820	09/26/2016		2016	9	26	0	0	0	0				20181108191328
821	07/17/2012		2012	7	17	0	0	0	0				20181108191328
822	05/20/2014		2014	5	20	0	0	0	0				20181108191328
823	09/27/2011		2011	9	27	0	0	0	0				20181108191328
824	03/24/2010		2010	3	24	0	0	0	0				20181108191328
825	07/08/2007		2007	7	8	0	0	0	0				20181108191328
826	06/09/2016		2016	6	9	0	0	0	0				20181108191328
827	03/19/2014		2014	3	19	0	0	0	0				20181108191328
828	07/08/2007		2007	7	8	0	0	0	0				20181108191328
829	01/09/2013		2013	1	9	0	0	0	0				20181108191328
830	08/17/2015		2015	8	17	0	0	0	0				20181108191328
831	09/14/2012		2012	9	14	0	0	0	0				20181108191328
832	08/04/2009		2009	8	4	0	0	0	0				20181108191328
833	10/25/2011		2011	10	25	0	0	0	0				20181108191328
834	07/12/2018		2018	7	12	0	0	0	0				20181108191328
835	11/18/2009		2009	11	18	0	0	0	0				20181108191328
836	08/09/2011		2011	8	9	0	0	0	0				20181108191328
837	04/03/2009		2009	4	3	0	0	0	0				20181108191328
838	12/16/2009		2009	12	16	0	0	0	0				20181108191328
839	04/15/2010		2010	4	15	0	0	0	0				20181108191328
840	01/29/2014		2014	1	29	0	0	0	0				20181108191328
841	07/10/2017		2017	7	10	0	0	0	0				20181108191328
842	10/02/2014		2014	10	2	0	0	0	0				20181108191328
843	07/09/2007		2007	7	9	0	0	0	0				20181108191328
844	05/12/2017		2017	5	12	0	0	0	0				20181108191328
845	04/24/2015		2015	4	24	0	0	0	0				20181108191328
846	03/26/2009		2009	3	26	0	0	0	0				20181108191328
847	07/08/2007		2007	7	8	0	0	0	0				20181108191328
848	02/28/2014		2014	2	28	0	0	0	0				20181108191328
849	04/23/2008		2008	4	23	0	0	0	0				20181108191328
850	09/16/2011		2011	9	16	0	0	0	0				20181108191328
851	05/19/2014		2014	5	19	0	0	0	0				20181108191328
852	07/24/2008		2008	7	24	0	0	0	0				20181108191328
853	03/17/2018		2018	3	17	0	0	0	0				20181108191328
854	11/17/2011		2011	11	17	0	0	0	0				20181108191328
855	07/21/2008		2008	7	21	0	0	0	0				20181108191328
856	07/08/2007		2007	7	8	0	0	0	0				20181108191328
857	01/11/2011		2011	1	11	0	0	0	0				20181108191328
858	03/12/2013		2013	3	12	0	0	0	0				20181108191328
859	07/09/2014		2014	7	9	0	0	0	0				20181108191328
860	12/06/2013		2013	12	6	0	0	0	0				20181108191328
861	05/01/2018		2018	5	1	0	0	0	0				20181108191328
862	07/08/2007		2007	7	8	0	0	0	0				20181108191328
863	10/10/2007		2007	10	10	0	0	0	0				20181108191328
864	07/09/2007		2007	7	9	0	0	0	0				20181108191328
865	11/14/2013		2013	11	14	0	0	0	0				20181108191328
866	08/04/2011		2011	8	4	0	0	0	0				20181108191328
867	11/14/2007		2007	11	14	0	0	0	0				20181108191328
868	07/29/2010		2010	7	29	0	0	0	0				20181108191328
869	10/27/2011		2011	10	27	0	0	0	0				20181108191328
870	11/20/2007		2007	11	20	0	0	0	0				20181108191328
871	10/27/2011		2011	10	27	0	0	0	0				20181108191328
872	05/02/2008		2008	5	2	0	0	0	0				20181108191328
873	07/14/2014		2014	7	14	0	0	0	0				20181108191328
874	06/05/2010		2010	6	5	0	0	0	0				20181108191328
875	07/08/2007		2007	7	8	0	0	0	0				20181108191328
876	07/21/2016		2016	7	21	0	0	0	0				20181108191328
877	01/05/2008		2008	1	5	0	0	0	0				20181108191328
878	01/03/2014		2014	1	3	0	0	0	0				20181108191328
879	08/30/2010		2010	8	30	0	0	0	0				20181108191328
880	08/14/2013		2013	8	14	0	0	0	0				20181108191328
881	07/08/2007		2007	7	8	0	0	0	0				20181108191328
882	10/02/2008		2008	10	2	0	0	0	0				20181108191328
883	07/08/2007		2007	7	8	0	0	0	0				20181108191328
884	07/08/2007		2007	7	8	0	0	0	0				20181108191328
885	10/31/2012		2012	10	31	0	0	0	0				20181108191328
886	03/09/2011		2011	3	9	0	0	0	0				20181108191328
887	05/06/2010		2010	5	6	0	0	0	0				20181108191328
888	07/08/2007		2007	7	8	0	0	0	0				20181108191328
889	07/08/2007		2007	7	8	0	0	0	0				20181108191328
890	09/03/2007		2007	9	3	0	0	0	0				20181108191328
891	04/25/2014		2014	4	25	0	0	0	0				20181108191328
892	07/09/2007		2007	7	9	0	0	0	0				20181108191328
893	07/22/2010		2010	7	22	0	0	0	0				20181108191328
894	12/20/2007		2007	12	20	0	0	0	0				20181108191328
895	05/11/2010		2010	5	11	0	0	0	0				20181108191328
896	12/22/2016		2016	12	22	0	0	0	0				20181108191328
897	07/08/2007		2007	7	8	0	0	0	0				20181108191328
898	07/08/2007		2007	7	8	0	0	0	0				20181108191328
899	06/24/2009		2009	6	24	0	0	0	0				20181108191328
900	01/28/2009		2009	1	28	0	0	0	0				20181108191328
901	03/29/2013		2013	3	29	0	0	0	0				20181108191328
902	09/24/2009		2009	9	24	0	0	0	0				20181108191328
903	01/09/2017		2017	1	9	0	0	0	0				20181108191328
904	07/08/2007		2007	7	8	0	0	0	0				20181108191328
905	02/07/2008		2008	2	7	0	0	0	0				20181108191328
906	07/08/2007		2007	7	8	0	0	0	0				20181108191328
907	07/08/2007		2007	7	8	0	0	0	0				20181108191328
909	07/08/2007		2007	7	8	0	0	0	0				20181108191328
910	06/26/2009		2009	6	26	0	0	0	0				20181108191328
911	07/08/2007		2007	7	8	0	0	0	0				20181108191328
912	07/08/2007		2007	7	8	0	0	0	0				20181108191328
913	04/18/2008		2008	4	18	0	0	0	0				20181108191328
914	10/20/2014		2014	10	20	0	0	0	0				20181108191328
915	12/24/2007		2007	12	24	0	0	0	0				20181108191328
916	02/24/2015		2015	2	24	0	0	0	0				20181108191328
917	07/05/2011		2011	7	5	0	0	0	0				20181108191328
918	03/24/2010		2010	3	24	0	0	0	0				20181108191328
919	02/12/2015		2015	2	12	0	0	0	0				20181108191328
920	11/26/2007		2007	11	26	0	0	0	0				20181108191328
921	10/27/2014		2014	10	27	0	0	0	0				20181108191328
922	11/26/2007		2007	11	26	0	0	0	0				20181108191328
923	08/03/2018		2018	8	3	0	0	0	0				20181108191328
924	04/09/2008		2008	4	9	0	0	0	0				20181108191328
925	02/06/2018		2018	2	6	0	0	0	0				20181108191328
926	07/08/2007		2007	7	8	0	0	0	0				20181108191328
927	07/08/2007		2007	7	8	0	0	0	0				20181108191328
928	10/07/2011		2011	10	7	0	0	0	0				20181108191328
929	08/23/2017		2017	8	23	0	0	0	0				20181108191328
930	12/10/2013		2013	12	10	0	0	0	0				20181108191328
932	09/29/2010		2010	9	29	0	0	0	0				20181108191328
933	10/23/2007		2007	10	23	0	0	0	0				20181108191328
934	05/07/2013		2013	5	7	0	0	0	0				20181108191328
935	03/01/2010		2010	3	1	0	0	0	0				20181108191328
936	07/08/2007		2007	7	8	0	0	0	0				20181108191328
938	04/22/2008		2008	4	22	0	0	0	0				20181108191328
939	07/08/2007		2007	7	8	0	0	0	0				20181108191328
940	09/27/2011		2011	9	27	0	0	0	0				20181108191328
941	04/13/2016		2016	4	13	0	0	0	0				20181108191328
942	02/12/2008		2008	2	12	0	0	0	0				20181108191328
943	07/08/2007		2007	7	8	0	0	0	0				20181108191328
944	10/04/2007		2007	10	4	0	0	0	0				20181108191328
945	06/18/2015		2015	6	18	0	0	0	0				20181108191328
946	04/29/2015		2015	4	29	0	0	0	0				20181108191328
947	03/06/2014		2014	3	6	0	0	0	0				20181108191328
948	07/08/2007		2007	7	8	0	0	0	0				20181108191328
949	11/20/2008		2008	11	20	0	0	0	0				20181108191328
950	07/08/2007		2007	7	8	0	0	0	0				20181108191328
951	02/15/2012		2012	2	15	0	0	0	0				20181108191328
952	02/14/2011		2011	2	14	0	0	0	0				20181108191328
953	03/17/2011		2011	3	17	0	0	0	0				20181108191328
954	07/08/2007		2007	7	8	0	0	0	0				20181108191328
955	04/30/2014		2014	4	30	0	0	0	0				20181108191328
957	07/08/2007		2007	7	8	0	0	0	0				20181108191328
958	06/11/2010		2010	6	11	0	0	0	0				20181108191328
960	02/10/2012		2012	2	10	0	0	0	0				20181108191328
962	11/30/2016		2016	11	30	0	0	0	0				20181108191328
963	07/26/2016		2016	7	26	0	0	0	0				20181108191328
964	07/08/2007		2007	7	8	0	0	0	0				20181108191328
965	11/18/2008		2008	11	18	0	0	0	0				20181108191328
966	07/08/2007		2007	7	8	0	0	0	0				20181108191328
967	01/17/2017		2017	1	17	0	0	0	0				20181108191328
968	07/08/2007		2007	7	8	0	0	0	0				20181108191328
969	09/06/2011		2011	9	6	0	0	0	0				20181108191328
970	09/30/2008		2008	9	30	0	0	0	0				20181108191328
971	10/03/2017		2017	10	3	0	0	0	0				20181108191328
972	05/17/2011		2011	5	17	0	0	0	0				20181108191328
973	05/06/2014		2014	5	6	0	0	0	0				20181108191328
974	09/28/2007		2007	9	28	0	0	0	0				20181108191328
975	01/23/2015		2015	1	23	0	0	0	0				20181108191328
976	06/08/2009		2009	6	8	0	0	0	0				20181108191328
977	09/28/2009		2009	9	28	0	0	0	0				20181108191328
978	08/01/2012		2012	8	1	0	0	0	0				20181108191328
979	06/25/2018		2018	6	25	0	0	0	0				20181108191328
980	07/08/2007		2007	7	8	0	0	0	0				20181108191328
981	05/08/2008		2008	5	8	0	0	0	0				20181108191328
982	06/06/2013		2013	6	6	0	0	0	0				20181108191328
983	05/29/2012		2012	5	29	0	0	0	0				20181108191328
984	07/09/2007		2007	7	9	0	0	0	0				20181108191328
985	05/19/2009		2009	5	19	0	0	0	0				20181108191328
986	07/09/2007		2007	7	9	0	0	0	0				20181108191328
987	07/08/2007		2007	7	8	0	0	0	0				20181108191328
988	11/29/2016		2016	11	29	0	0	0	0				20181108191328
989	11/14/2013		2013	11	14	0	0	0	0				20181108191328
990	09/21/2011		2011	9	21	0	0	0	0				20181108191328
992	02/21/2008		2008	2	21	0	0	0	0				20181108191328
993	09/13/2011		2011	9	13	0	0	0	0				20181108191328
994	10/24/2014		2014	10	24	0	0	0	0				20181108191328
995	02/26/2009		2009	2	26	0	0	0	0				20181108191328
996	12/07/2007		2007	12	7	0	0	0	0				20181108191328
997	12/03/2007		2007	12	3	0	0	0	0				20181108191328
998	07/09/2007		2007	7	9	0	0	0	0				20181108191328
999	07/08/2007		2007	7	8	0	0	0	0				20181108191328
1000	12/04/2015		2015	12	4	0	0	0	0				20181108191328
1001	09/07/2007		2007	9	7	0	0	0	0				20181108191328
1003	01/19/2016		2016	1	19	0	0	0	0				20181108191328
1004	02/07/2017		2017	2	7	0	0	0	0				20181108191328
1005	06/09/2015		2015	6	9	0	0	0	0				20181108191328
1006	09/28/2013		2013	9	28	0	0	0	0				20181108191328
1007	05/18/2018		2018	5	18	0	0	0	0				20181108191328
1008	07/08/2007		2007	7	8	0	0	0	0				20181108191328
1009	09/19/2012		2012	9	19	0	0	0	0				20181108191328
1010	10/06/2010		2010	10	6	0	0	0	0				20181108191328
1011	08/03/2016		2016	8	3	0	0	0	0				20181108191328
1012	07/08/2007		2007	7	8	0	0	0	0				20181108191328
1013	07/08/2007		2007	7	8	0	0	0	0				20181108191328
1014	11/01/2014		2014	11	1	0	0	0	0				20181108191328
1015	07/09/2007		2007	7	9	0	0	0	0				20181108191328
1016	11/19/2009		2009	11	19	0	0	0	0				20181108191328
1017	10/24/2007		2007	10	24	0	0	0	0				20181108191328
1018	04/04/2011		2011	4	4	0	0	0	0				20181108191328
1019	03/28/2014		2014	3	28	0	0	0	0				20181108191328
1020	12/08/2014		2014	12	8	0	0	0	0				20181108191328
1021	04/12/2012		2012	4	12	0	0	0	0				20181108191328
1022	06/30/2011		2011	6	30	0	0	0	0				20181108191328
1023	07/09/2007		2007	7	9	0	0	0	0				20181108191328
1024	07/09/2007		2007	7	9	0	0	0	0				20181108191328
1025	01/16/2008		2008	1	16	0	0	0	0				20181108191328
1026	08/15/2016		2016	8	15	0	0	0	0				20181108191328
1027	03/02/2010		2010	3	2	0	0	0	0				20181108191328
1028	09/08/2009		2009	9	8	0	0	0	0				20181108191328
1029	02/08/2012		2012	2	8	0	0	0	0				20181108191328
1030	09/25/2016		2016	9	25	0	0	0	0				20181108191328
1031	07/08/2007		2007	7	8	0	0	0	0				20181108191328
1032	06/06/2017		2017	6	6	0	0	0	0				20181108191328
1033	07/08/2007		2007	7	8	0	0	0	0				20181108191328
1035	08/06/2009		2009	8	6	0	0	0	0				20181108191328
1036	07/16/2010		2010	7	16	0	0	0	0				20181108191328
1037	09/27/2011		2011	9	27	0	0	0	0				20181108191328
1038	02/01/2010		2010	2	1	0	0	0	0				20181108191328
1039	02/18/2008		2008	2	18	0	0	0	0				20181108191328
1040	06/29/2009		2009	6	29	0	0	0	0				20181108191328
1041	02/17/2017		2017	2	17	0	0	0	0				20181108191328
1042	05/01/2012		2012	5	1	0	0	0	0				20181108191328
1043	07/09/2007		2007	7	9	0	0	0	0				20181108191328
1045	05/15/2013		2013	5	15	0	0	0	0				20181108191328
1046	03/09/2016		2016	3	9	0	0	0	0				20181108191328
1047	07/27/2018		2018	7	27	0	0	0	0				20181108191328
1048	07/07/2008		2008	7	7	0	0	0	0				20181108191328
1049	11/13/2015		2015	11	13	0	0	0	0				20181108191328
1050	03/17/2018		2018	3	17	0	0	0	0				20181108191328
1051	03/25/2014		2014	3	25	0	0	0	0				20181108191328
1052	10/08/2018		2018	10	8	0	0	0	0				20181108191328
1053	09/03/2015		2015	9	3	0	0	0	0				20181108191328
1054	02/08/2018		2018	2	8	0	0	0	0				20181108191328
1055	08/03/2018		2018	8	3	0	0	0	0				20181108191328
1056	12/05/2008		2008	12	5	0	0	0	0				20181108191328
1057	09/19/2007		2007	9	19	0	0	0	0				20181108191328
1058	06/04/2015		2015	6	4	0	0	0	0				20181108191328
1059	07/08/2007		2007	7	8	0	0	0	0				20181108191328
1060	07/08/2007		2007	7	8	0	0	0	0				20181108191328
1061	05/10/2018		2018	5	10	0	0	0	0				20181108191328
1062	08/07/2009		2009	8	7	0	0	0	0				20181108191328
1063	03/07/2016		2016	3	7	0	0	0	0				20181108191328
1064	02/03/2011		2011	2	3	0	0	0	0				20181108191328
1065	02/08/2018		2018	2	8	0	0	0	0				20181108191328
1066	07/08/2007		2007	7	8	0	0	0	0				20181108191328
1067	12/30/2009		2009	12	30	0	0	0	0				20181108191328
1069	09/19/2008		2008	9	19	0	0	0	0				20181108191328
1070	07/08/2007		2007	7	8	0	0	0	0				20181108191328
1071	08/26/2014		2014	8	26	0	0	0	0				20181108191328
1072	10/05/2007		2007	10	5	0	0	0	0				20181108191328
1073	12/19/2007		2007	12	19	0	0	0	0				20181108191328
1074	07/08/2007		2007	7	8	0	0	0	0				20181108191328
1075	07/08/2007		2007	7	8	0	0	0	0				20181108191328
1076	08/24/2015		2015	8	24	0	0	0	0				20181108191328
1077	10/01/2015		2015	10	1	0	0	0	0				20181108191328
1078	01/29/2013		2013	1	29	0	0	0	0				20181108191328
1079	03/27/2017		2017	3	27	0	0	0	0				20181108191328
1081	07/08/2007		2007	7	8	0	0	0	0				20181108191328
1082	04/06/2011		2011	4	6	0	0	0	0				20181108191328
1083	07/09/2007		2007	7	9	0	0	0	0				20181108191328
1084	07/21/2008		2008	7	21	0	0	0	0				20181108191328
1085	07/08/2007		2007	7	8	0	0	0	0				20181108191328
1086	10/03/2011		2011	10	3	0	0	0	0				20181108191328
1087	10/07/2011		2011	10	7	0	0	0	0				20181108191328
1088	07/01/2010		2010	7	1	0	0	0	0				20181108191328
1089	09/04/2008		2008	9	4	0	0	0	0				20181108191328
1090	04/04/2018		2018	4	4	0	0	0	0				20181108191328
1091	08/11/2011		2011	8	11	0	0	0	0				20181108191328
1092	08/10/2018		2018	8	10	0	0	0	0				20181108191328
1093	11/04/2015		2015	11	4	0	0	0	0				20181108191328
1094	06/08/2008		2008	6	8	0	0	0	0				20181108191328
1095	01/19/2010		2010	1	19	0	0	0	0				20181108191328
1096	07/08/2007		2007	7	8	0	0	0	0				20181108191328
1097	06/13/2016		2016	6	13	0	0	0	0				20181108191328
1098	07/08/2007		2007	7	8	0	0	0	0				20181108191328
1099	10/21/2015		2015	10	21	0	0	0	0				20181108191328
1100	07/08/2007		2007	7	8	0	0	0	0				20181108191328
1101	02/13/2017		2017	2	13	0	0	0	0				20181108191328
1102	09/08/2010		2010	9	8	0	0	0	0				20181108191328
1103	07/08/2007		2007	7	8	0	0	0	0				20181108191328
1104	07/08/2007		2007	7	8	0	0	0	0				20181108191328
1105	02/20/2017		2017	2	20	0	0	0	0				20181108191328
1106	01/13/2017		2017	1	13	0	0	0	0				20181108191328
1107	07/08/2007		2007	7	8	0	0	0	0				20181108191328
1108	02/12/2016		2016	2	12	0	0	0	0				20181108191328
1109	11/13/2009		2009	11	13	0	0	0	0				20181108191328
1110	09/30/2015		2015	9	30	0	0	0	0				20181108191328
1111	07/08/2007		2007	7	8	0	0	0	0				20181108191328
1112	02/04/2016		2016	2	4	0	0	0	0				20181108191328
1113	03/04/2013		2013	3	4	0	0	0	0				20181108191328
1114	12/09/2010		2010	12	9	0	0	0	0				20181108191328
1115	09/03/2013		2013	9	3	0	0	0	0				20181108191328
1116	11/12/2009		2009	11	12	0	0	0	0				20181108191328
1117	06/21/2013		2013	6	21	0	0	0	0				20181108191328
1118	12/06/2016		2016	12	6	0	0	0	0				20181108191328
1119	03/03/2008		2008	3	3	0	0	0	0				20181108191328
1120	12/12/2016		2016	12	12	0	0	0	0				20181108191328
1121	05/29/2015		2015	5	29	0	0	0	0				20181108191328
1122	02/17/2009		2009	2	17	0	0	0	0				20181108191328
1123	07/08/2007		2007	7	8	0	0	0	0				20181108191328
1124	02/28/2014		2014	2	28	0	0	0	0				20181108191328
1125	07/08/2007		2007	7	8	0	0	0	0				20181108191328
1126	07/06/2011		2011	7	6	0	0	0	0				20181108191328
1127	07/20/2017		2017	7	20	0	0	0	0				20181108191328
1129	07/08/2007		2007	7	8	0	0	0	0				20181108191328
1130	07/09/2007		2007	7	9	0	0	0	0				20181108191328
1131	07/09/2007		2007	7	9	0	0	0	0				20181108191328
1132	07/09/2007		2007	7	9	0	0	0	0				20181108191328
1133	08/29/2018		2018	8	29	0	0	0	0				20181108191328
1134	03/23/2011		2011	3	23	0	0	0	0				20181108191328
1135	05/16/2012		2012	5	16	0	0	0	0				20181108191328
1136	05/11/2015		2015	5	11	0	0	0	0				20181108191328
1137	03/09/2016		2016	3	9	0	0	0	0				20181108191328
1138	07/29/2016		2016	7	29	0	0	0	0				20181108191328
1139	01/16/2015		2015	1	16	0	0	0	0				20181108191328
1140	07/08/2007		2007	7	8	0	0	0	0				20181108191328
1141	05/21/2008		2008	5	21	0	0	0	0				20181108191328
1142	01/21/2015		2015	1	21	0	0	0	0				20181108191328
1143	02/12/2009		2009	2	12	0	0	0	0				20181108191328
1144	12/16/2009		2009	12	16	0	0	0	0				20181108191328
1145	07/08/2007		2007	7	8	0	0	0	0				20181108191328
1146	07/08/2007		2007	7	8	0	0	0	0				20181108191328
1147	01/07/2013		2013	1	7	0	0	0	0				20181108191328
1148	07/08/2007		2007	7	8	0	0	0	0				20181108191328
1150	08/31/2015		2015	8	31	0	0	0	0				20181108191328
1151	07/08/2007		2007	7	8	0	0	0	0				20181108191328
1152	07/08/2007		2007	7	8	0	0	0	0				20181108191328
1153	10/26/2009		2009	10	26	0	0	0	0				20181108191328
1154	10/26/2009		2009	10	26	0	0	0	0				20181108191328
1155	04/20/2008		2008	4	20	0	0	0	0				20181108191328
1156	09/14/2007		2007	9	14	0	0	0	0				20181108191328
1157	03/17/2010		2010	3	17	0	0	0	0				20181108191328
1158	07/08/2007		2007	7	8	0	0	0	0				20181108191328
1160	05/15/2014		2014	5	15	0	0	0	0				20181108191328
1161	07/08/2007		2007	7	8	0	0	0	0				20181108191328
1162	06/26/2008		2008	6	26	0	0	0	0				20181108191328
1163	11/03/2011		2011	11	3	0	0	0	0				20181108191328
1164	10/07/2007		2007	10	7	0	0	0	0				20181108191328
1165	07/08/2007		2007	7	8	0	0	0	0				20181108191328
1166	07/08/2007		2007	7	8	0	0	0	0				20181108191328
1167	04/20/2008		2008	4	20	0	0	0	0				20181108191328
1169	07/08/2007		2007	7	8	0	0	0	0				20181108191328
1170	05/08/2009		2009	5	8	0	0	0	0				20181108191328
1171	05/11/2015		2015	5	11	0	0	0	0				20181108191328
1172	04/02/2014		2014	4	2	0	0	0	0				20181108191328
1173	04/02/2008		2008	4	2	0	0	0	0				20181108191328
1174	10/17/2014		2014	10	17	0	0	0	0				20181108191328
1175	04/23/2018		2018	4	23	0	0	0	0				20181108191328
1176	07/08/2007		2007	7	8	0	0	0	0				20181108191328
1177	07/08/2007		2007	7	8	0	0	0	0				20181108191328
1178	08/30/2011		2011	8	30	0	0	0	0				20181108191328
1179	07/08/2007		2007	7	8	0	0	0	0				20181108191328
1180	04/25/2013		2013	4	25	0	0	0	0				20181108191328
1181	11/05/2013		2013	11	5	0	0	0	0				20181108191328
1182	09/21/2007		2007	9	21	0	0	0	0				20181108191328
1184	07/08/2007		2007	7	8	0	0	0	0				20181108191328
1185	12/07/2010		2010	12	7	0	0	0	0				20181108191328
1186	07/09/2007		2007	7	9	0	0	0	0				20181108191329
1187	08/21/2018		2018	8	21	0	0	0	0				20181108191329
1188	05/27/2016		2016	5	27	0	0	0	0				20181108191329
1189	01/20/2015		2015	1	20	0	0	0	0				20181108191329
1191	03/17/2018		2018	3	17	0	0	0	0				20181108191329
1192	07/08/2007		2007	7	8	0	0	0	0				20181108191329
1193	03/12/2013		2013	3	12	0	0	0	0				20181108191329
1194	02/05/2013		2013	2	5	0	0	0	0				20181108191329
1195	11/05/2014		2014	11	5	0	0	0	0				20181108191329
1196	06/16/2015		2015	6	16	0	0	0	0				20181108191329
1197	11/05/2010		2010	11	5	0	0	0	0				20181108191329
1198	10/30/2007		2007	10	30	0	0	0	0				20181108191329
1199	10/18/2017		2017	10	18	0	0	0	0				20181108191329
1200	07/08/2007		2007	7	8	0	0	0	0				20181108191329
1201	12/27/2011		2011	12	27	0	0	0	0				20181108191329
1202	04/12/2011		2011	4	12	0	0	0	0				20181108191329
1203	04/22/2014		2014	4	22	0	0	0	0				20181108191329
1204	06/10/2008		2008	6	10	0	0	0	0				20181108191329
1205	12/18/2013		2013	12	18	0	0	0	0				20181108191329
1206	11/05/2008		2008	11	5	0	0	0	0				20181108191329
1207	05/27/2011		2011	5	27	0	0	0	0				20181108191329
1208	12/18/2009		2009	12	18	0	0	0	0				20181108191329
1209	05/07/2015		2015	5	7	0	0	0	0				20181108191329
1210	08/27/2018		2018	8	27	0	0	0	0				20181108191329
1211	04/08/2013		2013	4	8	0	0	0	0				20181108191329
1212	11/04/2008		2008	11	4	0	0	0	0				20181108191329
1213	04/27/2012		2012	4	27	0	0	0	0				20181108191329
1214	10/13/2014		2014	10	13	0	0	0	0				20181108191329
1215	03/15/2012		2012	3	15	0	0	0	0				20181108191329
1216	03/29/2012		2012	3	29	0	0	0	0				20181108191329
1217	04/12/2017		2017	4	12	0	0	0	0				20181108191329
1218	06/22/2017		2017	6	22	0	0	0	0				20181108191329
1219	01/09/2013		2013	1	9	0	0	0	0				20181108191329
1220	08/24/2007		2007	8	24	0	0	0	0				20181108191329
1221	02/27/2008		2008	2	27	0	0	0	0				20181108191329
1222	07/08/2007		2007	7	8	0	0	0	0				20181108191329
1223	03/30/2016		2016	3	30	0	0	0	0				20181108191329
1224	10/08/2009		2009	10	8	0	0	0	0				20181108191329
1225	07/09/2007		2007	7	9	0	0	0	0				20181108191329
1226	07/08/2007		2007	7	8	0	0	0	0				20181108191329
1227	09/18/2007		2007	9	18	0	0	0	0				20181108191329
1228	07/08/2007		2007	7	8	0	0	0	0				20181108191329
1229	05/18/2008		2008	5	18	0	0	0	0				20181108191329
1230	03/04/2010		2010	3	4	0	0	0	0				20181108191329
1231	03/17/2018		2018	3	17	0	0	0	0				20181108191329
1232	07/08/2007		2007	7	8	0	0	0	0				20181108191329
1233	03/05/2015		2015	3	5	0	0	0	0				20181108191329
1235	04/21/2009		2009	4	21	0	0	0	0				20181108191329
1236	03/17/2018		2018	3	17	0	0	0	0				20181108191329
1237	04/02/2008		2008	4	2	0	0	0	0				20181108191329
1238	07/09/2007		2007	7	9	0	0	0	0				20181108191329
1239	09/23/2013		2013	9	23	0	0	0	0				20181108191329
1240	06/12/2008		2008	6	12	0	0	0	0				20181108191329
1241	01/25/2017		2017	1	25	0	0	0	0				20181108191329
1242	05/28/2014		2014	5	28	0	0	0	0				20181108191329
1243	02/18/2016		2016	2	18	0	0	0	0				20181108191329
1244	06/06/2016		2016	6	6	0	0	0	0				20181108191329
1245	10/06/2011		2011	10	6	0	0	0	0				20181108191329
1246	01/12/2015		2015	1	12	0	0	0	0				20181108191329
1248	01/16/2015		2015	1	16	0	0	0	0				20181108191329
1249	01/21/2011		2011	1	21	0	0	0	0				20181108191329
1250	10/12/2011		2011	10	12	0	0	0	0				20181108191329
1251	03/17/2018		2018	3	17	0	0	0	0				20181108191329
1252	08/22/2014		2014	8	22	0	0	0	0				20181108191329
1253	07/10/2012		2012	7	10	0	0	0	0				20181108191329
1254	07/06/2009		2009	7	6	0	0	0	0				20181108191329
1255	04/08/2015		2015	4	8	0	0	0	0				20181108191329
1256	10/06/2016		2016	10	6	0	0	0	0				20181108191329
1257	10/05/2018		2018	10	5	0	0	0	0				20181108191329
1258	07/08/2007		2007	7	8	0	0	0	0				20181108191329
1259	06/08/2009		2009	6	8	0	0	0	0				20181108191329
1260	07/08/2007		2007	7	8	0	0	0	0				20181108191329
1261	11/27/2013		2013	11	27	0	0	0	0				20181108191329
1262	09/25/2009		2009	9	25	0	0	0	0				20181108191329
1263	02/17/2016		2016	2	17	0	0	0	0				20181108191329
1264	03/13/2008		2008	3	13	0	0	0	0				20181108191329
1265	02/27/2008		2008	2	27	0	0	0	0				20181108191329
1266	01/08/2008		2008	1	8	0	0	0	0				20181108191329
1267	12/23/2009		2009	12	23	0	0	0	0				20181108191329
1268	07/08/2007		2007	7	8	0	0	0	0				20181108191329
1269	12/21/2007		2007	12	21	0	0	0	0				20181108191329
1270	04/20/2008		2008	4	20	0	0	0	0				20181108191329
1271	02/28/2014		2014	2	28	0	0	0	0				20181108191329
1272	07/08/2007		2007	7	8	0	0	0	0				20181108191329
1273	10/07/2008		2008	10	7	0	0	0	0				20181108191329
1274	06/18/2013		2013	6	18	0	0	0	0				20181108191329
1275	05/10/2008		2008	5	10	0	0	0	0				20181108191329
1277	02/09/2010		2010	2	9	0	0	0	0				20181108191329
1278	08/08/2014		2014	8	8	0	0	0	0				20181108191329
1279	12/19/2011		2011	12	19	0	0	0	0				20181108191329
1280	02/04/2010		2010	2	4	0	0	0	0				20181108191329
1282	04/03/2013		2013	4	3	0	0	0	0				20181108191329
1283	11/13/2015		2015	11	13	0	0	0	0				20181108191329
1284	07/09/2007		2007	7	9	0	0	0	0				20181108191329
1285	03/22/2018		2018	3	22	0	0	0	0				20181108191329
1286	02/22/2008		2008	2	22	0	0	0	0				20181108191329
1287	07/08/2007		2007	7	8	0	0	0	0				20181108191329
1288	05/03/2013		2013	5	3	0	0	0	0				20181108191329
1289	02/02/2018		2018	2	2	0	0	0	0				20181108191329
1290	02/10/2010		2010	2	10	0	0	0	0				20181108191329
1291	02/04/2014		2014	2	4	0	0	0	0				20181108191329
1292	10/23/2012		2012	10	23	0	0	0	0				20181108191329
1293	04/20/2008		2008	4	20	0	0	0	0				20181108191329
1294	10/24/2013		2013	10	24	0	0	0	0				20181108191329
1295	01/04/2018		2018	1	4	0	0	0	0				20181108191329
1297	12/14/2011		2011	12	14	0	0	0	0				20181108191329
1299	08/14/2014		2014	8	14	0	0	0	0				20181108191329
1300	07/09/2007		2007	7	9	0	0	0	0				20181108191329
1301	07/08/2007		2007	7	8	0	0	0	0				20181108191329
1302	10/30/2014		2014	10	30	0	0	0	0				20181108191329
1303	09/21/2010		2010	9	21	0	0	0	0				20181108191329
1304	01/08/2018		2018	1	8	0	0	0	0				20181108191329
1305	02/19/2016		2016	2	19	0	0	0	0				20181108191329
1306	02/07/2018		2018	2	7	0	0	0	0				20181108191329
1307	07/08/2007		2007	7	8	0	0	0	0				20181108191329
1308	07/23/2013		2013	7	23	0	0	0	0				20181108191329
1309	05/14/2018		2018	5	14	0	0	0	0				20181108191329
1310	03/05/2008		2008	3	5	0	0	0	0				20181108191329
1311	05/30/2018		2018	5	30	0	0	0	0				20181108191329
1312	02/04/2010		2010	2	4	0	0	0	0				20181108191329
1313	10/11/2007		2007	10	11	0	0	0	0				20181108191329
1314	08/29/2018		2018	8	29	0	0	0	0				20181108191329
1316	04/22/2010		2010	4	22	0	0	0	0				20181108191329
1317	01/20/2010		2010	1	20	0	0	0	0				20181108191329
1318	07/08/2007		2007	7	8	0	0	0	0				20181108191329
1319	12/27/2011		2011	12	27	0	0	0	0				20181108191329
1320	04/22/2008		2008	4	22	0	0	0	0				20181108191329
1321	09/11/2007		2007	9	11	0	0	0	0				20181108191329
1323	02/04/2008		2008	2	4	0	0	0	0				20181108191329
1325	03/31/2017		2017	3	31	0	0	0	0				20181108191329
1326	11/15/2007		2007	11	15	0	0	0	0				20181108191329
1327	08/19/2008		2008	8	19	0	0	0	0				20181108191329
1328	07/08/2007		2007	7	8	0	0	0	0				20181108191329
1329	06/10/2008		2008	6	10	0	0	0	0				20181108191329
1330	02/18/2011		2011	2	18	0	0	0	0				20181108191329
1331	01/26/2016		2016	1	26	0	0	0	0				20181108191329
1332	11/02/2012		2012	11	2	0	0	0	0				20181108191329
1333	01/18/2011		2011	1	18	0	0	0	0				20181108191329
1334	07/05/2016		2016	7	5	0	0	0	0				20181108191329
1335	05/19/2011		2011	5	19	0	0	0	0				20181108191329
1336	10/14/2008		2008	10	14	0	0	0	0				20181108191329
1337	02/06/2017		2017	2	6	0	0	0	0				20181108191329
1338	01/24/2017		2017	1	24	0	0	0	0				20181108191329
1339	07/02/2010		2010	7	2	0	0	0	0				20181108191329
1340	07/08/2007		2007	7	8	0	0	0	0				20181108191329
1341	04/20/2008		2008	4	20	0	0	0	0				20181108191329
1342	04/26/2015		2015	4	26	0	0	0	0				20181108191329
1343	08/03/2018		2018	8	3	0	0	0	0				20181108191329
1344	12/17/2013		2013	12	17	0	0	0	0				20181108191329
1345	06/07/2016		2016	6	7	0	0	0	0				20181108191329
1346	09/04/2012		2012	9	4	0	0	0	0				20181108191329
1350	07/16/2018		2018	7	16	0	0	0	0				20181108191329
1351	05/02/2014		2014	5	2	0	0	0	0				20181108191329
1353	07/08/2007		2007	7	8	0	0	0	0				20181108191329
1354	03/22/2016		2016	3	22	0	0	0	0				20181108191329
1355	07/08/2007		2007	7	8	0	0	0	0				20181108191329
1356	01/24/2017		2017	1	24	0	0	0	0				20181108191329
1357	07/09/2007		2007	7	9	0	0	0	0				20181108191329
1358	01/18/2017		2017	1	18	0	0	0	0				20181108191329
1359	11/11/2016		2016	11	11	0	0	0	0				20181108191329
1360	09/15/2015		2015	9	15	0	0	0	0				20181108191329
1361	04/30/2015		2015	4	30	0	0	0	0				20181108191329
1363	07/08/2007		2007	7	8	0	0	0	0				20181108191329
1364	11/19/2009		2009	11	19	0	0	0	0				20181108191329
1365	03/27/2008		2008	3	27	0	0	0	0				20181108191329
1366	11/28/2011		2011	11	28	0	0	0	0				20181108191329
1367	03/17/2018		2018	3	17	0	0	0	0				20181108191329
1368	01/14/2008		2008	1	14	0	0	0	0				20181108191329
1369	02/04/2010		2010	2	4	0	0	0	0				20181108191329
1370	10/28/2011		2011	10	28	0	0	0	0				20181108191329
1371	07/09/2007		2007	7	9	0	0	0	0				20181108191329
1373	09/22/2015		2015	9	22	0	0	0	0				20181108191329
1374	07/09/2018		2018	7	9	0	0	0	0				20181108191329
1375	02/12/2008		2008	2	12	0	0	0	0				20181108191329
1376	02/19/2010		2010	2	19	0	0	0	0				20181108191329
1377	07/09/2007		2007	7	9	0	0	0	0				20181108191329
1378	02/14/2011		2011	2	14	0	0	0	0				20181108191329
1379	08/17/2017		2017	8	17	0	0	0	0				20181108191329
1380	09/11/2014		2014	9	11	0	0	0	0				20181108191329
1381	10/31/2008		2008	10	31	0	0	0	0				20181108191329
1382	03/24/2009		2009	3	24	0	0	0	0				20181108191329
1383	03/20/2012		2012	3	20	0	0	0	0				20181108191329
1384	07/08/2007		2007	7	8	0	0	0	0				20181108191329
1385	09/29/2008		2008	9	29	0	0	0	0				20181108191329
1386	07/08/2007		2007	7	8	0	0	0	0				20181108191329
1387	07/08/2007		2007	7	8	0	0	0	0				20181108191329
1388	07/16/2014		2014	7	16	0	0	0	0				20181108191329
1389	01/11/2017		2017	1	11	0	0	0	0				20181108191329
1390	05/28/2010		2010	5	28	0	0	0	0				20181108191329
1391	04/23/2014		2014	4	23	0	0	0	0				20181108191329
1392	10/07/2016		2016	10	7	0	0	0	0				20181108191329
1393	07/08/2007		2007	7	8	0	0	0	0				20181108191329
1394	10/21/2014		2014	10	21	0	0	0	0				20181108191329
1395	03/10/2015		2015	3	10	0	0	0	0				20181108191329
1396	07/08/2007		2007	7	8	0	0	0	0				20181108191329
1397	11/19/2007		2007	11	19	0	0	0	0				20181108191329
1398	03/20/2013		2013	3	20	0	0	0	0				20181108191329
1399	01/05/2017		2017	1	5	0	0	0	0				20181108191329
1400	09/18/2012		2012	9	18	0	0	0	0				20181108191329
1401	03/10/2017		2017	3	10	0	0	0	0				20181108191329
1402	07/18/2008		2008	7	18	0	0	0	0				20181108191329
1403	07/08/2007		2007	7	8	0	0	0	0				20181108191329
1404	01/19/2010		2010	1	19	0	0	0	0				20181108191329
1405	07/08/2007		2007	7	8	0	0	0	0				20181108191329
1406	01/24/2011		2011	1	24	0	0	0	0				20181108191329
1407	12/08/2010		2010	12	8	0	0	0	0				20181108191329
1408	02/10/2012		2012	2	10	0	0	0	0				20181108191329
1409	07/25/2014		2014	7	25	0	0	0	0				20181108191329
1410	10/29/2014		2014	10	29	0	0	0	0				20181108191329
1411	01/22/2018		2018	1	22	0	0	0	0				20181108191329
1412	07/08/2007		2007	7	8	0	0	0	0				20181108191329
1413	12/16/2009		2009	12	16	0	0	0	0				20181108191329
1414	05/12/2010		2010	5	12	0	0	0	0				20181108191329
1415	07/08/2007		2007	7	8	0	0	0	0				20181108191329
1416	05/28/2008		2008	5	28	0	0	0	0				20181108191329
1417	11/11/2016		2016	11	11	0	0	0	0				20181108191329
1418	02/11/2008		2008	2	11	0	0	0	0				20181108191329
1419	07/17/2018		2018	7	17	0	0	0	0				20181108191329
1420	02/11/2008		2008	2	11	0	0	0	0				20181108191329
1421	07/08/2007		2007	7	8	0	0	0	0				20181108191329
1422	06/15/2010		2010	6	15	0	0	0	0				20181108191329
1423	07/08/2007		2007	7	8	0	0	0	0				20181108191329
1424	07/08/2007		2007	7	8	0	0	0	0				20181108191329
1425	04/12/2017		2017	4	12	0	0	0	0				20181108191329
1426	11/15/2016		2016	11	15	0	0	0	0				20181108191329
1427	10/25/2013		2013	10	25	0	0	0	0				20181108191329
1428	07/07/2009		2009	7	7	0	0	0	0				20181108191329
1429	08/08/2013		2013	8	8	0	0	0	0				20181108191329
1430	07/08/2007		2007	7	8	0	0	0	0				20181108191329
1431	04/12/2017		2017	4	12	0	0	0	0				20181108191329
1432	02/28/2008		2008	2	28	0	0	0	0				20181108191329
1433	07/08/2007		2007	7	8	0	0	0	0				20181108191329
1434	07/08/2007		2007	7	8	0	0	0	0				20181108191329
1435	07/10/2012		2012	7	10	0	0	0	0				20181108191329
1436	10/17/2014		2014	10	17	0	0	0	0				20181108191329
1437	07/02/2014		2014	7	2	0	0	0	0				20181108191329
1440	05/09/2011		2011	5	9	0	0	0	0				20181108191329
1441	07/08/2007		2007	7	8	0	0	0	0				20181108191329
1442	01/12/2012		2012	1	12	0	0	0	0				20181108191329
1443	07/08/2007		2007	7	8	0	0	0	0				20181108191329
1444	04/28/2008		2008	4	28	0	0	0	0				20181108191329
1445	12/06/2007		2007	12	6	0	0	0	0				20181108191329
1446	08/09/2016		2016	8	9	0	0	0	0				20181108191329
1447	11/20/2013		2013	11	20	0	0	0	0				20181108191329
1448	07/09/2007		2007	7	9	0	0	0	0				20181108191329
1449	12/12/2007		2007	12	12	0	0	0	0				20181108191329
1450	07/21/2010		2010	7	21	0	0	0	0				20181108191329
1451	05/29/2013		2013	5	29	0	0	0	0				20181108191329
1452	01/12/2015		2015	1	12	0	0	0	0				20181108191329
1453	02/03/2010		2010	2	3	0	0	0	0				20181108191329
1454	05/11/2011		2011	5	11	0	0	0	0				20181108191329
1455	03/15/2017		2017	3	15	0	0	0	0				20181108191329
1456	07/08/2007		2007	7	8	0	0	0	0				20181108191329
1457	07/08/2007		2007	7	8	0	0	0	0				20181108191329
1458	04/26/2018		2018	4	26	0	0	0	0				20181108191329
1459	02/13/2014		2014	2	13	0	0	0	0				20181108191329
1460	03/29/2011		2011	3	29	0	0	0	0				20181108191329
1461	07/08/2007		2007	7	8	0	0	0	0				20181108191329
1462	09/30/2011		2011	9	30	0	0	0	0				20181108191329
1463	07/21/2016		2016	7	21	0	0	0	0				20181108191329
1464	11/09/2015		2015	11	9	0	0	0	0				20181108191329
1465	07/09/2007		2007	7	9	0	0	0	0				20181108191329
1466	11/27/2007		2007	11	27	0	0	0	0				20181108191329
1467	08/17/2007		2007	8	17	0	0	0	0				20181108191329
1468	07/08/2007		2007	7	8	0	0	0	0				20181108191329
1469	11/01/2011		2011	11	1	0	0	0	0				20181108191329
1470	01/21/2014		2014	1	21	0	0	0	0				20181108191329
1471	07/08/2007		2007	7	8	0	0	0	0				20181108191329
1472	07/08/2007		2007	7	8	0	0	0	0				20181108191329
1473	04/26/2017		2017	4	26	0	0	0	0				20181108191329
1474	04/10/2015		2015	4	10	0	0	0	0				20181108191329
1475	07/21/2010		2010	7	21	0	0	0	0				20181108191329
1476	11/24/2014		2014	11	24	0	0	0	0				20181108191329
1477	05/21/2013		2013	5	21	0	0	0	0				20181108191329
1478	12/05/2014		2014	12	5	0	0	0	0				20181108191329
1479	03/05/2009		2009	3	5	0	0	0	0				20181108191329
1480	07/08/2007		2007	7	8	0	0	0	0				20181108191329
1481	03/05/2013		2013	3	5	0	0	0	0				20181108191329
1482	10/11/2017		2017	10	11	0	0	0	0				20181108191329
1483	11/25/2008		2008	11	25	0	0	0	0				20181108191329
1484	07/08/2007		2007	7	8	0	0	0	0				20181108191329
1485	09/05/2013		2013	9	5	0	0	0	0				20181108191329
1486	02/10/2016		2016	2	10	0	0	0	0				20181108191329
1487	07/09/2007		2007	7	9	0	0	0	0				20181108191329
1489	01/05/2012		2012	1	5	0	0	0	0				20181108191329
1490	11/30/2016		2016	11	30	0	0	0	0				20181108191329
1491	12/06/2007		2007	12	6	0	0	0	0				20181108191329
1492	08/22/2011		2011	8	22	0	0	0	0				20181108191329
1493	11/25/2009		2009	11	25	0	0	0	0				20181108191329
1494	11/25/2009		2009	11	25	0	0	0	0				20181108191329
1495	07/12/2018		2018	7	12	0	0	0	0				20181108191329
1496	04/28/2008		2008	4	28	0	0	0	0				20181108191329
1497	01/17/2008		2008	1	17	0	0	0	0				20181108191329
1498	07/14/2016		2016	7	14	0	0	0	0				20181108191329
1499	07/08/2007		2007	7	8	0	0	0	0				20181108191329
1501	07/08/2007		2007	7	8	0	0	0	0				20181108191329
1502	09/26/2017		2017	9	26	0	0	0	0				20181108191329
1503	10/06/2015		2015	10	6	0	0	0	0				20181108191329
1504	07/08/2007		2007	7	8	0	0	0	0				20181108191329
1505	02/19/2014		2014	2	19	0	0	0	0				20181108191329
1506	07/08/2007		2007	7	8	0	0	0	0				20181108191329
1507	06/01/2011		2011	6	1	0	0	0	0				20181108191329
1508	03/23/2009		2009	3	23	0	0	0	0				20181108191329
1509	10/16/2014		2014	10	16	0	0	0	0				20181108191329
1510	01/12/2015		2015	1	12	0	0	0	0				20181108191329
1511	08/29/2018		2018	8	29	0	0	0	0				20181108191329
1512	08/07/2015		2015	8	7	0	0	0	0				20181108191329
1513	07/08/2007		2007	7	8	0	0	0	0				20181108191329
1514	01/18/2016		2016	1	18	0	0	0	0				20181108191329
1515	01/19/2011		2011	1	19	0	0	0	0				20181108191329
1516	08/27/2014		2014	8	27	0	0	0	0				20181108191329
1517	05/08/2015		2015	5	8	0	0	0	0				20181108191329
1518	03/18/2016		2016	3	18	0	0	0	0				20181108191329
1519	08/12/2014		2014	8	12	0	0	0	0				20181108191329
1520	05/01/2018		2018	5	1	0	0	0	0				20181108191329
1521	04/24/2015		2015	4	24	0	0	0	0				20181108191329
1522	06/09/2008		2008	6	9	0	0	0	0				20181108191329
1523	07/09/2007		2007	7	9	0	0	0	0				20181108191329
1524	10/29/2007		2007	10	29	0	0	0	0				20181108191329
1525	01/23/2008		2008	1	23	0	0	0	0				20181108191329
1526	06/02/2010		2010	6	2	0	0	0	0				20181108191329
1527	11/15/2010		2010	11	15	0	0	0	0				20181108191329
1528	02/07/2017		2017	2	7	0	0	0	0				20181108191329
1529	04/26/2011		2011	4	26	0	0	0	0				20181108191329
1530	04/02/2009		2009	4	2	0	0	0	0				20181108191329
1531	03/20/2012		2012	3	20	0	0	0	0				20181108191329
1532	10/17/2014		2014	10	17	0	0	0	0				20181108191329
1534	01/12/2009		2009	1	12	0	0	0	0				20181108191329
1535	06/27/2016		2016	6	27	0	0	0	0				20181108191329
1536	07/08/2007		2007	7	8	0	0	0	0				20181108191329
1537	07/09/2007		2007	7	9	0	0	0	0				20181108191329
1538	12/29/2015		2015	12	29	0	0	0	0				20181108191329
1539	10/18/2012		2012	10	18	0	0	0	0				20181108191329
1540	02/10/2010		2010	2	10	0	0	0	0				20181108191329
1541	08/17/2018		2018	8	17	0	0	0	0				20181108191329
1542	11/22/2010		2010	11	22	0	0	0	0				20181108191329
1543	07/08/2007		2007	7	8	0	0	0	0				20181108191330
1544	07/08/2007		2007	7	8	0	0	0	0				20181108191330
1545	05/21/2013		2013	5	21	0	0	0	0				20181108191330
1546	07/01/2010		2010	7	1	0	0	0	0				20181108191330
1547	09/28/2011		2011	9	28	0	0	0	0				20181108191330
1548	07/22/2010		2010	7	22	0	0	0	0				20181108191330
1549	07/09/2007		2007	7	9	0	0	0	0				20181108191330
1550	07/08/2007		2007	7	8	0	0	0	0				20181108191330
1551	10/17/2014		2014	10	17	0	0	0	0				20181108191330
1552	02/27/2014		2014	2	27	0	0	0	0				20181108191330
1553	03/20/2008		2008	3	20	0	0	0	0				20181108191330
1554	09/10/2015		2015	9	10	0	0	0	0				20181108191330
1555	12/23/2014		2014	12	23	0	0	0	0				20181108191330
1556	01/08/2015		2015	1	8	0	0	0	0				20181108191330
1557	03/17/2018		2018	3	17	0	0	0	0				20181108191330
1558	07/08/2007		2007	7	8	0	0	0	0				20181108191330
1559	09/27/2018		2018	9	27	0	0	0	0				20181108191330
1560	09/26/2013		2013	9	26	0	0	0	0				20181108191330
1561	05/13/2011		2011	5	13	0	0	0	0				20181108191330
1562	12/28/2017		2017	12	28	0	0	0	0				20181108191330
1563	07/08/2007		2007	7	8	0	0	0	0				20181108191330
1564	07/12/2018		2018	7	12	0	0	0	0				20181108191330
1566	07/08/2007		2007	7	8	0	0	0	0				20181108191330
1567	01/12/2015		2015	1	12	0	0	0	0				20181108191330
1568	06/24/2016		2016	6	24	0	0	0	0				20181108191330
1569	07/26/2012		2012	7	26	0	0	0	0				20181108191330
1570	11/18/2008		2008	11	18	0	0	0	0				20181108191330
1571	01/29/2018		2018	1	29	0	0	0	0				20181108191330
1572	11/24/2009		2009	11	24	0	0	0	0				20181108191330
1573	03/21/2011		2011	3	21	0	0	0	0				20181108191330
1574	08/23/2010		2010	8	23	0	0	0	0				20181108191330
1575	07/08/2007		2007	7	8	0	0	0	0				20181108191330
1576	08/06/2012		2012	8	6	0	0	0	0				20181108191330
1577	10/06/2015		2015	10	6	0	0	0	0				20181108191330
1578	09/29/2016		2016	9	29	0	0	0	0				20181108191330
1579	09/12/2012		2012	9	12	0	0	0	0				20181108191330
1580	07/08/2007		2007	7	8	0	0	0	0				20181108191330
1581	07/08/2007		2007	7	8	0	0	0	0				20181108191330
1582	02/24/2011		2011	2	24	0	0	0	0				20181108191330
1583	05/20/2015		2015	5	20	0	0	0	0				20181108191330
1584	12/15/2015		2015	12	15	0	0	0	0				20181108191330
1585	11/14/2011		2011	11	14	0	0	0	0				20181108191330
1586	04/10/2008		2008	4	10	0	0	0	0				20181108191330
1587	07/08/2007		2007	7	8	0	0	0	0				20181108191330
1588	12/21/2011		2011	12	21	0	0	0	0				20181108191330
1589	07/08/2007		2007	7	8	0	0	0	0				20181108191330
1590	07/08/2007		2007	7	8	0	0	0	0				20181108191330
1591	06/20/2011		2011	6	20	0	0	0	0				20181108191330
1592	12/27/2013		2013	12	27	0	0	0	0				20181108191330
1593	03/18/2016		2016	3	18	0	0	0	0				20181108191330
1594	03/17/2011		2011	3	17	0	0	0	0				20181108191330
1596	10/09/2014		2014	10	9	0	0	0	0				20181108191330
1597	11/18/2015		2015	11	18	0	0	0	0				20181108191330
1599	04/04/2012		2012	4	4	0	0	0	0				20181108191330
1600	12/26/2013		2013	12	26	0	0	0	0				20181108191330
1601	03/02/2016		2016	3	2	0	0	0	0				20181108191330
1602	07/08/2007		2007	7	8	0	0	0	0				20181108191330
1603	01/11/2010		2010	1	11	0	0	0	0				20181108191330
1604	09/30/2017		2017	9	30	0	0	0	0				20181108191330
1605	08/14/2015		2015	8	14	0	0	0	0				20181108191330
1606	07/08/2007		2007	7	8	0	0	0	0				20181108191330
1607	10/18/2007		2007	10	18	0	0	0	0				20181108191330
1608	11/09/2012		2012	11	9	0	0	0	0				20181108191330
1609	04/20/2008		2008	4	20	0	0	0	0				20181108191330
1610	08/22/2016		2016	8	22	0	0	0	0				20181108191330
1611	01/18/2017		2017	1	18	0	0	0	0				20181108191330
1612	10/28/2015		2015	10	28	0	0	0	0				20181108191330
1613	07/08/2007		2007	7	8	0	0	0	0				20181108191330
1614	07/08/2007		2007	7	8	0	0	0	0				20181108191330
1615	07/08/2007		2007	7	8	0	0	0	0				20181108191330
1616	07/09/2007		2007	7	9	0	0	0	0				20181108191330
1618	07/09/2007		2007	7	9	0	0	0	0				20181108191330
1619	02/13/2014		2014	2	13	0	0	0	0				20181108191330
1620	02/02/2012		2012	2	2	0	0	0	0				20181108191330
1621	07/09/2007		2007	7	9	0	0	0	0				20181108191330
1622	06/13/2008		2008	6	13	0	0	0	0				20181108191330
1623	07/08/2007		2007	7	8	0	0	0	0				20181108191330
1624	07/08/2007		2007	7	8	0	0	0	0				20181108191330
1625	07/09/2007		2007	7	9	0	0	0	0				20181108191330
1626	02/04/2013		2013	2	4	0	0	0	0				20181108191330
1627	09/27/2007		2007	9	27	0	0	0	0				20181108191330
1628	11/20/2007		2007	11	20	0	0	0	0				20181108191330
1630	04/01/2015		2015	4	1	0	0	0	0				20181108191330
1631	07/25/2013		2013	7	25	0	0	0	0				20181108191330
1632	07/08/2007		2007	7	8	0	0	0	0				20181108191330
1633	07/07/2008		2008	7	7	0	0	0	0				20181108191330
1634	01/09/2017		2017	1	9	0	0	0	0				20181108191330
1635	02/10/2015		2015	2	10	0	0	0	0				20181108191330
1636	09/10/2015		2015	9	10	0	0	0	0				20181108191330
1637	09/18/2017		2017	9	18	0	0	0	0				20181108191330
1638	04/03/2015		2015	4	3	0	0	0	0				20181108191330
1639	06/15/2011		2011	6	15	0	0	0	0				20181108191330
1640	06/24/2010		2010	6	24	0	0	0	0				20181108191330
1641	03/23/2011		2011	3	23	0	0	0	0				20181108191330
1642	11/19/2007		2007	11	19	0	0	0	0				20181108191330
1643	11/30/2010		2010	11	30	0	0	0	0				20181108191330
1644	07/08/2007		2007	7	8	0	0	0	0				20181108191330
1645	04/14/2017		2017	4	14	0	0	0	0				20181108191330
1646	07/25/2017		2017	7	25	0	0	0	0				20181108191330
1647	01/19/2012		2012	1	19	0	0	0	0				20181108191330
1648	08/02/2016		2016	8	2	0	0	0	0				20181108191330
1649	03/10/2016		2016	3	10	0	0	0	0				20181108191330
1650	03/06/2008		2008	3	6	0	0	0	0				20181108191330
1651	06/30/2010		2010	6	30	0	0	0	0				20181108191330
1652	06/14/2011		2011	6	14	0	0	0	0				20181108191330
1653	07/08/2007		2007	7	8	0	0	0	0				20181108191330
1654	05/21/2008		2008	5	21	0	0	0	0				20181108191330
1655	08/30/2018		2018	8	30	0	0	0	0				20181108191330
1656	07/08/2007		2007	7	8	0	0	0	0				20181108191330
1657	02/24/2015		2015	2	24	0	0	0	0				20181108191330
1658	03/02/2017		2017	3	2	0	0	0	0				20181108191330
1659	03/14/2016		2016	3	14	0	0	0	0				20181108191330
1660	07/08/2007		2007	7	8	0	0	0	0				20181108191330
1661	03/23/2016		2016	3	23	0	0	0	0				20181108191330
1662	12/17/2007		2007	12	17	0	0	0	0				20181108191330
1663	02/16/2010		2010	2	16	0	0	0	0				20181108191330
1664	12/19/2007		2007	12	19	0	0	0	0				20181108191330
1665	11/22/2011		2011	11	22	0	0	0	0				20181108191330
1666	10/19/2017		2017	10	19	0	0	0	0				20181108191330
1667	05/31/2018		2018	5	31	0	0	0	0				20181108191330
1668	12/27/2013		2013	12	27	0	0	0	0				20181108191330
1669	10/04/2013		2013	10	4	0	0	0	0				20181108191330
1670	01/19/2013		2013	1	19	0	0	0	0				20181108191330
1671	03/04/2010		2010	3	4	0	0	0	0				20181108191330
1672	07/08/2007		2007	7	8	0	0	0	0				20181108191330
1673	05/19/2016		2016	5	19	0	0	0	0				20181108191330
1674	03/24/2014		2014	3	24	0	0	0	0				20181108191330
1675	05/06/2011		2011	5	6	0	0	0	0				20181108191330
1676	05/17/2016		2016	5	17	0	0	0	0				20181108191330
1677	12/26/2013		2013	12	26	0	0	0	0				20181108191330
1678	12/07/2009		2009	12	7	0	0	0	0				20181108191330
1679	03/20/2018		2018	3	20	0	0	0	0				20181108191330
1680	07/09/2007		2007	7	9	0	0	0	0				20181108191330
1681	07/08/2007		2007	7	8	0	0	0	0				20181108191330
1682	12/16/2015		2015	12	16	0	0	0	0				20181108191330
1683	08/03/2010		2010	8	3	0	0	0	0				20181108191330
1684	05/16/2017		2017	5	16	0	0	0	0				20181108191330
1685	06/05/2009		2009	6	5	0	0	0	0				20181108191330
1686	03/15/2015		2015	3	15	0	0	0	0				20181108191330
1687	07/09/2018		2018	7	9	0	0	0	0				20181108191330
1688	07/08/2007		2007	7	8	0	0	0	0				20181108191330
1689	11/09/2015		2015	11	9	0	0	0	0				20181108191330
1690	08/06/2014		2014	8	6	0	0	0	0				20181108191330
1691	01/25/2012		2012	1	25	0	0	0	0				20181108191330
1692	06/10/2014		2014	6	10	0	0	0	0				20181108191330
1694	01/05/2010		2010	1	5	0	0	0	0				20181108191330
1695	07/05/2009		2009	7	5	0	0	0	0				20181108191330
1696	04/20/2008		2008	4	20	0	0	0	0				20181108191330
1697	07/10/2008		2008	7	10	0	0	0	0				20181108191330
1698	04/22/2008		2008	4	22	0	0	0	0				20181108191330
1700	03/11/2011		2011	3	11	0	0	0	0				20181108191330
1701	06/16/2018		2018	6	16	0	0	0	0				20181108191330
1702	07/08/2007		2007	7	8	0	0	0	0				20181108191330
1703	06/10/2009		2009	6	10	0	0	0	0				20181108191330
1704	04/30/2018		2018	4	30	0	0	0	0				20181108191330
1705	09/29/2017		2017	9	29	0	0	0	0				20181108191330
1706	07/08/2007		2007	7	8	0	0	0	0				20181108191330
1707	08/17/2018		2018	8	17	0	0	0	0				20181108191330
1708	02/21/2013		2013	2	21	0	0	0	0				20181108191330
1709	04/20/2008		2008	4	20	0	0	0	0				20181108191330
1710	02/22/2018		2018	2	22	0	0	0	0				20181108191330
1711	10/17/2014		2014	10	17	0	0	0	0				20181108191330
1712	12/30/2014		2014	12	30	0	0	0	0				20181108191330
1713	04/19/2017		2017	4	19	0	0	0	0				20181108191330
1714	04/15/2014		2014	4	15	0	0	0	0				20181108191330
1715	01/15/2018		2018	1	15	0	0	0	0				20181108191330
1716	12/06/2007		2007	12	6	0	0	0	0				20181108191330
1717	04/22/2015		2015	4	22	0	0	0	0				20181108191330
1718	07/08/2007		2007	7	8	0	0	0	0				20181108191330
1719	07/08/2007		2007	7	8	0	0	0	0				20181108191330
1720	05/29/2008		2008	5	29	0	0	0	0				20181108191330
1721	05/03/2012		2012	5	3	0	0	0	0				20181108191330
1722	01/09/2013		2013	1	9	0	0	0	0				20181108191330
1723	01/14/2016		2016	1	14	0	0	0	0				20181108191330
1724	05/24/2011		2011	5	24	0	0	0	0				20181108191330
1725	03/07/2018		2018	3	7	0	0	0	0				20181108191330
1726	03/14/2008		2008	3	14	0	0	0	0				20181108191330
1727	01/13/2015		2015	1	13	0	0	0	0				20181108191330
1728	01/13/2015		2015	1	13	0	0	0	0				20181108191330
1729	07/09/2007		2007	7	9	0	0	0	0				20181108191330
1731	04/14/2017		2017	4	14	0	0	0	0				20181108191330
1732	03/18/2009		2009	3	18	0	0	0	0				20181108191330
1733	06/07/2016		2016	6	7	0	0	0	0				20181108191330
1735	07/08/2007		2007	7	8	0	0	0	0				20181108191330
1736	09/22/2016		2016	9	22	0	0	0	0				20181108191330
1737	07/09/2007		2007	7	9	0	0	0	0				20181108191330
1738	11/12/2009		2009	11	12	0	0	0	0				20181108191330
1739	07/02/2013		2013	7	2	0	0	0	0				20181108191330
1740	04/20/2008		2008	4	20	0	0	0	0				20181108191330
1741	04/16/2012		2012	4	16	0	0	0	0				20181108191330
1742	03/13/2015		2015	3	13	0	0	0	0				20181108191330
1743	07/08/2007		2007	7	8	0	0	0	0				20181108191330
1744	07/22/2010		2010	7	22	0	0	0	0				20181108191330
1745	09/06/2011		2011	9	6	0	0	0	0				20181108191330
1746	07/17/2012		2012	7	17	0	0	0	0				20181108191330
1747	07/21/2008		2008	7	21	0	0	0	0				20181108191330
1748	05/17/2016		2016	5	17	0	0	0	0				20181108191330
1749	11/12/2009		2009	11	12	0	0	0	0				20181108191330
1750	04/19/2011		2011	4	19	0	0	0	0				20181108191330
1751	02/26/2018		2018	2	26	0	0	0	0				20181108191330
1752	06/18/2012		2012	6	18	0	0	0	0				20181108191330
1753	08/07/2018		2018	8	7	0	0	0	0				20181108191330
1754	10/01/2013		2013	10	1	0	0	0	0				20181108191330
1755	07/13/2018		2018	7	13	0	0	0	0				20181108191330
1756	08/19/2013		2013	8	19	0	0	0	0				20181108191330
1757	10/14/2009		2009	10	14	0	0	0	0				20181108191330
1758	07/17/2013		2013	7	17	0	0	0	0				20181108191330
1759	10/23/2012		2012	10	23	0	0	0	0				20181108191330
1760	08/23/2016		2016	8	23	0	0	0	0				20181108191330
1761	08/11/2010		2010	8	11	0	0	0	0				20181108191330
1762	03/21/2011		2011	3	21	0	0	0	0				20181108191330
1763	11/16/2010		2010	11	16	0	0	0	0				20181108191330
1764	07/28/2016		2016	7	28	0	0	0	0				20181108191330
1766	10/25/2013		2013	10	25	0	0	0	0				20181108191330
1767	07/13/2009		2009	7	13	0	0	0	0				20181108191330
1768	04/09/2008		2008	4	9	0	0	0	0				20181108191330
1769	08/02/2007		2007	8	2	0	0	0	0				20181108191330
1770	02/09/2017		2017	2	9	0	0	0	0				20181108191330
1771	01/04/2011		2011	1	4	0	0	0	0				20181108191330
1772	04/06/2010		2010	4	6	0	0	0	0				20181108191330
1773	07/24/2017		2017	7	24	0	0	0	0				20181108191330
1774	10/05/2012		2012	10	5	0	0	0	0				20181108191330
1775	03/18/2010		2010	3	18	0	0	0	0				20181108191330
1776	09/04/2017		2017	9	4	0	0	0	0				20181108191330
1777	10/01/2009		2009	10	1	0	0	0	0				20181108191330
1778	03/22/2018		2018	3	22	0	0	0	0				20181108191330
1779	07/08/2007		2007	7	8	0	0	0	0				20181108191330
1780	10/16/2015		2015	10	16	0	0	0	0				20181108191330
1781	11/10/2014		2014	11	10	0	0	0	0				20181108191330
1782	07/19/2013		2013	7	19	0	0	0	0				20181108191330
1783	03/22/2011		2011	3	22	0	0	0	0				20181108191330
1784	09/08/2008		2008	9	8	0	0	0	0				20181108191330
1785	02/25/2013		2013	2	25	0	0	0	0				20181108191330
1786	08/20/2014		2014	8	20	0	0	0	0				20181108191330
1787	03/25/2010		2010	3	25	0	0	0	0				20181108191330
1788	08/14/2007		2007	8	14	0	0	0	0				20181108191330
1789	10/17/2013		2013	10	17	0	0	0	0				20181108191330
1790	08/31/2011		2011	8	31	0	0	0	0				20181108191330
1791	01/08/2013		2013	1	8	0	0	0	0				20181108191330
1792	08/31/2016		2016	8	31	0	0	0	0				20181108191330
1793	09/07/2012		2012	9	7	0	0	0	0				20181108191330
1794	05/18/2015		2015	5	18	0	0	0	0				20181108191330
1795	12/22/2009		2009	12	22	0	0	0	0				20181108191330
1796	08/18/2008		2008	8	18	0	0	0	0				20181108191330
1797	06/27/2008		2008	6	27	0	0	0	0				20181108191330
1798	02/26/2013		2013	2	26	0	0	0	0				20181108191330
1799	01/12/2009		2009	1	12	0	0	0	0				20181108191330
1800	04/22/2008		2008	4	22	0	0	0	0				20181108191330
1801	03/20/2008		2008	3	20	0	0	0	0				20181108191330
1802	03/03/2015		2015	3	3	0	0	0	0				20181108191330
1803	08/11/2017		2017	8	11	0	0	0	0				20181108191330
1804	02/27/2008		2008	2	27	0	0	0	0				20181108191330
1805	02/06/2013		2013	2	6	0	0	0	0				20181108191330
1806	09/16/2015		2015	9	16	0	0	0	0				20181108191330
1808	11/19/2009		2009	11	19	0	0	0	0				20181108191330
1809	07/12/2016		2016	7	12	0	0	0	0				20181108191330
1810	07/08/2007		2007	7	8	0	0	0	0				20181108191330
1811	01/27/2015		2015	1	27	0	0	0	0				20181108191330
1812	07/11/2018		2018	7	11	0	0	0	0				20181108191330
1813	04/14/2011		2011	4	14	0	0	0	0				20181108191330
1814	07/08/2007		2007	7	8	0	0	0	0				20181108191330
1816	02/27/2017		2017	2	27	0	0	0	0				20181108191330
1817	07/08/2007		2007	7	8	0	0	0	0				20181108191330
1818	10/26/2013		2013	10	26	0	0	0	0				20181108191330
1819	06/13/2008		2008	6	13	0	0	0	0				20181108191330
1820	03/13/2017		2017	3	13	0	0	0	0				20181108191330
1821	12/08/2010		2010	12	8	0	0	0	0				20181108191330
1822	06/11/2008		2008	6	11	0	0	0	0				20181108191330
1823	07/08/2007		2007	7	8	0	0	0	0				20181108191330
1824	11/21/2016		2016	11	21	0	0	0	0				20181108191330
1825	06/09/2008		2008	6	9	0	0	0	0				20181108191330
1826	07/12/2007		2007	7	12	0	0	0	0				20181108191330
1827	04/30/2008		2008	4	30	0	0	0	0				20181108191330
1828	09/22/2016		2016	9	22	0	0	0	0				20181108191330
1829	01/31/2017		2017	1	31	0	0	0	0				20181108191330
1831	06/24/2013		2013	6	24	0	0	0	0				20181108191330
1832	10/29/2007		2007	10	29	0	0	0	0				20181108191330
1833	07/08/2007		2007	7	8	0	0	0	0				20181108191330
1834	07/08/2007		2007	7	8	0	0	0	0				20181108191330
1835	03/18/2016		2016	3	18	0	0	0	0				20181108191330
1836	11/20/2007		2007	11	20	0	0	0	0				20181108191330
1837	02/22/2017		2017	2	22	0	0	0	0				20181108191330
1838	10/31/2016		2016	10	31	0	0	0	0				20181108191330
1839	08/06/2009		2009	8	6	0	0	0	0				20181108191330
1840	07/29/2015		2015	7	29	0	0	0	0				20181108191330
1841	10/23/2008		2008	10	23	0	0	0	0				20181108191330
1842	07/08/2007		2007	7	8	0	0	0	0				20181108191330
1843	02/09/2012		2012	2	9	0	0	0	0				20181108191330
1844	07/16/2008		2008	7	16	0	0	0	0				20181108191330
1845	01/09/2018		2018	1	9	0	0	0	0				20181108191330
1846	10/08/2012		2012	10	8	0	0	0	0				20181108191330
1847	02/22/2008		2008	2	22	0	0	0	0				20181108191330
1848	01/09/2018		2018	1	9	0	0	0	0				20181108191330
1849	07/08/2007		2007	7	8	0	0	0	0				20181108191330
1850	01/13/2015		2015	1	13	0	0	0	0				20181108191330
1851	07/08/2007		2007	7	8	0	0	0	0				20181108191330
1852	01/05/2010		2010	1	5	0	0	0	0				20181108191330
1853	02/14/2018		2018	2	14	0	0	0	0				20181108191330
1854	12/05/2014		2014	12	5	0	0	0	0				20181108191330
1855	01/04/2017		2017	1	4	0	0	0	0				20181108191330
1857	07/09/2007		2007	7	9	0	0	0	0				20181108191330
1858	07/08/2007		2007	7	8	0	0	0	0				20181108191330
1859	03/10/2014		2014	3	10	0	0	0	0				20181108191330
1860	12/17/2007		2007	12	17	0	0	0	0				20181108191330
1861	07/08/2007		2007	7	8	0	0	0	0				20181108191330
1862	05/27/2008		2008	5	27	0	0	0	0				20181108191330
1863	02/22/2008		2008	2	22	0	0	0	0				20181108191330
1864	06/22/2016		2016	6	22	0	0	0	0				20181108191330
1865	08/31/2011		2011	8	31	0	0	0	0				20181108191330
1866	09/29/2010		2010	9	29	0	0	0	0				20181108191330
1867	07/08/2007		2007	7	8	0	0	0	0				20181108191330
1868	03/25/2009		2009	3	25	0	0	0	0				20181108191330
1869	11/20/2009		2009	11	20	0	0	0	0				20181108191330
1870	09/28/2007		2007	9	28	0	0	0	0				20181108191330
1871	02/14/2013		2013	2	14	0	0	0	0				20181108191330
1872	08/12/2013		2013	8	12	0	0	0	0				20181108191330
1873	03/16/2009		2009	3	16	0	0	0	0				20181108191330
1874	08/30/2018		2018	8	30	0	0	0	0				20181108191330
1875	06/25/2015		2015	6	25	0	0	0	0				20181108191330
1876	04/09/2018		2018	4	9	0	0	0	0				20181108191330
1877	07/23/2018		2018	7	23	0	0	0	0				20181108191330
1878	01/25/2012		2012	1	25	0	0	0	0				20181108191330
1879	01/19/2008		2008	1	19	0	0	0	0				20181108191330
1880	09/15/2015		2015	9	15	0	0	0	0				20181108191330
1881	10/24/2016		2016	10	24	0	0	0	0				20181108191330
1882	08/17/2018		2018	8	17	0	0	0	0				20181108191330
1883	10/05/2012		2012	10	5	0	0	0	0				20181108191330
1884	08/27/2008		2008	8	27	0	0	0	0				20181108191330
1885	02/19/2008		2008	2	19	0	0	0	0				20181108191330
1886	07/08/2007		2007	7	8	0	0	0	0				20181108191330
1887	03/29/2018		2018	3	29	0	0	0	0				20181108191330
1888	09/04/2014		2014	9	4	0	0	0	0				20181108191330
1889	12/17/2009		2009	12	17	0	0	0	0				20181108191330
1890	07/08/2007		2007	7	8	0	0	0	0				20181108191330
1891	07/09/2007		2007	7	9	0	0	0	0				20181108191330
1892	12/20/2017		2017	12	20	0	0	0	0				20181108191330
1893	02/06/2014		2014	2	6	0	0	0	0				20181108191330
1894	07/08/2007		2007	7	8	0	0	0	0				20181108191330
1895	09/24/2007		2007	9	24	0	0	0	0				20181108191330
1896	09/25/2007		2007	9	25	0	0	0	0				20181108191330
1897	07/08/2007		2007	7	8	0	0	0	0				20181108191330
1898	06/09/2008		2008	6	9	0	0	0	0				20181108191330
1899	03/09/2015		2015	3	9	0	0	0	0				20181108191330
1900	09/03/2009		2009	9	3	0	0	0	0				20181108191330
1901	08/08/2011		2011	8	8	0	0	0	0				20181108191330
1902	07/08/2007		2007	7	8	0	0	0	0				20181108191330
1903	07/08/2007		2007	7	8	0	0	0	0				20181108191330
1904	07/08/2007		2007	7	8	0	0	0	0				20181108191330
1905	04/27/2008		2008	4	27	0	0	0	0				20181108191330
1906	07/09/2007		2007	7	9	0	0	0	0				20181108191330
1907	07/08/2007		2007	7	8	0	0	0	0				20181108191330
1908	07/20/2016		2016	7	20	0	0	0	0				20181108191330
1909	07/08/2007		2007	7	8	0	0	0	0				20181108191330
1910	02/26/2018		2018	2	26	0	0	0	0				20181108191330
1911	10/30/2007		2007	10	30	0	0	0	0				20181108191330
1912	12/30/2009		2009	12	30	0	0	0	0				20181108191330
1913	09/03/2009		2009	9	3	0	0	0	0				20181108191330
1914	12/20/2013		2013	12	20	0	0	0	0				20181108191330
1915	04/27/2008		2008	4	27	0	0	0	0				20181108191330
1916	07/08/2007		2007	7	8	0	0	0	0				20181108191330
1917	08/12/2010		2010	8	12	0	0	0	0				20181108191330
1918	10/17/2014		2014	10	17	0	0	0	0				20181108191330
1919	10/24/2008		2008	10	24	0	0	0	0				20181108191330
1920	04/11/2017		2017	4	11	0	0	0	0				20181108191330
1921	10/20/2014		2014	10	20	0	0	0	0				20181108191331
1922	07/08/2007		2007	7	8	0	0	0	0				20181108191331
1923	03/02/2017		2017	3	2	0	0	0	0				20181108191331
1924	07/08/2007		2007	7	8	0	0	0	0				20181108191331
1925	08/01/2012		2012	8	1	0	0	0	0				20181108191331
1926	03/20/2013		2013	3	20	0	0	0	0				20181108191331
1927	10/26/2011		2011	10	26	0	0	0	0				20181108191331
1928	07/06/2016		2016	7	6	0	0	0	0				20181108191331
1929	08/26/2009		2009	8	26	0	0	0	0				20181108191331
1930	07/08/2007		2007	7	8	0	0	0	0				20181108191331
1931	07/31/2012		2012	7	31	0	0	0	0				20181108191331
1932	11/05/2013		2013	11	5	0	0	0	0				20181108191331
1933	10/14/2016		2016	10	14	0	0	0	0				20181108191331
1934	11/18/2014		2014	11	18	0	0	0	0				20181108191331
1936	07/08/2007		2007	7	8	0	0	0	0				20181108191331
1937	01/21/2014		2014	1	21	0	0	0	0				20181108191331
1938	11/22/2016		2016	11	22	0	0	0	0				20181108191331
1939	03/13/2013		2013	3	13	0	0	0	0				20181108191331
1940	12/20/2017		2017	12	20	0	0	0	0				20181108191331
1941	07/26/2016		2016	7	26	0	0	0	0				20181108191331
1942	07/09/2007		2007	7	9	0	0	0	0				20181108191331
1943	05/19/2008		2008	5	19	0	0	0	0				20181108191331
1944	04/20/2008		2008	4	20	0	0	0	0				20181108191331
1945	07/08/2007		2007	7	8	0	0	0	0				20181108191331
1946	09/05/2018		2018	9	5	0	0	0	0				20181108191331
1947	11/28/2012		2012	11	28	0	0	0	0				20181108191331
1948	04/11/2013		2013	4	11	0	0	0	0				20181108191331
1949	01/12/2015		2015	1	12	0	0	0	0				20181108191331
1951	06/24/2010		2010	6	24	0	0	0	0				20181108191331
1952	02/01/2011		2011	2	1	0	0	0	0				20181108191331
1953	01/17/2017		2017	1	17	0	0	0	0				20181108191331
1954	10/17/2008		2008	10	17	0	0	0	0				20181108191331
1955	08/28/2007		2007	8	28	0	0	0	0				20181108191331
1956	07/08/2007		2007	7	8	0	0	0	0				20181108191331
1957	08/05/2015		2015	8	5	0	0	0	0				20181108191331
1958	06/11/2010		2010	6	11	0	0	0	0				20181108191331
1959	06/27/2018		2018	6	27	0	0	0	0				20181108191331
1960	07/08/2007		2007	7	8	0	0	0	0				20181108191331
1961	03/13/2013		2013	3	13	0	0	0	0				20181108191331
1962	07/08/2007		2007	7	8	0	0	0	0				20181108191331
1963	07/08/2007		2007	7	8	0	0	0	0				20181108191331
1964	10/13/2008		2008	10	13	0	0	0	0				20181108191331
1965	11/15/2012		2012	11	15	0	0	0	0				20181108191331
1966	12/09/2011		2011	12	9	0	0	0	0				20181108191331
1967	06/22/2016		2016	6	22	0	0	0	0				20181108191331
1968	04/20/2016		2016	4	20	0	0	0	0				20181108191331
1969	05/08/2013		2013	5	8	0	0	0	0				20181108191331
1970	05/21/2014		2014	5	21	0	0	0	0				20181108191331
1971	01/15/2013		2013	1	15	0	0	0	0				20181108191331
1972	11/11/2009		2009	11	11	0	0	0	0				20181108191331
1973	11/08/2017		2017	11	8	0	0	0	0				20181108191331
1974	07/08/2007		2007	7	8	0	0	0	0				20181108191331
1975	07/09/2015		2015	7	9	0	0	0	0				20181108191331
1976	03/24/2014		2014	3	24	0	0	0	0				20181108191331
1977	07/08/2007		2007	7	8	0	0	0	0				20181108191331
1978	07/11/2012		2012	7	11	0	0	0	0				20181108191331
1979	07/08/2007		2007	7	8	0	0	0	0				20181108191331
1980	01/09/2012		2012	1	9	0	0	0	0				20181108191331
1981	07/24/2018		2018	7	24	0	0	0	0				20181108191331
1982	08/29/2018		2018	8	29	0	0	0	0				20181108191331
1983	09/20/2013		2013	9	20	0	0	0	0				20181108191331
1984	03/27/2012		2012	3	27	0	0	0	0				20181108191331
1985	07/30/2010		2010	7	30	0	0	0	0				20181108191331
1986	10/17/2012		2012	10	17	0	0	0	0				20181108191331
1988	09/11/2012		2012	9	11	0	0	0	0				20181108191331
1989	04/28/2008		2008	4	28	0	0	0	0				20181108191331
1990	07/18/2013		2013	7	18	0	0	0	0				20181108191331
1991	11/29/2007		2007	11	29	0	0	0	0				20181108191331
1992	07/08/2007		2007	7	8	0	0	0	0				20181108191331
1993	06/17/2016		2016	6	17	0	0	0	0				20181108191331
1994	07/03/2015		2015	7	3	0	0	0	0				20181108191331
1995	12/28/2010		2010	12	28	0	0	0	0				20181108191331
1996	07/08/2007		2007	7	8	0	0	0	0				20181108191331
1997	07/09/2007		2007	7	9	0	0	0	0				20181108191331
1998	11/06/2015		2015	11	6	0	0	0	0				20181108191331
1999	04/16/2016		2016	4	16	0	0	0	0				20181108191331
