Line_ID	As_Short_Text_LTE_400	As_Long_Text_LTE_4000	As_Year	As_Month	As_Day	As_Hour	As_Minute	As_Second	As_Millisecond	As_Double	As_Long	As_Bool	YMD_hms_Key
1	01									1	1		20181108191325
5	01									1	1		20181108191325
16	05									5	5		20181108191325
20	05									5	5		20181108191325
21	05									5	5		20181108191325
22	01									1	1		20181108191325
24	05									5	5		20181108191325
29	05									5	5		20181108191325
39	05									5	5		20181108191325
40	01									1	1		20181108191325
42	05									5	5		20181108191325
44	01									1	1		20181108191325
46	01									1	1		20181108191325
47	05									5	5		20181108191325
48	05									5	5		20181108191325
55	01									1	1		20181108191325
58	01									1	1		20181108191325
61	01									1	1		20181108191325
66	01									1	1		20181108191326
72	01									1	1		20181108191326
76	01									1	1		20181108191326
77	05									5	5		20181108191326
81	01									1	1		20181108191326
84	01									1	1		20181108191326
87	01									1	1		20181108191326
91	01									1	1		20181108191326
93	01									1	1		20181108191326
94	01									1	1		20181108191326
99	01									1	1		20181108191326
101	05									5	5		20181108191326
102	01									1	1		20181108191326
106	05									5	5		20181108191326
110	01									1	1		20181108191326
115	01									1	1		20181108191326
116	01									1	1		20181108191326
126	01									1	1		20181108191326
129	01									1	1		20181108191326
130	05									5	5		20181108191326
132	01									1	1		20181108191326
133	01									1	1		20181108191326
137	05									5	5		20181108191326
139	01									1	1		20181108191326
144	05									5	5		20181108191326
148	05									5	5		20181108191326
159	01									1	1		20181108191326
160	05									5	5		20181108191326
164	05									5	5		20181108191326
165	01									1	1		20181108191326
166	05									5	5		20181108191326
167	05									5	5		20181108191326
170	01									1	1		20181108191326
172	05									5	5		20181108191326
176	01									1	1		20181108191326
177	01									1	1		20181108191326
179	01									1	1		20181108191326
182	05									5	5		20181108191326
183	01									1	1		20181108191326
186	05									5	5		20181108191326
187	01									1	1		20181108191326
190	05									5	5		20181108191326
192	01									1	1		20181108191326
193	05									5	5		20181108191326
195	01									1	1		20181108191326
197	01									1	1		20181108191326
202	01									1	1		20181108191326
203	01									1	1		20181108191326
205	05									5	5		20181108191326
207	01									1	1		20181108191326
209	01									1	1		20181108191326
210	05									5	5		20181108191326
217	01									1	1		20181108191326
218	01									1	1		20181108191326
219	01									1	1		20181108191326
224	01									1	1		20181108191326
225	05									5	5		20181108191326
227	01									1	1		20181108191326
228	01									1	1		20181108191326
231	05									5	5		20181108191326
232	05									5	5		20181108191326
233	01									1	1		20181108191326
248	01									1	1		20181108191326
251	05									5	5		20181108191326
253	05									5	5		20181108191326
258	05									5	5		20181108191326
263	01									1	1		20181108191326
264	01									1	1		20181108191326
265	01									1	1		20181108191326
266	01									1	1		20181108191326
267	01									1	1		20181108191326
272	05									5	5		20181108191326
275	05									5	5		20181108191326
277	05									5	5		20181108191326
278	01									1	1		20181108191326
281	01									1	1		20181108191326
283	05									5	5		20181108191326
290	01									1	1		20181108191326
291	01									1	1		20181108191326
294	01									1	1		20181108191326
295	01									1	1		20181108191326
296	05									5	5		20181108191326
303	05									5	5		20181108191326
309	05									5	5		20181108191326
310	05									5	5		20181108191326
312	01									1	1		20181108191326
317	01									1	1		20181108191326
322	01									1	1		20181108191326
328	01									1	1		20181108191326
339	01									1	1		20181108191326
341	01									1	1		20181108191326
342	05									5	5		20181108191326
347	05									5	5		20181108191326
348	05									5	5		20181108191326
352	01									1	1		20181108191326
355	05									5	5		20181108191326
363	01									1	1		20181108191326
368	05									5	5		20181108191326
373	01									1	1		20181108191326
375	01									1	1		20181108191326
376	01									1	1		20181108191326
378	01									1	1		20181108191326
385	05									5	5		20181108191326
386	05									5	5		20181108191326
389	01									1	1		20181108191326
391	05									5	5		20181108191326
400	05									5	5		20181108191326
401	01									1	1		20181108191326
402	05									5	5		20181108191326
403	01									1	1		20181108191326
407	01									1	1		20181108191326
410	05									5	5		20181108191326
413	01									1	1		20181108191326
414	01									1	1		20181108191326
415	05									5	5		20181108191326
417	01									1	1		20181108191326
419	01									1	1		20181108191326
420	05									5	5		20181108191326
422	05									5	5		20181108191326
428	05									5	5		20181108191326
434	01									1	1		20181108191326
448	01									1	1		20181108191327
449	05									5	5		20181108191327
453	01									1	1		20181108191327
454	05									5	5		20181108191327
460	05									5	5		20181108191327
461	01									1	1		20181108191327
463	01									1	1		20181108191327
467	05									5	5		20181108191327
468	05									5	5		20181108191327
469	05									5	5		20181108191327
475	05									5	5		20181108191327
480	01									1	1		20181108191327
485	01									1	1		20181108191327
488	01									1	1		20181108191327
496	01									1	1		20181108191327
500	05									5	5		20181108191327
501	01									1	1		20181108191327
502	01									1	1		20181108191327
506	05									5	5		20181108191327
507	05									5	5		20181108191327
516	01									1	1		20181108191327
518	05									5	5		20181108191327
520	05									5	5		20181108191327
522	05									5	5		20181108191327
524	01									1	1		20181108191327
526	01									1	1		20181108191327
528	01									1	1		20181108191327
529	01									1	1		20181108191327
534	05									5	5		20181108191327
539	01									1	1		20181108191327
540	01									1	1		20181108191327
544	05									5	5		20181108191327
549	05									5	5		20181108191327
550	05									5	5		20181108191327
558	01									1	1		20181108191327
563	05									5	5		20181108191327
567	01									1	1		20181108191327
570	01									1	1		20181108191327
574	05									5	5		20181108191327
579	05									5	5		20181108191327
581	01									1	1		20181108191327
585	05									5	5		20181108191327
586	05									5	5		20181108191327
587	01									1	1		20181108191327
588	01									1	1		20181108191327
589	01									1	1		20181108191327
590	05									5	5		20181108191327
592	01									1	1		20181108191327
593	01									1	1		20181108191327
596	05									5	5		20181108191327
597	01									1	1		20181108191327
603	05									5	5		20181108191327
607	05									5	5		20181108191327
614	01									1	1		20181108191327
619	05									5	5		20181108191327
626	05									5	5		20181108191327
627	01									1	1		20181108191327
630	01									1	1		20181108191327
631	01									1	1		20181108191327
636	01									1	1		20181108191327
637	05									5	5		20181108191327
639	05									5	5		20181108191327
641	01									1	1		20181108191327
644	01									1	1		20181108191327
652	01									1	1		20181108191327
656	01									1	1		20181108191327
659	05									5	5		20181108191327
661	05									5	5		20181108191327
664	05									5	5		20181108191327
665	05									5	5		20181108191327
666	01									1	1		20181108191327
672	01									1	1		20181108191327
674	01									1	1		20181108191327
675	01									1	1		20181108191327
677	05									5	5		20181108191327
679	01									1	1		20181108191327
680	05									5	5		20181108191327
684	01									1	1		20181108191327
687	01									1	1		20181108191327
690	05									5	5		20181108191327
698	05									5	5		20181108191327
699	01									1	1		20181108191327
703	05									5	5		20181108191327
706	01									1	1		20181108191327
707	01									1	1		20181108191327
712	05									5	5		20181108191327
714	05									5	5		20181108191327
716	01									1	1		20181108191327
717	01									1	1		20181108191327
727	01									1	1		20181108191327
729	01									1	1		20181108191327
739	05									5	5		20181108191327
747	01									1	1		20181108191327
750	05									5	5		20181108191327
752	01									1	1		20181108191327
755	01									1	1		20181108191327
766	05									5	5		20181108191327
769	01									1	1		20181108191327
770	01									1	1		20181108191327
771	01									1	1		20181108191327
775	01									1	1		20181108191327
779	01									1	1		20181108191327
788	05									5	5		20181108191327
794	05									5	5		20181108191327
796	05									5	5		20181108191327
797	01									1	1		20181108191327
801	05									5	5		20181108191327
802	05									5	5		20181108191327
803	05									5	5		20181108191327
804	05									5	5		20181108191327
806	01									1	1		20181108191327
807	05									5	5		20181108191327
809	05									5	5		20181108191327
811	01									1	1		20181108191327
813	01									1	1		20181108191328
816	05									5	5		20181108191328
817	01									1	1		20181108191328
823	01									1	1		20181108191328
824	05									5	5		20181108191328
826	05									5	5		20181108191328
829	01									1	1		20181108191328
830	01									1	1		20181108191328
840	01									1	1		20181108191328
844	01									1	1		20181108191328
849	01									1	1		20181108191328
853	01									1	1		20181108191328
855	01									1	1		20181108191328
858	01									1	1		20181108191328
866	01									1	1		20181108191328
872	01									1	1		20181108191328
878	01									1	1		20181108191328
882	01									1	1		20181108191328
887	01									1	1		20181108191328
888	01									1	1		20181108191328
891	05									5	5		20181108191328
895	05									5	5		20181108191328
900	05									5	5		20181108191328
901	01									1	1		20181108191328
904	01									1	1		20181108191328
910	01									1	1		20181108191328
915	01									1	1		20181108191328
928	01									1	1		20181108191328
940	01									1	1		20181108191328
946	01									1	1		20181108191328
947	01									1	1		20181108191328
958	01									1	1		20181108191328
965	05									5	5		20181108191328
967	01									1	1		20181108191328
972	05									5	5		20181108191328
974	01									1	1		20181108191328
975	01									1	1		20181108191328
978	05									5	5		20181108191328
979	01									1	1		20181108191328
985	05									5	5		20181108191328
990	01									1	1		20181108191328
992	01									1	1		20181108191328
994	01									1	1		20181108191328
995	01									1	1		20181108191328
996	05									5	5		20181108191328
997	05									5	5		20181108191328
1001	05									5	5		20181108191328
1005	01									1	1		20181108191328
1010	05									5	5		20181108191328
1011	05									5	5		20181108191328
1014	05									5	5		20181108191328
1016	01									1	1		20181108191328
1019	05									5	5		20181108191328
1024	01									1	1		20181108191328
1026	05									5	5		20181108191328
1027	05									5	5		20181108191328
1028	01									1	1		20181108191328
1029	05									5	5		20181108191328
1035	01									1	1		20181108191328
1038	05									5	5		20181108191328
1040	01									1	1		20181108191328
1041	01									1	1		20181108191328
1047	01									1	1		20181108191328
1048	05									5	5		20181108191328
1049	01									1	1		20181108191328
1050	01									1	1		20181108191328
1051	01									1	1		20181108191328
1053	05									5	5		20181108191328
1054	05									5	5		20181108191328
1061	01									1	1		20181108191328
1071	05									5	5		20181108191328
1072	05									5	5		20181108191328
1074	01									1	1		20181108191328
1076	01									1	1		20181108191328
1077	05									5	5		20181108191328
1090	01									1	1		20181108191328
1091	05									5	5		20181108191328
1093	01									1	1		20181108191328
1095	05									5	5		20181108191328
1097	05									5	5		20181108191328
1098	05									5	5		20181108191328
1099	05									5	5		20181108191328
1102	01									1	1		20181108191328
1108	05									5	5		20181108191328
1110	05									5	5		20181108191328
1112	05									5	5		20181108191328
1115	05									5	5		20181108191328
1116	05									5	5		20181108191328
1118	05									5	5		20181108191328
1120	01									1	1		20181108191328
1121	01									1	1		20181108191328
1124	01									1	1		20181108191328
1127	05									5	5		20181108191328
1130	01									1	1		20181108191328
1132	05									5	5		20181108191328
1133	05									5	5		20181108191328
1134	05									5	5		20181108191328
1136	01									1	1		20181108191328
1142	01									1	1		20181108191328
1151	01									1	1		20181108191328
1153	01									1	1		20181108191328
1157	01									1	1		20181108191328
1162	05									5	5		20181108191328
1171	01									1	1		20181108191328
1172	01									1	1		20181108191328
1186	01									1	1		20181108191329
1187	05									5	5		20181108191329
1188	01									1	1		20181108191329
1189	01									1	1		20181108191329
1193	01									1	1		20181108191329
1194	01									1	1		20181108191329
1196	01									1	1		20181108191329
1197	01									1	1		20181108191329
1203	01									1	1		20181108191329
1205	05									5	5		20181108191329
1206	05									5	5		20181108191329
1207	01									1	1		20181108191329
1208	01									1	1		20181108191329
1210	01									1	1		20181108191329
1212	05									5	5		20181108191329
1213	05									5	5		20181108191329
1214	05									5	5		20181108191329
1215	05									5	5		20181108191329
1217	05									5	5		20181108191329
1221	05									5	5		20181108191329
1223	05									5	5		20181108191329
1224	05									5	5		20181108191329
1229	01									1	1		20181108191329
1231	01									1	1		20181108191329
1233	05									5	5		20181108191329
1235	01									1	1		20181108191329
1236	05									5	5		20181108191329
1237	05									5	5		20181108191329
1238	05									5	5		20181108191329
1239	05									5	5		20181108191329
1240	05									5	5		20181108191329
1241	01									1	1		20181108191329
1243	05									5	5		20181108191329
1245	01									1	1		20181108191329
1246	01									1	1		20181108191329
1249	01									1	1		20181108191329
1250	05									5	5		20181108191329
1257	01									1	1		20181108191329
1267	05									5	5		20181108191329
1270	05									5	5		20181108191329
1271	05									5	5		20181108191329
1273	05									5	5		20181108191329
1275	01									1	1		20181108191329
1278	01									1	1		20181108191329
1282	05									5	5		20181108191329
1284	05									5	5		20181108191329
1286	05									5	5		20181108191329
1289	01									1	1		20181108191329
1290	01									1	1		20181108191329
1291	01									1	1		20181108191329
1292	05									5	5		20181108191329
1293	01									1	1		20181108191329
1300	05									5	5		20181108191329
1303	01									1	1		20181108191329
1305	01									1	1		20181108191329
1306	05									5	5		20181108191329
1308	01									1	1		20181108191329
1310	01									1	1		20181108191329
1313	01									1	1		20181108191329
1317	05									5	5		20181108191329
1320	01									1	1		20181108191329
1326	05									5	5		20181108191329
1327	05									5	5		20181108191329
1329	01									1	1		20181108191329
1330	05									5	5		20181108191329
1333	01									1	1		20181108191329
1334	01									1	1		20181108191329
1339	05									5	5		20181108191329
1342	01									1	1		20181108191329
1344	01									1	1		20181108191329
1345	05									5	5		20181108191329
1350	01									1	1		20181108191329
1351	01									1	1		20181108191329
1356	05									5	5		20181108191329
1358	05									5	5		20181108191329
1359	05									5	5		20181108191329
1361	05									5	5		20181108191329
1364	01									1	1		20181108191329
1367	05									5	5		20181108191329
1373	05									5	5		20181108191329
1378	01									1	1		20181108191329
1382	01									1	1		20181108191329
1387	01									1	1		20181108191329
1389	01									1	1		20181108191329
1391	01									1	1		20181108191329
1395	01									1	1		20181108191329
1401	05									5	5		20181108191329
1402	01									1	1		20181108191329
1409	01									1	1		20181108191329
1411	05									5	5		20181108191329
1413	01									1	1		20181108191329
1417	01									1	1		20181108191329
1419	05									5	5		20181108191329
1422	01									1	1		20181108191329
1425	05									5	5		20181108191329
1427	01									1	1		20181108191329
1428	01									1	1		20181108191329
1431	05									5	5		20181108191329
1432	01									1	1		20181108191329
1435	01									1	1		20181108191329
1437	01									1	1		20181108191329
1442	01									1	1		20181108191329
1449	01									1	1		20181108191329
1452	05									5	5		20181108191329
1455	05									5	5		20181108191329
1462	01									1	1		20181108191329
1464	05									5	5		20181108191329
1466	05									5	5		20181108191329
1467	01									1	1		20181108191329
1470	01									1	1		20181108191329
1473	01									1	1		20181108191329
1477	05									5	5		20181108191329
1485	01									1	1		20181108191329
1486	01									1	1		20181108191329
1487	01									1	1		20181108191329
1489	05									5	5		20181108191329
1490	05									5	5		20181108191329
1492	01									1	1		20181108191329
1495	01									1	1		20181108191329
1498	01									1	1		20181108191329
1503	01									1	1		20181108191329
1507	05									5	5		20181108191329
1514	01									1	1		20181108191329
1516	01									1	1		20181108191329
1522	01									1	1		20181108191329
1523	05									5	5		20181108191329
1524	01									1	1		20181108191329
1525	01									1	1		20181108191329
1526	05									5	5		20181108191329
1527	01									1	1		20181108191329
1529	01									1	1		20181108191329
1534	01									1	1		20181108191329
1541	01									1	1		20181108191329
1542	05									5	5		20181108191330
1548	01									1	1		20181108191330
1553	01									1	1		20181108191330
1555	01									1	1		20181108191330
1558	01									1	1		20181108191330
1561	05									5	5		20181108191330
1564	01									1	1		20181108191330
1567	01									1	1		20181108191330
1568	05									5	5		20181108191330
1571	01									1	1		20181108191330
1572	05									5	5		20181108191330
1577	01									1	1		20181108191330
1579	01									1	1		20181108191330
1591	05									5	5		20181108191330
1593	01									1	1		20181108191330
1596	01									1	1		20181108191330
1600	01									1	1		20181108191330
1603	05									5	5		20181108191330
1607	05									5	5		20181108191330
1608	05									5	5		20181108191330
1609	05									5	5		20181108191330
1610	05									5	5		20181108191330
1611	01									1	1		20181108191330
1612	01									1	1		20181108191330
1619	05									5	5		20181108191330
1621	01									1	1		20181108191330
1622	01									1	1		20181108191330
1627	05									5	5		20181108191330
1631	01									1	1		20181108191330
1638	01									1	1		20181108191330
1642	01									1	1		20181108191330
1645	01									1	1		20181108191330
1648	05									5	5		20181108191330
1649	01									1	1		20181108191330
1650	05									5	5		20181108191330
1652	05									5	5		20181108191330
1658	05									5	5		20181108191330
1659	05									5	5		20181108191330
1666	01									1	1		20181108191330
1667	01									1	1		20181108191330
1668	05									5	5		20181108191330
1672	01									1	1		20181108191330
1677	05									5	5		20181108191330
1686	01									1	1		20181108191330
1689	05									5	5		20181108191330
1694	01									1	1		20181108191330
1698	01									1	1		20181108191330
1702	01									1	1		20181108191330
1703	01									1	1		20181108191330
1710	01									1	1		20181108191330
1714	01									1	1		20181108191330
1722	01									1	1		20181108191330
1723	05									5	5		20181108191330
1724	01									1	1		20181108191330
1727	01									1	1		20181108191330
1728	01									1	1		20181108191330
1736	01									1	1		20181108191330
1737	01									1	1		20181108191330
1738	05									5	5		20181108191330
1742	05									5	5		20181108191330
1745	01									1	1		20181108191330
1746	01									1	1		20181108191330
1748	05									5	5		20181108191330
1753	01									1	1		20181108191330
1754	01									1	1		20181108191330
1756	05									5	5		20181108191330
1757	01									1	1		20181108191330
1758	01									1	1		20181108191330
1759	05									5	5		20181108191330
1760	01									1	1		20181108191330
1761	01									1	1		20181108191330
1763	05									5	5		20181108191330
1764	01									1	1		20181108191330
1767	05									5	5		20181108191330
1769	01									1	1		20181108191330
1770	01									1	1		20181108191330
1772	01									1	1		20181108191330
1775	01									1	1		20181108191330
1780	05									5	5		20181108191330
1782	01									1	1		20181108191330
1783	05									5	5		20181108191330
1784	05									5	5		20181108191330
1785	01									1	1		20181108191330
1793	05									5	5		20181108191330
1794	01									1	1		20181108191330
1796	01									1	1		20181108191330
1797	01									1	1		20181108191330
1799	05									5	5		20181108191330
1800	01									1	1		20181108191330
1803	01									1	1		20181108191330
1808	05									5	5		20181108191330
1809	05									5	5		20181108191330
1816	05									5	5		20181108191330
1818	01									1	1		20181108191330
1819	05									5	5		20181108191330
1823	01									1	1		20181108191330
1825	05									5	5		20181108191330
1827	01									1	1		20181108191330
1829	01									1	1		20181108191330
1832	05									5	5		20181108191330
1835	01									1	1		20181108191330
1836	01									1	1		20181108191330
1839	01									1	1		20181108191330
1841	01									1	1		20181108191330
1843	05									5	5		20181108191330
1844	01									1	1		20181108191330
1845	05									5	5		20181108191330
1848	01									1	1		20181108191330
1854	01									1	1		20181108191330
1855	01									1	1		20181108191330
1857	01									1	1		20181108191330
1860	05									5	5		20181108191330
1862	05									5	5		20181108191330
1866	01									1	1		20181108191330
1868	05									5	5		20181108191330
1871	01									1	1		20181108191330
1877	05									5	5		20181108191330
1878	05									5	5		20181108191330
1880	01									1	1		20181108191330
1881	01									1	1		20181108191330
1882	01									1	1		20181108191330
1885	05									5	5		20181108191330
1888	01									1	1		20181108191330
1889	01									1	1		20181108191330
1892	05									5	5		20181108191330
1893	05									5	5		20181108191330
1898	05									5	5		20181108191330
1903	01									1	1		20181108191330
1905	05									5	5		20181108191330
1907	01									1	1		20181108191330
1908	01									1	1		20181108191330
1909	05									5	5		20181108191330
1910	05									5	5		20181108191330
1912	05									5	5		20181108191330
1915	05									5	5		20181108191330
1920	05									5	5		20181108191331
1928	01									1	1		20181108191331
1931	05									5	5		20181108191331
1932	05									5	5		20181108191331
1937	01									1	1		20181108191331
1939	05									5	5		20181108191331
1940	05									5	5		20181108191331
1941	05									5	5		20181108191331
1942	05									5	5		20181108191331
1944	01									1	1		20181108191331
1947	01									1	1		20181108191331
1949	05									5	5		20181108191331
1952	05									5	5		20181108191331
1953	01									1	1		20181108191331
1958	01									1	1		20181108191331
1964	01									1	1		20181108191331
1965	05									5	5		20181108191331
1968	05									5	5		20181108191331
1984	01									1	1		20181108191331
1989	01									1	1		20181108191331
1993	05									5	5		20181108191331
