Line_ID	As_Short_Text_LTE_400	As_Long_Text_LTE_4000	As_Year	As_Month	As_Day	As_Hour	As_Minute	As_Second	As_Millisecond	As_Double	As_Long	As_Bool	YMD_hms_Key
1	05/23/2005		2005	5	23	0	0	0	0				20181108191336
2	05/23/2005		2005	5	23	0	0	0	0				20181108191336
3	05/23/2005		2005	5	23	0	0	0	0				20181108191336
4	05/23/2005		2005	5	23	0	0	0	0				20181108191336
5	05/23/2005		2005	5	23	0	0	0	0				20181108191336
7	05/23/2005		2005	5	23	0	0	0	0				20181108191336
8	05/23/2005		2005	5	23	0	0	0	0				20181108191336
9	05/23/2005		2005	5	23	0	0	0	0				20181108191336
10	05/23/2005		2005	5	23	0	0	0	0				20181108191336
11	05/23/2005		2005	5	23	0	0	0	0				20181108191336
12	05/23/2005		2005	5	23	0	0	0	0				20181108191336
13	05/23/2005		2005	5	23	0	0	0	0				20181108191336
14	05/23/2005		2005	5	23	0	0	0	0				20181108191336
16	05/23/2005		2005	5	23	0	0	0	0				20181108191336
17	05/23/2005		2005	5	23	0	0	0	0				20181108191336
18	05/23/2005		2005	5	23	0	0	0	0				20181108191336
19	05/23/2005		2005	5	23	0	0	0	0				20181108191336
20	05/23/2005		2005	5	23	0	0	0	0				20181108191336
21	05/23/2005		2005	5	23	0	0	0	0				20181108191336
22	05/23/2005		2005	5	23	0	0	0	0				20181108191336
23	05/23/2005		2005	5	23	0	0	0	0				20181108191336
24	05/23/2005		2005	5	23	0	0	0	0				20181108191336
25	05/23/2005		2005	5	23	0	0	0	0				20181108191336
26	05/23/2005		2005	5	23	0	0	0	0				20181108191336
27	05/23/2005		2005	5	23	0	0	0	0				20181108191336
28	05/23/2005		2005	5	23	0	0	0	0				20181108191336
29	05/23/2005		2005	5	23	0	0	0	0				20181108191336
30	05/23/2005		2005	5	23	0	0	0	0				20181108191336
31	05/23/2005		2005	5	23	0	0	0	0				20181108191336
32	05/23/2005		2005	5	23	0	0	0	0				20181108191336
33	05/23/2005		2005	5	23	0	0	0	0				20181108191336
34	05/23/2005		2005	5	23	0	0	0	0				20181108191336
35	05/23/2005		2005	5	23	0	0	0	0				20181108191336
36	05/23/2005		2005	5	23	0	0	0	0				20181108191336
37	05/23/2005		2005	5	23	0	0	0	0				20181108191336
38	05/23/2005		2005	5	23	0	0	0	0				20181108191336
39	05/23/2005		2005	5	23	0	0	0	0				20181108191336
40	05/23/2005		2005	5	23	0	0	0	0				20181108191336
41	05/23/2005		2005	5	23	0	0	0	0				20181108191336
42	05/23/2005		2005	5	23	0	0	0	0				20181108191336
43	05/23/2005		2005	5	23	0	0	0	0				20181108191336
44	05/23/2005		2005	5	23	0	0	0	0				20181108191336
45	05/23/2005		2005	5	23	0	0	0	0				20181108191336
46	05/23/2005		2005	5	23	0	0	0	0				20181108191336
47	05/23/2005		2005	5	23	0	0	0	0				20181108191336
48	05/23/2005		2005	5	23	0	0	0	0				20181108191336
49	05/23/2005		2005	5	23	0	0	0	0				20181108191336
50	05/23/2005		2005	5	23	0	0	0	0				20181108191336
51	05/23/2005		2005	5	23	0	0	0	0				20181108191336
52	05/23/2005		2005	5	23	0	0	0	0				20181108191336
53	05/23/2005		2005	5	23	0	0	0	0				20181108191336
54	05/23/2005		2005	5	23	0	0	0	0				20181108191336
55	05/23/2005		2005	5	23	0	0	0	0				20181108191336
56	05/23/2005		2005	5	23	0	0	0	0				20181108191336
57	05/23/2005		2005	5	23	0	0	0	0				20181108191336
58	05/23/2005		2005	5	23	0	0	0	0				20181108191336
59	05/23/2005		2005	5	23	0	0	0	0				20181108191336
60	05/23/2005		2005	5	23	0	0	0	0				20181108191336
61	05/23/2005		2005	5	23	0	0	0	0				20181108191336
62	05/23/2005		2005	5	23	0	0	0	0				20181108191336
63	05/23/2005		2005	5	23	0	0	0	0				20181108191336
64	05/23/2005		2005	5	23	0	0	0	0				20181108191336
65	05/23/2005		2005	5	23	0	0	0	0				20181108191336
66	05/23/2005		2005	5	23	0	0	0	0				20181108191336
67	05/23/2005		2005	5	23	0	0	0	0				20181108191336
68	05/23/2005		2005	5	23	0	0	0	0				20181108191336
69	05/23/2005		2005	5	23	0	0	0	0				20181108191336
71	05/23/2005		2005	5	23	0	0	0	0				20181108191336
72	05/23/2005		2005	5	23	0	0	0	0				20181108191336
73	05/23/2005		2005	5	23	0	0	0	0				20181108191336
74	05/23/2005		2005	5	23	0	0	0	0				20181108191336
75	05/23/2005		2005	5	23	0	0	0	0				20181108191336
76	05/23/2005		2005	5	23	0	0	0	0				20181108191336
77	05/23/2005		2005	5	23	0	0	0	0				20181108191336
78	05/23/2005		2005	5	23	0	0	0	0				20181108191336
79	05/23/2005		2005	5	23	0	0	0	0				20181108191336
80	05/23/2005		2005	5	23	0	0	0	0				20181108191336
81	05/23/2005		2005	5	23	0	0	0	0				20181108191336
82	05/23/2005		2005	5	23	0	0	0	0				20181108191336
83	05/23/2005		2005	5	23	0	0	0	0				20181108191336
84	05/23/2005		2005	5	23	0	0	0	0				20181108191336
85	05/23/2005		2005	5	23	0	0	0	0				20181108191336
86	05/23/2005		2005	5	23	0	0	0	0				20181108191336
87	05/23/2005		2005	5	23	0	0	0	0				20181108191336
88	05/23/2005		2005	5	23	0	0	0	0				20181108191336
89	05/23/2005		2005	5	23	0	0	0	0				20181108191336
90	05/23/2005		2005	5	23	0	0	0	0				20181108191336
91	05/23/2005		2005	5	23	0	0	0	0				20181108191336
92	05/23/2005		2005	5	23	0	0	0	0				20181108191336
93	05/23/2005		2005	5	23	0	0	0	0				20181108191336
94	05/23/2005		2005	5	23	0	0	0	0				20181108191336
95	05/23/2005		2005	5	23	0	0	0	0				20181108191336
96	05/23/2005		2005	5	23	0	0	0	0				20181108191336
97	05/23/2005		2005	5	23	0	0	0	0				20181108191336
98	05/23/2005		2005	5	23	0	0	0	0				20181108191336
99	05/23/2005		2005	5	23	0	0	0	0				20181108191336
100	05/23/2005		2005	5	23	0	0	0	0				20181108191336
101	05/23/2005		2005	5	23	0	0	0	0				20181108191336
102	05/23/2005		2005	5	23	0	0	0	0				20181108191336
103	05/23/2005		2005	5	23	0	0	0	0				20181108191336
104	05/23/2005		2005	5	23	0	0	0	0				20181108191336
105	05/23/2005		2005	5	23	0	0	0	0				20181108191336
106	05/23/2005		2005	5	23	0	0	0	0				20181108191336
107	05/23/2005		2005	5	23	0	0	0	0				20181108191336
108	05/23/2005		2005	5	23	0	0	0	0				20181108191336
109	05/23/2005		2005	5	23	0	0	0	0				20181108191336
110	05/23/2005		2005	5	23	0	0	0	0				20181108191336
111	05/23/2005		2005	5	23	0	0	0	0				20181108191336
112	05/23/2005		2005	5	23	0	0	0	0				20181108191336
113	05/23/2005		2005	5	23	0	0	0	0				20181108191336
114	05/23/2005		2005	5	23	0	0	0	0				20181108191336
115	05/23/2005		2005	5	23	0	0	0	0				20181108191336
116	05/23/2005		2005	5	23	0	0	0	0				20181108191336
117	05/23/2005		2005	5	23	0	0	0	0				20181108191336
120	05/23/2005		2005	5	23	0	0	0	0				20181108191336
121	05/23/2005		2005	5	23	0	0	0	0				20181108191336
122	05/23/2005		2005	5	23	0	0	0	0				20181108191336
123	05/23/2005		2005	5	23	0	0	0	0				20181108191336
124	05/23/2005		2005	5	23	0	0	0	0				20181108191336
125	05/23/2005		2005	5	23	0	0	0	0				20181108191336
126	05/23/2005		2005	5	23	0	0	0	0				20181108191336
127	05/23/2005		2005	5	23	0	0	0	0				20181108191336
128	05/23/2005		2005	5	23	0	0	0	0				20181108191336
129	05/23/2005		2005	5	23	0	0	0	0				20181108191336
130	05/23/2005		2005	5	23	0	0	0	0				20181108191336
131	05/23/2005		2005	5	23	0	0	0	0				20181108191336
132	05/23/2005		2005	5	23	0	0	0	0				20181108191336
133	05/23/2005		2005	5	23	0	0	0	0				20181108191336
134	05/23/2005		2005	5	23	0	0	0	0				20181108191336
135	05/23/2005		2005	5	23	0	0	0	0				20181108191336
136	05/23/2005		2005	5	23	0	0	0	0				20181108191336
137	05/23/2005		2005	5	23	0	0	0	0				20181108191336
138	05/23/2005		2005	5	23	0	0	0	0				20181108191336
139	05/23/2005		2005	5	23	0	0	0	0				20181108191336
140	05/23/2005		2005	5	23	0	0	0	0				20181108191336
141	05/23/2005		2005	5	23	0	0	0	0				20181108191336
142	05/23/2005		2005	5	23	0	0	0	0				20181108191336
143	05/23/2005		2005	5	23	0	0	0	0				20181108191336
144	05/23/2005		2005	5	23	0	0	0	0				20181108191336
145	05/23/2005		2005	5	23	0	0	0	0				20181108191336
146	05/23/2005		2005	5	23	0	0	0	0				20181108191336
147	05/23/2005		2005	5	23	0	0	0	0				20181108191336
148	05/23/2005		2005	5	23	0	0	0	0				20181108191336
149	05/23/2005		2005	5	23	0	0	0	0				20181108191336
150	05/23/2005		2005	5	23	0	0	0	0				20181108191336
151	05/23/2005		2005	5	23	0	0	0	0				20181108191336
152	05/23/2005		2005	5	23	0	0	0	0				20181108191336
153	05/23/2005		2005	5	23	0	0	0	0				20181108191336
154	05/23/2005		2005	5	23	0	0	0	0				20181108191336
156	05/23/2005		2005	5	23	0	0	0	0				20181108191336
157	05/23/2005		2005	5	23	0	0	0	0				20181108191336
158	05/23/2005		2005	5	23	0	0	0	0				20181108191336
159	05/23/2005		2005	5	23	0	0	0	0				20181108191336
160	05/23/2005		2005	5	23	0	0	0	0				20181108191336
161	05/23/2005		2005	5	23	0	0	0	0				20181108191336
163	05/23/2005		2005	5	23	0	0	0	0				20181108191336
164	05/23/2005		2005	5	23	0	0	0	0				20181108191336
165	05/23/2005		2005	5	23	0	0	0	0				20181108191336
166	05/23/2005		2005	5	23	0	0	0	0				20181108191336
167	05/23/2005		2005	5	23	0	0	0	0				20181108191336
168	05/23/2005		2005	5	23	0	0	0	0				20181108191336
169	05/23/2005		2005	5	23	0	0	0	0				20181108191336
170	05/23/2005		2005	5	23	0	0	0	0				20181108191336
171	05/23/2005		2005	5	23	0	0	0	0				20181108191336
172	05/23/2005		2005	5	23	0	0	0	0				20181108191336
173	05/23/2005		2005	5	23	0	0	0	0				20181108191336
174	05/23/2005		2005	5	23	0	0	0	0				20181108191336
175	05/23/2005		2005	5	23	0	0	0	0				20181108191336
176	05/23/2005		2005	5	23	0	0	0	0				20181108191336
177	05/23/2005		2005	5	23	0	0	0	0				20181108191336
178	05/23/2005		2005	5	23	0	0	0	0				20181108191336
179	05/23/2005		2005	5	23	0	0	0	0				20181108191336
180	05/23/2005		2005	5	23	0	0	0	0				20181108191336
181	05/23/2005		2005	5	23	0	0	0	0				20181108191336
182	05/23/2005		2005	5	23	0	0	0	0				20181108191336
183	05/23/2005		2005	5	23	0	0	0	0				20181108191336
184	05/23/2005		2005	5	23	0	0	0	0				20181108191336
185	05/23/2005		2005	5	23	0	0	0	0				20181108191336
187	05/23/2005		2005	5	23	0	0	0	0				20181108191336
188	05/23/2005		2005	5	23	0	0	0	0				20181108191336
189	05/23/2005		2005	5	23	0	0	0	0				20181108191336
190	05/23/2005		2005	5	23	0	0	0	0				20181108191336
191	05/23/2005		2005	5	23	0	0	0	0				20181108191336
192	05/23/2005		2005	5	23	0	0	0	0				20181108191336
193	05/23/2005		2005	5	23	0	0	0	0				20181108191336
194	05/23/2005		2005	5	23	0	0	0	0				20181108191336
195	05/23/2005		2005	5	23	0	0	0	0				20181108191336
196	05/23/2005		2005	5	23	0	0	0	0				20181108191336
197	05/23/2005		2005	5	23	0	0	0	0				20181108191336
198	05/23/2005		2005	5	23	0	0	0	0				20181108191336
199	05/23/2005		2005	5	23	0	0	0	0				20181108191336
200	05/23/2005		2005	5	23	0	0	0	0				20181108191336
201	05/23/2005		2005	5	23	0	0	0	0				20181108191336
202	05/23/2005		2005	5	23	0	0	0	0				20181108191336
203	05/23/2005		2005	5	23	0	0	0	0				20181108191336
204	05/23/2005		2005	5	23	0	0	0	0				20181108191336
205	05/23/2005		2005	5	23	0	0	0	0				20181108191336
207	05/23/2005		2005	5	23	0	0	0	0				20181108191336
208	05/23/2005		2005	5	23	0	0	0	0				20181108191336
209	05/23/2005		2005	5	23	0	0	0	0				20181108191336
210	05/23/2005		2005	5	23	0	0	0	0				20181108191336
211	05/23/2005		2005	5	23	0	0	0	0				20181108191336
212	05/23/2005		2005	5	23	0	0	0	0				20181108191336
213	05/23/2005		2005	5	23	0	0	0	0				20181108191337
214	05/23/2005		2005	5	23	0	0	0	0				20181108191337
215	05/23/2005		2005	5	23	0	0	0	0				20181108191337
216	05/23/2005		2005	5	23	0	0	0	0				20181108191337
217	05/23/2005		2005	5	23	0	0	0	0				20181108191337
218	05/23/2005		2005	5	23	0	0	0	0				20181108191337
220	05/23/2005		2005	5	23	0	0	0	0				20181108191337
221	05/23/2005		2005	5	23	0	0	0	0				20181108191337
222	05/23/2005		2005	5	23	0	0	0	0				20181108191337
223	05/23/2005		2005	5	23	0	0	0	0				20181108191337
224	05/23/2005		2005	5	23	0	0	0	0				20181108191337
225	05/23/2005		2005	5	23	0	0	0	0				20181108191337
226	05/23/2005		2005	5	23	0	0	0	0				20181108191337
227	05/23/2005		2005	5	23	0	0	0	0				20181108191337
228	05/23/2005		2005	5	23	0	0	0	0				20181108191337
229	05/23/2005		2005	5	23	0	0	0	0				20181108191337
230	05/23/2005		2005	5	23	0	0	0	0				20181108191337
231	05/23/2005		2005	5	23	0	0	0	0				20181108191337
232	05/23/2005		2005	5	23	0	0	0	0				20181108191337
233	05/23/2005		2005	5	23	0	0	0	0				20181108191337
234	05/23/2005		2005	5	23	0	0	0	0				20181108191337
235	05/23/2005		2005	5	23	0	0	0	0				20181108191337
236	05/23/2005		2005	5	23	0	0	0	0				20181108191337
237	05/23/2005		2005	5	23	0	0	0	0				20181108191337
238	05/23/2005		2005	5	23	0	0	0	0				20181108191337
239	05/23/2005		2005	5	23	0	0	0	0				20181108191337
240	05/23/2005		2005	5	23	0	0	0	0				20181108191337
241	05/23/2005		2005	5	23	0	0	0	0				20181108191337
242	05/23/2005		2005	5	23	0	0	0	0				20181108191337
243	05/23/2005		2005	5	23	0	0	0	0				20181108191337
244	05/23/2005		2005	5	23	0	0	0	0				20181108191337
245	05/23/2005		2005	5	23	0	0	0	0				20181108191337
246	05/23/2005		2005	5	23	0	0	0	0				20181108191337
247	05/23/2005		2005	5	23	0	0	0	0				20181108191337
248	05/23/2005		2005	5	23	0	0	0	0				20181108191337
249	05/23/2005		2005	5	23	0	0	0	0				20181108191337
250	05/23/2005		2005	5	23	0	0	0	0				20181108191337
252	05/23/2005		2005	5	23	0	0	0	0				20181108191337
253	05/23/2005		2005	5	23	0	0	0	0				20181108191337
254	05/23/2005		2005	5	23	0	0	0	0				20181108191337
255	05/23/2005		2005	5	23	0	0	0	0				20181108191337
256	05/23/2005		2005	5	23	0	0	0	0				20181108191337
257	05/23/2005		2005	5	23	0	0	0	0				20181108191337
258	05/23/2005		2005	5	23	0	0	0	0				20181108191337
259	05/23/2005		2005	5	23	0	0	0	0				20181108191337
260	05/23/2005		2005	5	23	0	0	0	0				20181108191337
261	05/23/2005		2005	5	23	0	0	0	0				20181108191337
262	05/23/2005		2005	5	23	0	0	0	0				20181108191337
263	05/23/2005		2005	5	23	0	0	0	0				20181108191337
264	05/23/2005		2005	5	23	0	0	0	0				20181108191337
265	05/23/2005		2005	5	23	0	0	0	0				20181108191337
266	05/23/2005		2005	5	23	0	0	0	0				20181108191337
267	05/23/2005		2005	5	23	0	0	0	0				20181108191337
268	05/23/2005		2005	5	23	0	0	0	0				20181108191337
269	05/24/2005		2005	5	24	0	0	0	0				20181108191337
270	05/24/2005		2005	5	24	0	0	0	0				20181108191337
271	05/24/2005		2005	5	24	0	0	0	0				20181108191337
273	05/24/2005		2005	5	24	0	0	0	0				20181108191337
274	05/24/2005		2005	5	24	0	0	0	0				20181108191337
275	05/24/2005		2005	5	24	0	0	0	0				20181108191337
276	05/24/2005		2005	5	24	0	0	0	0				20181108191337
277	05/24/2005		2005	5	24	0	0	0	0				20181108191337
278	05/24/2005		2005	5	24	0	0	0	0				20181108191337
279	05/24/2005		2005	5	24	0	0	0	0				20181108191337
280	05/24/2005		2005	5	24	0	0	0	0				20181108191337
281	05/24/2005		2005	5	24	0	0	0	0				20181108191337
282	05/24/2005		2005	5	24	0	0	0	0				20181108191337
283	05/24/2005		2005	5	24	0	0	0	0				20181108191337
284	05/24/2005		2005	5	24	0	0	0	0				20181108191337
286	05/24/2005		2005	5	24	0	0	0	0				20181108191337
287	05/24/2005		2005	5	24	0	0	0	0				20181108191337
288	05/24/2005		2005	5	24	0	0	0	0				20181108191337
289	05/24/2005		2005	5	24	0	0	0	0				20181108191337
290	05/24/2005		2005	5	24	0	0	0	0				20181108191337
291	05/24/2005		2005	5	24	0	0	0	0				20181108191337
292	05/24/2005		2005	5	24	0	0	0	0				20181108191337
293	05/24/2005		2005	5	24	0	0	0	0				20181108191337
294	05/24/2005		2005	5	24	0	0	0	0				20181108191337
295	05/24/2005		2005	5	24	0	0	0	0				20181108191337
297	05/24/2005		2005	5	24	0	0	0	0				20181108191337
298	05/24/2005		2005	5	24	0	0	0	0				20181108191337
299	05/24/2005		2005	5	24	0	0	0	0				20181108191337
300	05/24/2005		2005	5	24	0	0	0	0				20181108191337
301	05/24/2005		2005	5	24	0	0	0	0				20181108191337
302	05/24/2005		2005	5	24	0	0	0	0				20181108191337
303	05/24/2005		2005	5	24	0	0	0	0				20181108191337
304	05/24/2005		2005	5	24	0	0	0	0				20181108191337
305	05/24/2005		2005	5	24	0	0	0	0				20181108191337
306	05/24/2005		2005	5	24	0	0	0	0				20181108191337
307	05/24/2005		2005	5	24	0	0	0	0				20181108191337
308	05/24/2005		2005	5	24	0	0	0	0				20181108191337
309	05/24/2005		2005	5	24	0	0	0	0				20181108191337
310	05/24/2005		2005	5	24	0	0	0	0				20181108191337
311	05/24/2005		2005	5	24	0	0	0	0				20181108191337
312	05/24/2005		2005	5	24	0	0	0	0				20181108191337
313	05/24/2005		2005	5	24	0	0	0	0				20181108191337
314	05/24/2005		2005	5	24	0	0	0	0				20181108191337
315	05/24/2005		2005	5	24	0	0	0	0				20181108191337
316	05/24/2005		2005	5	24	0	0	0	0				20181108191337
318	05/24/2005		2005	5	24	0	0	0	0				20181108191337
319	05/24/2005		2005	5	24	0	0	0	0				20181108191337
320	05/24/2005		2005	5	24	0	0	0	0				20181108191337
322	05/24/2005		2005	5	24	0	0	0	0				20181108191337
323	05/24/2005		2005	5	24	0	0	0	0				20181108191337
324	05/24/2005		2005	5	24	0	0	0	0				20181108191337
325	05/24/2005		2005	5	24	0	0	0	0				20181108191337
326	05/24/2005		2005	5	24	0	0	0	0				20181108191337
327	05/24/2005		2005	5	24	0	0	0	0				20181108191337
328	05/24/2005		2005	5	24	0	0	0	0				20181108191337
329	05/24/2005		2005	5	24	0	0	0	0				20181108191337
330	05/24/2005		2005	5	24	0	0	0	0				20181108191337
331	05/24/2005		2005	5	24	0	0	0	0				20181108191337
332	05/24/2005		2005	5	24	0	0	0	0				20181108191337
333	05/24/2005		2005	5	24	0	0	0	0				20181108191337
334	05/24/2005		2005	5	24	0	0	0	0				20181108191337
335	05/24/2005		2005	5	24	0	0	0	0				20181108191337
336	05/24/2005		2005	5	24	0	0	0	0				20181108191337
337	05/24/2005		2005	5	24	0	0	0	0				20181108191337
338	05/24/2005		2005	5	24	0	0	0	0				20181108191337
339	05/24/2005		2005	5	24	0	0	0	0				20181108191337
340	05/24/2005		2005	5	24	0	0	0	0				20181108191337
341	05/24/2005		2005	5	24	0	0	0	0				20181108191337
342	05/24/2005		2005	5	24	0	0	0	0				20181108191337
343	05/24/2005		2005	5	24	0	0	0	0				20181108191337
344	05/24/2005		2005	5	24	0	0	0	0				20181108191337
345	05/24/2005		2005	5	24	0	0	0	0				20181108191337
346	05/24/2005		2005	5	24	0	0	0	0				20181108191337
347	05/24/2005		2005	5	24	0	0	0	0				20181108191337
348	05/24/2005		2005	5	24	0	0	0	0				20181108191337
349	05/24/2005		2005	5	24	0	0	0	0				20181108191337
350	05/24/2005		2005	5	24	0	0	0	0				20181108191337
351	05/24/2005		2005	5	24	0	0	0	0				20181108191337
352	05/24/2005		2005	5	24	0	0	0	0				20181108191337
353	05/24/2005		2005	5	24	0	0	0	0				20181108191337
354	05/24/2005		2005	5	24	0	0	0	0				20181108191337
355	05/24/2005		2005	5	24	0	0	0	0				20181108191337
356	05/24/2005		2005	5	24	0	0	0	0				20181108191337
357	05/24/2005		2005	5	24	0	0	0	0				20181108191337
358	05/24/2005		2005	5	24	0	0	0	0				20181108191337
359	05/24/2005		2005	5	24	0	0	0	0				20181108191337
360	05/24/2005		2005	5	24	0	0	0	0				20181108191337
361	05/24/2005		2005	5	24	0	0	0	0				20181108191337
362	05/24/2005		2005	5	24	0	0	0	0				20181108191337
363	05/24/2005		2005	5	24	0	0	0	0				20181108191337
364	05/24/2005		2005	5	24	0	0	0	0				20181108191337
365	05/24/2005		2005	5	24	0	0	0	0				20181108191337
366	05/24/2005		2005	5	24	0	0	0	0				20181108191337
367	05/24/2005		2005	5	24	0	0	0	0				20181108191337
368	05/24/2005		2005	5	24	0	0	0	0				20181108191337
369	05/24/2005		2005	5	24	0	0	0	0				20181108191337
370	05/24/2005		2005	5	24	0	0	0	0				20181108191337
371	05/24/2005		2005	5	24	0	0	0	0				20181108191337
372	05/24/2005		2005	5	24	0	0	0	0				20181108191337
373	05/24/2005		2005	5	24	0	0	0	0				20181108191337
374	05/24/2005		2005	5	24	0	0	0	0				20181108191337
375	05/24/2005		2005	5	24	0	0	0	0				20181108191337
376	05/24/2005		2005	5	24	0	0	0	0				20181108191337
377	05/24/2005		2005	5	24	0	0	0	0				20181108191337
378	05/24/2005		2005	5	24	0	0	0	0				20181108191337
379	05/24/2005		2005	5	24	0	0	0	0				20181108191337
380	05/24/2005		2005	5	24	0	0	0	0				20181108191337
381	05/24/2005		2005	5	24	0	0	0	0				20181108191337
382	05/24/2005		2005	5	24	0	0	0	0				20181108191337
383	05/24/2005		2005	5	24	0	0	0	0				20181108191337
384	05/24/2005		2005	5	24	0	0	0	0				20181108191337
385	05/24/2005		2005	5	24	0	0	0	0				20181108191337
386	05/24/2005		2005	5	24	0	0	0	0				20181108191337
387	05/24/2005		2005	5	24	0	0	0	0				20181108191337
388	05/24/2005		2005	5	24	0	0	0	0				20181108191337
389	05/24/2005		2005	5	24	0	0	0	0				20181108191337
390	05/24/2005		2005	5	24	0	0	0	0				20181108191337
391	05/24/2005		2005	5	24	0	0	0	0				20181108191337
392	05/24/2005		2005	5	24	0	0	0	0				20181108191337
393	05/24/2005		2005	5	24	0	0	0	0				20181108191337
394	05/24/2005		2005	5	24	0	0	0	0				20181108191337
395	05/24/2005		2005	5	24	0	0	0	0				20181108191337
396	05/24/2005		2005	5	24	0	0	0	0				20181108191337
398	05/24/2005		2005	5	24	0	0	0	0				20181108191337
399	05/24/2005		2005	5	24	0	0	0	0				20181108191337
400	05/24/2005		2005	5	24	0	0	0	0				20181108191337
401	05/24/2005		2005	5	24	0	0	0	0				20181108191337
402	05/24/2005		2005	5	24	0	0	0	0				20181108191337
403	05/24/2005		2005	5	24	0	0	0	0				20181108191337
405	05/24/2005		2005	5	24	0	0	0	0				20181108191337
406	05/24/2005		2005	5	24	0	0	0	0				20181108191337
407	05/24/2005		2005	5	24	0	0	0	0				20181108191337
408	05/24/2005		2005	5	24	0	0	0	0				20181108191337
409	05/24/2005		2005	5	24	0	0	0	0				20181108191337
410	05/24/2005		2005	5	24	0	0	0	0				20181108191337
411	05/24/2005		2005	5	24	0	0	0	0				20181108191337
412	05/24/2005		2005	5	24	0	0	0	0				20181108191337
413	05/24/2005		2005	5	24	0	0	0	0				20181108191337
414	05/24/2005		2005	5	24	0	0	0	0				20181108191337
415	05/24/2005		2005	5	24	0	0	0	0				20181108191337
416	05/24/2005		2005	5	24	0	0	0	0				20181108191337
417	05/24/2005		2005	5	24	0	0	0	0				20181108191337
418	05/24/2005		2005	5	24	0	0	0	0				20181108191337
419	05/24/2005		2005	5	24	0	0	0	0				20181108191337
420	05/24/2005		2005	5	24	0	0	0	0				20181108191337
421	05/24/2005		2005	5	24	0	0	0	0				20181108191337
422	05/24/2005		2005	5	24	0	0	0	0				20181108191337
423	05/24/2005		2005	5	24	0	0	0	0				20181108191337
424	05/24/2005		2005	5	24	0	0	0	0				20181108191337
425	05/24/2005		2005	5	24	0	0	0	0				20181108191337
426	05/24/2005		2005	5	24	0	0	0	0				20181108191337
427	05/24/2005		2005	5	24	0	0	0	0				20181108191337
428	05/24/2005		2005	5	24	0	0	0	0				20181108191337
429	05/24/2005		2005	5	24	0	0	0	0				20181108191337
430	05/24/2005		2005	5	24	0	0	0	0				20181108191337
431	05/24/2005		2005	5	24	0	0	0	0				20181108191337
432	05/24/2005		2005	5	24	0	0	0	0				20181108191337
433	05/24/2005		2005	5	24	0	0	0	0				20181108191337
434	05/24/2005		2005	5	24	0	0	0	0				20181108191337
435	05/24/2005		2005	5	24	0	0	0	0				20181108191337
436	05/24/2005		2005	5	24	0	0	0	0				20181108191337
437	05/24/2005		2005	5	24	0	0	0	0				20181108191337
438	05/24/2005		2005	5	24	0	0	0	0				20181108191337
439	05/24/2005		2005	5	24	0	0	0	0				20181108191337
440	05/24/2005		2005	5	24	0	0	0	0				20181108191337
441	05/24/2005		2005	5	24	0	0	0	0				20181108191337
442	05/24/2005		2005	5	24	0	0	0	0				20181108191337
443	05/24/2005		2005	5	24	0	0	0	0				20181108191337
444	05/24/2005		2005	5	24	0	0	0	0				20181108191337
445	05/24/2005		2005	5	24	0	0	0	0				20181108191337
446	05/24/2005		2005	5	24	0	0	0	0				20181108191337
447	05/24/2005		2005	5	24	0	0	0	0				20181108191337
448	05/24/2005		2005	5	24	0	0	0	0				20181108191337
449	05/24/2005		2005	5	24	0	0	0	0				20181108191337
450	05/24/2005		2005	5	24	0	0	0	0				20181108191337
451	05/24/2005		2005	5	24	0	0	0	0				20181108191337
452	05/24/2005		2005	5	24	0	0	0	0				20181108191337
453	05/24/2005		2005	5	24	0	0	0	0				20181108191337
454	05/24/2005		2005	5	24	0	0	0	0				20181108191337
455	05/24/2005		2005	5	24	0	0	0	0				20181108191337
456	05/24/2005		2005	5	24	0	0	0	0				20181108191337
457	05/24/2005		2005	5	24	0	0	0	0				20181108191337
458	05/24/2005		2005	5	24	0	0	0	0				20181108191337
459	05/24/2005		2005	5	24	0	0	0	0				20181108191337
460	05/24/2005		2005	5	24	0	0	0	0				20181108191337
462	05/24/2005		2005	5	24	0	0	0	0				20181108191337
463	05/24/2005		2005	5	24	0	0	0	0				20181108191337
465	05/24/2005		2005	5	24	0	0	0	0				20181108191337
466	05/24/2005		2005	5	24	0	0	0	0				20181108191337
467	05/24/2005		2005	5	24	0	0	0	0				20181108191337
468	05/24/2005		2005	5	24	0	0	0	0				20181108191337
469	05/24/2005		2005	5	24	0	0	0	0				20181108191337
470	05/24/2005		2005	5	24	0	0	0	0				20181108191337
471	05/24/2005		2005	5	24	0	0	0	0				20181108191337
472	05/24/2005		2005	5	24	0	0	0	0				20181108191337
473	05/24/2005		2005	5	24	0	0	0	0				20181108191337
474	05/24/2005		2005	5	24	0	0	0	0				20181108191337
475	05/24/2005		2005	5	24	0	0	0	0				20181108191337
477	05/24/2005		2005	5	24	0	0	0	0				20181108191337
478	05/24/2005		2005	5	24	0	0	0	0				20181108191337
479	05/24/2005		2005	5	24	0	0	0	0				20181108191337
480	05/24/2005		2005	5	24	0	0	0	0				20181108191337
481	05/24/2005		2005	5	24	0	0	0	0				20181108191337
482	05/24/2005		2005	5	24	0	0	0	0				20181108191337
483	05/24/2005		2005	5	24	0	0	0	0				20181108191337
484	05/24/2005		2005	5	24	0	0	0	0				20181108191337
485	05/24/2005		2005	5	24	0	0	0	0				20181108191337
486	05/24/2005		2005	5	24	0	0	0	0				20181108191337
487	05/24/2005		2005	5	24	0	0	0	0				20181108191337
488	05/24/2005		2005	5	24	0	0	0	0				20181108191337
489	05/24/2005		2005	5	24	0	0	0	0				20181108191337
490	05/24/2005		2005	5	24	0	0	0	0				20181108191337
491	05/24/2005		2005	5	24	0	0	0	0				20181108191337
493	05/24/2005		2005	5	24	0	0	0	0				20181108191337
494	05/24/2005		2005	5	24	0	0	0	0				20181108191337
495	05/24/2005		2005	5	24	0	0	0	0				20181108191337
496	05/24/2005		2005	5	24	0	0	0	0				20181108191337
497	05/24/2005		2005	5	24	0	0	0	0				20181108191337
498	05/24/2005		2005	5	24	0	0	0	0				20181108191337
499	05/24/2005		2005	5	24	0	0	0	0				20181108191337
500	05/24/2005		2005	5	24	0	0	0	0				20181108191337
501	05/24/2005		2005	5	24	0	0	0	0				20181108191337
502	05/24/2005		2005	5	24	0	0	0	0				20181108191337
503	05/24/2005		2005	5	24	0	0	0	0				20181108191337
504	05/24/2005		2005	5	24	0	0	0	0				20181108191337
505	05/24/2005		2005	5	24	0	0	0	0				20181108191337
506	05/24/2005		2005	5	24	0	0	0	0				20181108191337
507	05/24/2005		2005	5	24	0	0	0	0				20181108191337
508	05/24/2005		2005	5	24	0	0	0	0				20181108191337
509	05/24/2005		2005	5	24	0	0	0	0				20181108191337
510	05/24/2005		2005	5	24	0	0	0	0				20181108191337
511	05/24/2005		2005	5	24	0	0	0	0				20181108191337
512	05/24/2005		2005	5	24	0	0	0	0				20181108191337
513	05/24/2005		2005	5	24	0	0	0	0				20181108191337
514	05/24/2005		2005	5	24	0	0	0	0				20181108191337
515	05/24/2005		2005	5	24	0	0	0	0				20181108191337
516	05/24/2005		2005	5	24	0	0	0	0				20181108191337
517	05/24/2005		2005	5	24	0	0	0	0				20181108191337
518	05/24/2005		2005	5	24	0	0	0	0				20181108191337
519	05/24/2005		2005	5	24	0	0	0	0				20181108191337
520	05/24/2005		2005	5	24	0	0	0	0				20181108191337
522	05/24/2005		2005	5	24	0	0	0	0				20181108191337
523	05/24/2005		2005	5	24	0	0	0	0				20181108191337
524	05/24/2005		2005	5	24	0	0	0	0				20181108191337
525	05/24/2005		2005	5	24	0	0	0	0				20181108191337
526	05/24/2005		2005	5	24	0	0	0	0				20181108191337
527	05/24/2005		2005	5	24	0	0	0	0				20181108191337
528	05/24/2005		2005	5	24	0	0	0	0				20181108191337
529	05/24/2005		2005	5	24	0	0	0	0				20181108191337
530	05/24/2005		2005	5	24	0	0	0	0				20181108191337
531	05/24/2005		2005	5	24	0	0	0	0				20181108191337
532	05/24/2005		2005	5	24	0	0	0	0				20181108191337
533	05/24/2005		2005	5	24	0	0	0	0				20181108191337
534	05/24/2005		2005	5	24	0	0	0	0				20181108191337
535	05/24/2005		2005	5	24	0	0	0	0				20181108191337
537	05/24/2005		2005	5	24	0	0	0	0				20181108191337
538	05/25/2005		2005	5	25	0	0	0	0				20181108191337
539	05/25/2005		2005	5	25	0	0	0	0				20181108191337
540	05/25/2005		2005	5	25	0	0	0	0				20181108191337
541	05/25/2005		2005	5	25	0	0	0	0				20181108191337
542	05/25/2005		2005	5	25	0	0	0	0				20181108191337
543	05/25/2005		2005	5	25	0	0	0	0				20181108191337
545	05/26/2005		2005	5	26	0	0	0	0				20181108191337
546	05/26/2005		2005	5	26	0	0	0	0				20181108191337
547	05/26/2005		2005	5	26	0	0	0	0				20181108191337
549	05/26/2005		2005	5	26	0	0	0	0				20181108191337
550	05/26/2005		2005	5	26	0	0	0	0				20181108191337
551	05/26/2005		2005	5	26	0	0	0	0				20181108191337
552	05/26/2005		2005	5	26	0	0	0	0				20181108191337
554	05/26/2005		2005	5	26	0	0	0	0				20181108191337
555	05/27/2005		2005	5	27	0	0	0	0				20181108191337
556	05/27/2005		2005	5	27	0	0	0	0				20181108191337
557	05/27/2005		2005	5	27	0	0	0	0				20181108191337
558	05/27/2005		2005	5	27	0	0	0	0				20181108191337
559	05/27/2005		2005	5	27	0	0	0	0				20181108191337
560	05/27/2005		2005	5	27	0	0	0	0				20181108191337
561	05/27/2005		2005	5	27	0	0	0	0				20181108191337
563	05/27/2005		2005	5	27	0	0	0	0				20181108191337
564	05/27/2005		2005	5	27	0	0	0	0				20181108191337
565	05/27/2005		2005	5	27	0	0	0	0				20181108191337
566	05/27/2005		2005	5	27	0	0	0	0				20181108191337
567	05/27/2005		2005	5	27	0	0	0	0				20181108191337
568	05/27/2005		2005	5	27	0	0	0	0				20181108191337
569	05/27/2005		2005	5	27	0	0	0	0				20181108191337
570	05/27/2005		2005	5	27	0	0	0	0				20181108191337
571	05/27/2005		2005	5	27	0	0	0	0				20181108191337
572	05/27/2005		2005	5	27	0	0	0	0				20181108191337
573	05/27/2005		2005	5	27	0	0	0	0				20181108191337
574	05/27/2005		2005	5	27	0	0	0	0				20181108191337
575	05/27/2005		2005	5	27	0	0	0	0				20181108191337
577	05/27/2005		2005	5	27	0	0	0	0				20181108191337
578	05/27/2005		2005	5	27	0	0	0	0				20181108191337
579	05/27/2005		2005	5	27	0	0	0	0				20181108191337
580	05/27/2005		2005	5	27	0	0	0	0				20181108191337
581	05/27/2005		2005	5	27	0	0	0	0				20181108191338
582	05/27/2005		2005	5	27	0	0	0	0				20181108191338
583	05/27/2005		2005	5	27	0	0	0	0				20181108191338
584	05/27/2005		2005	5	27	0	0	0	0				20181108191338
585	05/27/2005		2005	5	27	0	0	0	0				20181108191338
586	05/27/2005		2005	5	27	0	0	0	0				20181108191338
587	05/27/2005		2005	5	27	0	0	0	0				20181108191338
588	05/27/2005		2005	5	27	0	0	0	0				20181108191338
589	05/27/2005		2005	5	27	0	0	0	0				20181108191338
591	05/27/2005		2005	5	27	0	0	0	0				20181108191338
592	05/27/2005		2005	5	27	0	0	0	0				20181108191338
593	05/27/2005		2005	5	27	0	0	0	0				20181108191338
594	05/27/2005		2005	5	27	0	0	0	0				20181108191338
595	05/27/2005		2005	5	27	0	0	0	0				20181108191338
596	05/27/2005		2005	5	27	0	0	0	0				20181108191338
597	05/27/2005		2005	5	27	0	0	0	0				20181108191338
598	05/27/2005		2005	5	27	0	0	0	0				20181108191338
599	05/27/2005		2005	5	27	0	0	0	0				20181108191338
600	05/27/2005		2005	5	27	0	0	0	0				20181108191338
601	05/27/2005		2005	5	27	0	0	0	0				20181108191338
602	05/27/2005		2005	5	27	0	0	0	0				20181108191338
603	05/27/2005		2005	5	27	0	0	0	0				20181108191338
604	05/27/2005		2005	5	27	0	0	0	0				20181108191338
605	05/27/2005		2005	5	27	0	0	0	0				20181108191338
606	05/27/2005		2005	5	27	0	0	0	0				20181108191338
608	05/27/2005		2005	5	27	0	0	0	0				20181108191338
609	05/27/2005		2005	5	27	0	0	0	0				20181108191338
610	05/27/2005		2005	5	27	0	0	0	0				20181108191338
611	05/27/2005		2005	5	27	0	0	0	0				20181108191338
612	05/27/2005		2005	5	27	0	0	0	0				20181108191338
613	05/27/2005		2005	5	27	0	0	0	0				20181108191338
614	05/27/2005		2005	5	27	0	0	0	0				20181108191338
615	05/27/2005		2005	5	27	0	0	0	0				20181108191338
616	05/27/2005		2005	5	27	0	0	0	0				20181108191338
617	05/27/2005		2005	5	27	0	0	0	0				20181108191338
618	05/27/2005		2005	5	27	0	0	0	0				20181108191338
619	05/27/2005		2005	5	27	0	0	0	0				20181108191338
621	05/27/2005		2005	5	27	0	0	0	0				20181108191338
622	05/27/2005		2005	5	27	0	0	0	0				20181108191338
623	05/27/2005		2005	5	27	0	0	0	0				20181108191338
624	05/27/2005		2005	5	27	0	0	0	0				20181108191338
625	05/27/2005		2005	5	27	0	0	0	0				20181108191338
626	05/27/2005		2005	5	27	0	0	0	0				20181108191338
627	05/27/2005		2005	5	27	0	0	0	0				20181108191338
628	05/27/2005		2005	5	27	0	0	0	0				20181108191338
629	05/27/2005		2005	5	27	0	0	0	0				20181108191338
630	05/27/2005		2005	5	27	0	0	0	0				20181108191338
631	05/27/2005		2005	5	27	0	0	0	0				20181108191338
632	05/27/2005		2005	5	27	0	0	0	0				20181108191338
633	05/27/2005		2005	5	27	0	0	0	0				20181108191338
634	05/27/2005		2005	5	27	0	0	0	0				20181108191338
635	05/27/2005		2005	5	27	0	0	0	0				20181108191338
636	05/27/2005		2005	5	27	0	0	0	0				20181108191338
637	05/27/2005		2005	5	27	0	0	0	0				20181108191338
638	05/27/2005		2005	5	27	0	0	0	0				20181108191338
639	05/27/2005		2005	5	27	0	0	0	0				20181108191338
640	05/27/2005		2005	5	27	0	0	0	0				20181108191338
641	05/27/2005		2005	5	27	0	0	0	0				20181108191338
642	05/27/2005		2005	5	27	0	0	0	0				20181108191338
643	05/27/2005		2005	5	27	0	0	0	0				20181108191338
644	05/27/2005		2005	5	27	0	0	0	0				20181108191338
645	05/27/2005		2005	5	27	0	0	0	0				20181108191338
646	05/27/2005		2005	5	27	0	0	0	0				20181108191338
647	05/27/2005		2005	5	27	0	0	0	0				20181108191338
648	05/27/2005		2005	5	27	0	0	0	0				20181108191338
649	05/27/2005		2005	5	27	0	0	0	0				20181108191338
650	05/27/2005		2005	5	27	0	0	0	0				20181108191338
651	05/27/2005		2005	5	27	0	0	0	0				20181108191338
652	05/27/2005		2005	5	27	0	0	0	0				20181108191338
653	05/27/2005		2005	5	27	0	0	0	0				20181108191338
654	05/27/2005		2005	5	27	0	0	0	0				20181108191338
655	05/27/2005		2005	5	27	0	0	0	0				20181108191338
656	05/27/2005		2005	5	27	0	0	0	0				20181108191338
657	05/27/2005		2005	5	27	0	0	0	0				20181108191338
658	05/27/2005		2005	5	27	0	0	0	0				20181108191338
659	05/27/2005		2005	5	27	0	0	0	0				20181108191338
660	05/27/2005		2005	5	27	0	0	0	0				20181108191338
661	05/27/2005		2005	5	27	0	0	0	0				20181108191338
662	05/27/2005		2005	5	27	0	0	0	0				20181108191338
663	05/27/2005		2005	5	27	0	0	0	0				20181108191338
664	05/27/2005		2005	5	27	0	0	0	0				20181108191338
665	05/27/2005		2005	5	27	0	0	0	0				20181108191338
666	05/27/2005		2005	5	27	0	0	0	0				20181108191338
668	05/27/2005		2005	5	27	0	0	0	0				20181108191338
669	05/27/2005		2005	5	27	0	0	0	0				20181108191338
670	05/27/2005		2005	5	27	0	0	0	0				20181108191338
671	05/27/2005		2005	5	27	0	0	0	0				20181108191338
672	05/27/2005		2005	5	27	0	0	0	0				20181108191338
673	05/27/2005		2005	5	27	0	0	0	0				20181108191338
675	05/27/2005		2005	5	27	0	0	0	0				20181108191338
676	05/27/2005		2005	5	27	0	0	0	0				20181108191338
677	05/27/2005		2005	5	27	0	0	0	0				20181108191338
678	05/27/2005		2005	5	27	0	0	0	0				20181108191338
679	05/27/2005		2005	5	27	0	0	0	0				20181108191338
680	05/27/2005		2005	5	27	0	0	0	0				20181108191338
681	05/27/2005		2005	5	27	0	0	0	0				20181108191338
682	05/27/2005		2005	5	27	0	0	0	0				20181108191338
683	05/27/2005		2005	5	27	0	0	0	0				20181108191338
684	05/27/2005		2005	5	27	0	0	0	0				20181108191338
685	05/27/2005		2005	5	27	0	0	0	0				20181108191338
686	05/27/2005		2005	5	27	0	0	0	0				20181108191338
687	05/27/2005		2005	5	27	0	0	0	0				20181108191338
688	05/27/2005		2005	5	27	0	0	0	0				20181108191338
690	05/27/2005		2005	5	27	0	0	0	0				20181108191338
691	05/27/2005		2005	5	27	0	0	0	0				20181108191338
692	05/27/2005		2005	5	27	0	0	0	0				20181108191338
693	05/27/2005		2005	5	27	0	0	0	0				20181108191338
694	05/27/2005		2005	5	27	0	0	0	0				20181108191338
695	05/27/2005		2005	5	27	0	0	0	0				20181108191338
696	05/27/2005		2005	5	27	0	0	0	0				20181108191338
697	05/27/2005		2005	5	27	0	0	0	0				20181108191338
698	05/27/2005		2005	5	27	0	0	0	0				20181108191338
699	05/27/2005		2005	5	27	0	0	0	0				20181108191338
700	05/27/2005		2005	5	27	0	0	0	0				20181108191338
701	05/27/2005		2005	5	27	0	0	0	0				20181108191338
702	05/27/2005		2005	5	27	0	0	0	0				20181108191338
703	05/27/2005		2005	5	27	0	0	0	0				20181108191338
704	05/27/2005		2005	5	27	0	0	0	0				20181108191338
705	05/27/2005		2005	5	27	0	0	0	0				20181108191338
706	05/27/2005		2005	5	27	0	0	0	0				20181108191338
707	05/27/2005		2005	5	27	0	0	0	0				20181108191338
708	05/27/2005		2005	5	27	0	0	0	0				20181108191338
709	05/27/2005		2005	5	27	0	0	0	0				20181108191338
710	05/27/2005		2005	5	27	0	0	0	0				20181108191338
711	05/27/2005		2005	5	27	0	0	0	0				20181108191338
712	05/27/2005		2005	5	27	0	0	0	0				20181108191338
713	05/27/2005		2005	5	27	0	0	0	0				20181108191338
714	05/27/2005		2005	5	27	0	0	0	0				20181108191338
715	05/27/2005		2005	5	27	0	0	0	0				20181108191338
716	05/27/2005		2005	5	27	0	0	0	0				20181108191338
717	05/27/2005		2005	5	27	0	0	0	0				20181108191338
718	05/27/2005		2005	5	27	0	0	0	0				20181108191338
719	05/27/2005		2005	5	27	0	0	0	0				20181108191338
720	05/27/2005		2005	5	27	0	0	0	0				20181108191338
721	05/27/2005		2005	5	27	0	0	0	0				20181108191338
723	05/27/2005		2005	5	27	0	0	0	0				20181108191338
724	05/27/2005		2005	5	27	0	0	0	0				20181108191338
725	05/27/2005		2005	5	27	0	0	0	0				20181108191338
726	05/27/2005		2005	5	27	0	0	0	0				20181108191338
727	05/27/2005		2005	5	27	0	0	0	0				20181108191338
728	05/27/2005		2005	5	27	0	0	0	0				20181108191338
729	05/27/2005		2005	5	27	0	0	0	0				20181108191338
730	05/27/2005		2005	5	27	0	0	0	0				20181108191338
731	05/27/2005		2005	5	27	0	0	0	0				20181108191338
732	05/27/2005		2005	5	27	0	0	0	0				20181108191338
733	05/27/2005		2005	5	27	0	0	0	0				20181108191338
734	05/27/2005		2005	5	27	0	0	0	0				20181108191338
735	05/27/2005		2005	5	27	0	0	0	0				20181108191338
736	05/27/2005		2005	5	27	0	0	0	0				20181108191338
737	05/27/2005		2005	5	27	0	0	0	0				20181108191338
738	05/27/2005		2005	5	27	0	0	0	0				20181108191338
739	05/27/2005		2005	5	27	0	0	0	0				20181108191338
740	05/27/2005		2005	5	27	0	0	0	0				20181108191338
741	05/27/2005		2005	5	27	0	0	0	0				20181108191338
742	05/27/2005		2005	5	27	0	0	0	0				20181108191338
743	05/27/2005		2005	5	27	0	0	0	0				20181108191338
744	05/27/2005		2005	5	27	0	0	0	0				20181108191338
745	05/27/2005		2005	5	27	0	0	0	0				20181108191338
746	05/27/2005		2005	5	27	0	0	0	0				20181108191338
747	05/27/2005		2005	5	27	0	0	0	0				20181108191338
748	05/27/2005		2005	5	27	0	0	0	0				20181108191338
749	05/27/2005		2005	5	27	0	0	0	0				20181108191338
750	05/27/2005		2005	5	27	0	0	0	0				20181108191338
751	05/27/2005		2005	5	27	0	0	0	0				20181108191338
753	05/28/2005		2005	5	28	0	0	0	0				20181108191338
754	05/28/2005		2005	5	28	0	0	0	0				20181108191338
756	05/28/2005		2005	5	28	0	0	0	0				20181108191338
757	05/28/2005		2005	5	28	0	0	0	0				20181108191338
758	05/28/2005		2005	5	28	0	0	0	0				20181108191338
759	05/28/2005		2005	5	28	0	0	0	0				20181108191338
760	05/28/2005		2005	5	28	0	0	0	0				20181108191338
761	05/28/2005		2005	5	28	0	0	0	0				20181108191338
762	05/28/2005		2005	5	28	0	0	0	0				20181108191338
763	05/28/2005		2005	5	28	0	0	0	0				20181108191338
764	05/28/2005		2005	5	28	0	0	0	0				20181108191338
765	05/28/2005		2005	5	28	0	0	0	0				20181108191338
766	05/28/2005		2005	5	28	0	0	0	0				20181108191338
767	05/28/2005		2005	5	28	0	0	0	0				20181108191338
768	05/28/2005		2005	5	28	0	0	0	0				20181108191338
769	05/29/2005		2005	5	29	0	0	0	0				20181108191338
770	05/30/2005		2005	5	30	0	0	0	0				20181108191338
771	05/30/2005		2005	5	30	0	0	0	0				20181108191338
773	05/30/2005		2005	5	30	0	0	0	0				20181108191338
775	05/30/2005		2005	5	30	0	0	0	0				20181108191338
776	05/30/2005		2005	5	30	0	0	0	0				20181108191338
777	05/30/2005		2005	5	30	0	0	0	0				20181108191338
778	05/30/2005		2005	5	30	0	0	0	0				20181108191338
779	05/30/2005		2005	5	30	0	0	0	0				20181108191338
780	05/30/2005		2005	5	30	0	0	0	0				20181108191338
781	05/30/2005		2005	5	30	0	0	0	0				20181108191338
782	05/30/2005		2005	5	30	0	0	0	0				20181108191338
783	05/30/2005		2005	5	30	0	0	0	0				20181108191338
784	05/30/2005		2005	5	30	0	0	0	0				20181108191338
785	05/30/2005		2005	5	30	0	0	0	0				20181108191338
786	05/30/2005		2005	5	30	0	0	0	0				20181108191338
787	05/30/2005		2005	5	30	0	0	0	0				20181108191338
788	05/30/2005		2005	5	30	0	0	0	0				20181108191338
789	05/30/2005		2005	5	30	0	0	0	0				20181108191338
790	05/30/2005		2005	5	30	0	0	0	0				20181108191338
791	05/30/2005		2005	5	30	0	0	0	0				20181108191338
792	05/30/2005		2005	5	30	0	0	0	0				20181108191338
793	05/30/2005		2005	5	30	0	0	0	0				20181108191338
794	05/30/2005		2005	5	30	0	0	0	0				20181108191338
795	05/30/2005		2005	5	30	0	0	0	0				20181108191338
796	05/30/2005		2005	5	30	0	0	0	0				20181108191338
797	05/30/2005		2005	5	30	0	0	0	0				20181108191338
798	05/31/2005		2005	5	31	0	0	0	0				20181108191338
799	05/31/2005		2005	5	31	0	0	0	0				20181108191338
800	05/31/2005		2005	5	31	0	0	0	0				20181108191338
801	05/31/2005		2005	5	31	0	0	0	0				20181108191338
802	05/31/2005		2005	5	31	0	0	0	0				20181108191338
803	05/31/2005		2005	5	31	0	0	0	0				20181108191338
804	05/31/2005		2005	5	31	0	0	0	0				20181108191338
805	05/31/2005		2005	5	31	0	0	0	0				20181108191338
806	05/31/2005		2005	5	31	0	0	0	0				20181108191338
807	05/31/2005		2005	5	31	0	0	0	0				20181108191338
808	05/31/2005		2005	5	31	0	0	0	0				20181108191338
810	05/31/2005		2005	5	31	0	0	0	0				20181108191338
811	05/31/2005		2005	5	31	0	0	0	0				20181108191338
812	05/31/2005		2005	5	31	0	0	0	0				20181108191338
813	05/31/2005		2005	5	31	0	0	0	0				20181108191338
814	05/31/2005		2005	5	31	0	0	0	0				20181108191338
815	05/31/2005		2005	5	31	0	0	0	0				20181108191338
816	05/31/2005		2005	5	31	0	0	0	0				20181108191338
817	05/31/2005		2005	5	31	0	0	0	0				20181108191338
818	05/31/2005		2005	5	31	0	0	0	0				20181108191338
819	05/31/2005		2005	5	31	0	0	0	0				20181108191338
820	05/31/2005		2005	5	31	0	0	0	0				20181108191338
821	05/31/2005		2005	5	31	0	0	0	0				20181108191338
822	05/31/2005		2005	5	31	0	0	0	0				20181108191338
823	05/31/2005		2005	5	31	0	0	0	0				20181108191338
824	05/31/2005		2005	5	31	0	0	0	0				20181108191338
825	05/31/2005		2005	5	31	0	0	0	0				20181108191338
826	05/31/2005		2005	5	31	0	0	0	0				20181108191338
827	05/31/2005		2005	5	31	0	0	0	0				20181108191338
828	05/31/2005		2005	5	31	0	0	0	0				20181108191338
829	05/31/2005		2005	5	31	0	0	0	0				20181108191338
830	05/31/2005		2005	5	31	0	0	0	0				20181108191338
831	05/31/2005		2005	5	31	0	0	0	0				20181108191338
832	05/31/2005		2005	5	31	0	0	0	0				20181108191338
833	05/31/2005		2005	5	31	0	0	0	0				20181108191338
834	05/31/2005		2005	5	31	0	0	0	0				20181108191338
835	05/31/2005		2005	5	31	0	0	0	0				20181108191338
836	05/31/2005		2005	5	31	0	0	0	0				20181108191338
838	05/31/2005		2005	5	31	0	0	0	0				20181108191338
839	05/31/2005		2005	5	31	0	0	0	0				20181108191338
840	05/31/2005		2005	5	31	0	0	0	0				20181108191338
841	05/31/2005		2005	5	31	0	0	0	0				20181108191338
843	05/31/2005		2005	5	31	0	0	0	0				20181108191338
844	05/31/2005		2005	5	31	0	0	0	0				20181108191338
845	05/31/2005		2005	5	31	0	0	0	0				20181108191338
846	05/31/2005		2005	5	31	0	0	0	0				20181108191338
847	05/31/2005		2005	5	31	0	0	0	0				20181108191338
848	05/31/2005		2005	5	31	0	0	0	0				20181108191338
849	05/31/2005		2005	5	31	0	0	0	0				20181108191338
850	05/31/2005		2005	5	31	0	0	0	0				20181108191338
851	05/31/2005		2005	5	31	0	0	0	0				20181108191338
852	05/31/2005		2005	5	31	0	0	0	0				20181108191338
853	05/31/2005		2005	5	31	0	0	0	0				20181108191338
854	05/31/2005		2005	5	31	0	0	0	0				20181108191338
855	05/31/2005		2005	5	31	0	0	0	0				20181108191338
856	05/31/2005		2005	5	31	0	0	0	0				20181108191338
857	05/31/2005		2005	5	31	0	0	0	0				20181108191338
858	05/31/2005		2005	5	31	0	0	0	0				20181108191338
859	05/31/2005		2005	5	31	0	0	0	0				20181108191338
861	05/31/2005		2005	5	31	0	0	0	0				20181108191338
862	05/31/2005		2005	5	31	0	0	0	0				20181108191338
863	05/31/2005		2005	5	31	0	0	0	0				20181108191338
864	05/31/2005		2005	5	31	0	0	0	0				20181108191338
865	05/31/2005		2005	5	31	0	0	0	0				20181108191338
866	05/31/2005		2005	5	31	0	0	0	0				20181108191338
867	05/31/2005		2005	5	31	0	0	0	0				20181108191338
868	05/31/2005		2005	5	31	0	0	0	0				20181108191338
869	05/31/2005		2005	5	31	0	0	0	0				20181108191338
870	05/31/2005		2005	5	31	0	0	0	0				20181108191338
871	05/31/2005		2005	5	31	0	0	0	0				20181108191338
872	05/31/2005		2005	5	31	0	0	0	0				20181108191338
873	05/31/2005		2005	5	31	0	0	0	0				20181108191338
874	05/31/2005		2005	5	31	0	0	0	0				20181108191338
875	05/31/2005		2005	5	31	0	0	0	0				20181108191338
876	05/31/2005		2005	5	31	0	0	0	0				20181108191338
877	05/31/2005		2005	5	31	0	0	0	0				20181108191338
878	05/31/2005		2005	5	31	0	0	0	0				20181108191338
879	05/31/2005		2005	5	31	0	0	0	0				20181108191338
880	05/31/2005		2005	5	31	0	0	0	0				20181108191338
881	05/31/2005		2005	5	31	0	0	0	0				20181108191338
882	05/31/2005		2005	5	31	0	0	0	0				20181108191338
883	05/31/2005		2005	5	31	0	0	0	0				20181108191338
884	05/31/2005		2005	5	31	0	0	0	0				20181108191338
885	05/31/2005		2005	5	31	0	0	0	0				20181108191338
886	05/31/2005		2005	5	31	0	0	0	0				20181108191338
887	05/31/2005		2005	5	31	0	0	0	0				20181108191338
888	05/31/2005		2005	5	31	0	0	0	0				20181108191338
889	05/31/2005		2005	5	31	0	0	0	0				20181108191338
890	05/31/2005		2005	5	31	0	0	0	0				20181108191338
891	05/31/2005		2005	5	31	0	0	0	0				20181108191338
892	05/31/2005		2005	5	31	0	0	0	0				20181108191338
893	05/31/2005		2005	5	31	0	0	0	0				20181108191338
894	05/31/2005		2005	5	31	0	0	0	0				20181108191338
895	05/31/2005		2005	5	31	0	0	0	0				20181108191338
896	05/31/2005		2005	5	31	0	0	0	0				20181108191338
897	05/31/2005		2005	5	31	0	0	0	0				20181108191338
898	05/31/2005		2005	5	31	0	0	0	0				20181108191338
899	05/31/2005		2005	5	31	0	0	0	0				20181108191338
900	05/31/2005		2005	5	31	0	0	0	0				20181108191338
901	05/31/2005		2005	5	31	0	0	0	0				20181108191338
902	05/31/2005		2005	5	31	0	0	0	0				20181108191338
903	05/31/2005		2005	5	31	0	0	0	0				20181108191338
904	05/31/2005		2005	5	31	0	0	0	0				20181108191338
905	05/31/2005		2005	5	31	0	0	0	0				20181108191338
906	05/31/2005		2005	5	31	0	0	0	0				20181108191338
907	05/31/2005		2005	5	31	0	0	0	0				20181108191338
908	05/31/2005		2005	5	31	0	0	0	0				20181108191338
909	05/31/2005		2005	5	31	0	0	0	0				20181108191338
910	05/31/2005		2005	5	31	0	0	0	0				20181108191338
911	05/31/2005		2005	5	31	0	0	0	0				20181108191338
913	05/31/2005		2005	5	31	0	0	0	0				20181108191338
914	05/31/2005		2005	5	31	0	0	0	0				20181108191338
915	05/31/2005		2005	5	31	0	0	0	0				20181108191338
916	05/31/2005		2005	5	31	0	0	0	0				20181108191338
917	05/31/2005		2005	5	31	0	0	0	0				20181108191338
918	05/31/2005		2005	5	31	0	0	0	0				20181108191338
919	05/31/2005		2005	5	31	0	0	0	0				20181108191338
920	05/31/2005		2005	5	31	0	0	0	0				20181108191338
922	05/31/2005		2005	5	31	0	0	0	0				20181108191338
923	05/31/2005		2005	5	31	0	0	0	0				20181108191338
924	05/31/2005		2005	5	31	0	0	0	0				20181108191338
925	05/31/2005		2005	5	31	0	0	0	0				20181108191338
926	05/31/2005		2005	5	31	0	0	0	0				20181108191338
927	05/31/2005		2005	5	31	0	0	0	0				20181108191338
928	05/31/2005		2005	5	31	0	0	0	0				20181108191338
929	05/31/2005		2005	5	31	0	0	0	0				20181108191338
930	05/31/2005		2005	5	31	0	0	0	0				20181108191338
931	05/31/2005		2005	5	31	0	0	0	0				20181108191338
932	05/31/2005		2005	5	31	0	0	0	0				20181108191338
934	05/31/2005		2005	5	31	0	0	0	0				20181108191338
935	05/31/2005		2005	5	31	0	0	0	0				20181108191338
936	05/31/2005		2005	5	31	0	0	0	0				20181108191338
937	05/31/2005		2005	5	31	0	0	0	0				20181108191338
938	05/31/2005		2005	5	31	0	0	0	0				20181108191338
939	05/31/2005		2005	5	31	0	0	0	0				20181108191338
940	05/31/2005		2005	5	31	0	0	0	0				20181108191338
941	05/31/2005		2005	5	31	0	0	0	0				20181108191338
942	05/31/2005		2005	5	31	0	0	0	0				20181108191338
944	05/31/2005		2005	5	31	0	0	0	0				20181108191338
945	05/31/2005		2005	5	31	0	0	0	0				20181108191338
946	05/31/2005		2005	5	31	0	0	0	0				20181108191338
947	05/31/2005		2005	5	31	0	0	0	0				20181108191338
948	05/31/2005		2005	5	31	0	0	0	0				20181108191338
949	05/31/2005		2005	5	31	0	0	0	0				20181108191338
950	05/31/2005		2005	5	31	0	0	0	0				20181108191338
951	05/31/2005		2005	5	31	0	0	0	0				20181108191338
952	05/31/2005		2005	5	31	0	0	0	0				20181108191338
953	05/31/2005		2005	5	31	0	0	0	0				20181108191338
954	05/31/2005		2005	5	31	0	0	0	0				20181108191338
955	05/31/2005		2005	5	31	0	0	0	0				20181108191338
956	05/31/2005		2005	5	31	0	0	0	0				20181108191338
957	05/31/2005		2005	5	31	0	0	0	0				20181108191338
958	05/31/2005		2005	5	31	0	0	0	0				20181108191338
959	05/31/2005		2005	5	31	0	0	0	0				20181108191338
960	05/31/2005		2005	5	31	0	0	0	0				20181108191338
961	05/31/2005		2005	5	31	0	0	0	0				20181108191338
962	05/31/2005		2005	5	31	0	0	0	0				20181108191338
963	05/31/2005		2005	5	31	0	0	0	0				20181108191338
964	05/31/2005		2005	5	31	0	0	0	0				20181108191338
965	05/31/2005		2005	5	31	0	0	0	0				20181108191338
966	05/31/2005		2005	5	31	0	0	0	0				20181108191338
967	05/31/2005		2005	5	31	0	0	0	0				20181108191338
969	05/31/2005		2005	5	31	0	0	0	0				20181108191338
970	05/31/2005		2005	5	31	0	0	0	0				20181108191338
971	05/31/2005		2005	5	31	0	0	0	0				20181108191338
972	05/31/2005		2005	5	31	0	0	0	0				20181108191338
974	05/31/2005		2005	5	31	0	0	0	0				20181108191338
975	05/31/2005		2005	5	31	0	0	0	0				20181108191338
976	05/31/2005		2005	5	31	0	0	0	0				20181108191338
978	05/31/2005		2005	5	31	0	0	0	0				20181108191338
979	05/31/2005		2005	5	31	0	0	0	0				20181108191338
980	05/31/2005		2005	5	31	0	0	0	0				20181108191338
981	05/31/2005		2005	5	31	0	0	0	0				20181108191339
982	05/31/2005		2005	5	31	0	0	0	0				20181108191339
983	05/31/2005		2005	5	31	0	0	0	0				20181108191339
984	05/31/2005		2005	5	31	0	0	0	0				20181108191339
985	05/31/2005		2005	5	31	0	0	0	0				20181108191339
986	05/31/2005		2005	5	31	0	0	0	0				20181108191339
987	05/31/2005		2005	5	31	0	0	0	0				20181108191339
988	05/31/2005		2005	5	31	0	0	0	0				20181108191339
989	05/31/2005		2005	5	31	0	0	0	0				20181108191339
990	05/31/2005		2005	5	31	0	0	0	0				20181108191339
991	05/31/2005		2005	5	31	0	0	0	0				20181108191339
992	05/31/2005		2005	5	31	0	0	0	0				20181108191339
993	05/31/2005		2005	5	31	0	0	0	0				20181108191339
994	05/31/2005		2005	5	31	0	0	0	0				20181108191339
995	05/31/2005		2005	5	31	0	0	0	0				20181108191339
996	05/31/2005		2005	5	31	0	0	0	0				20181108191339
997	05/31/2005		2005	5	31	0	0	0	0				20181108191339
998	05/31/2005		2005	5	31	0	0	0	0				20181108191339
999	05/31/2005		2005	5	31	0	0	0	0				20181108191339
1001	05/31/2005		2005	5	31	0	0	0	0				20181108191339
1002	05/31/2005		2005	5	31	0	0	0	0				20181108191339
1003	05/31/2005		2005	5	31	0	0	0	0				20181108191339
1004	05/31/2005		2005	5	31	0	0	0	0				20181108191339
1005	05/31/2005		2005	5	31	0	0	0	0				20181108191339
1006	05/31/2005		2005	5	31	0	0	0	0				20181108191339
1007	05/31/2005		2005	5	31	0	0	0	0				20181108191339
1008	05/31/2005		2005	5	31	0	0	0	0				20181108191339
1009	05/31/2005		2005	5	31	0	0	0	0				20181108191339
1010	05/31/2005		2005	5	31	0	0	0	0				20181108191339
1011	05/31/2005		2005	5	31	0	0	0	0				20181108191339
1012	06/01/2005		2005	6	1	0	0	0	0				20181108191339
1013	06/01/2005		2005	6	1	0	0	0	0				20181108191339
1014	06/01/2005		2005	6	1	0	0	0	0				20181108191339
1015	06/01/2005		2005	6	1	0	0	0	0				20181108191339
1016	06/01/2005		2005	6	1	0	0	0	0				20181108191339
1017	06/01/2005		2005	6	1	0	0	0	0				20181108191339
1018	06/01/2005		2005	6	1	0	0	0	0				20181108191339
1019	06/01/2005		2005	6	1	0	0	0	0				20181108191339
1020	06/01/2005		2005	6	1	0	0	0	0				20181108191339
1021	06/01/2005		2005	6	1	0	0	0	0				20181108191339
1022	06/01/2005		2005	6	1	0	0	0	0				20181108191339
1024	06/01/2005		2005	6	1	0	0	0	0				20181108191339
1025	06/01/2005		2005	6	1	0	0	0	0				20181108191339
1026	06/01/2005		2005	6	1	0	0	0	0				20181108191339
1027	06/01/2005		2005	6	1	0	0	0	0				20181108191339
1028	06/01/2005		2005	6	1	0	0	0	0				20181108191339
1029	06/01/2005		2005	6	1	0	0	0	0				20181108191339
1030	06/01/2005		2005	6	1	0	0	0	0				20181108191339
1031	06/01/2005		2005	6	1	0	0	0	0				20181108191339
1032	06/01/2005		2005	6	1	0	0	0	0				20181108191339
1034	06/01/2005		2005	6	1	0	0	0	0				20181108191339
1036	06/01/2005		2005	6	1	0	0	0	0				20181108191339
1037	06/01/2005		2005	6	1	0	0	0	0				20181108191339
1038	06/01/2005		2005	6	1	0	0	0	0				20181108191339
1039	06/01/2005		2005	6	1	0	0	0	0				20181108191339
1040	06/01/2005		2005	6	1	0	0	0	0				20181108191339
1041	06/01/2005		2005	6	1	0	0	0	0				20181108191339
1042	06/01/2005		2005	6	1	0	0	0	0				20181108191339
1043	06/01/2005		2005	6	1	0	0	0	0				20181108191339
1044	06/01/2005		2005	6	1	0	0	0	0				20181108191339
1045	06/01/2005		2005	6	1	0	0	0	0				20181108191339
1046	06/01/2005		2005	6	1	0	0	0	0				20181108191339
1047	06/01/2005		2005	6	1	0	0	0	0				20181108191339
1048	06/01/2005		2005	6	1	0	0	0	0				20181108191339
1049	06/01/2005		2005	6	1	0	0	0	0				20181108191339
1050	06/01/2005		2005	6	1	0	0	0	0				20181108191339
1051	06/01/2005		2005	6	1	0	0	0	0				20181108191339
1052	06/01/2005		2005	6	1	0	0	0	0				20181108191339
1053	06/01/2005		2005	6	1	0	0	0	0				20181108191339
1054	06/01/2005		2005	6	1	0	0	0	0				20181108191339
1056	06/01/2005		2005	6	1	0	0	0	0				20181108191339
1057	06/01/2005		2005	6	1	0	0	0	0				20181108191339
1058	06/01/2005		2005	6	1	0	0	0	0				20181108191339
1059	06/01/2005		2005	6	1	0	0	0	0				20181108191339
1060	06/01/2005		2005	6	1	0	0	0	0				20181108191339
1061	06/01/2005		2005	6	1	0	0	0	0				20181108191339
1062	06/01/2005		2005	6	1	0	0	0	0				20181108191339
1063	06/01/2005		2005	6	1	0	0	0	0				20181108191339
1064	06/01/2005		2005	6	1	0	0	0	0				20181108191339
1065	06/01/2005		2005	6	1	0	0	0	0				20181108191339
1066	06/01/2005		2005	6	1	0	0	0	0				20181108191339
1067	06/01/2005		2005	6	1	0	0	0	0				20181108191339
1068	06/01/2005		2005	6	1	0	0	0	0				20181108191339
1069	06/01/2005		2005	6	1	0	0	0	0				20181108191339
1070	06/01/2005		2005	6	1	0	0	0	0				20181108191339
1072	06/01/2005		2005	6	1	0	0	0	0				20181108191339
1073	06/01/2005		2005	6	1	0	0	0	0				20181108191339
1074	06/01/2005		2005	6	1	0	0	0	0				20181108191339
1075	06/01/2005		2005	6	1	0	0	0	0				20181108191339
1076	06/01/2005		2005	6	1	0	0	0	0				20181108191339
1077	06/01/2005		2005	6	1	0	0	0	0				20181108191339
1078	06/01/2005		2005	6	1	0	0	0	0				20181108191339
1079	06/01/2005		2005	6	1	0	0	0	0				20181108191339
1080	06/01/2005		2005	6	1	0	0	0	0				20181108191339
1081	06/01/2005		2005	6	1	0	0	0	0				20181108191339
1082	06/01/2005		2005	6	1	0	0	0	0				20181108191339
1083	06/01/2005		2005	6	1	0	0	0	0				20181108191339
1084	06/01/2005		2005	6	1	0	0	0	0				20181108191339
1085	06/01/2005		2005	6	1	0	0	0	0				20181108191339
1086	06/01/2005		2005	6	1	0	0	0	0				20181108191339
1087	06/01/2005		2005	6	1	0	0	0	0				20181108191339
1088	06/01/2005		2005	6	1	0	0	0	0				20181108191339
1089	06/01/2005		2005	6	1	0	0	0	0				20181108191339
1090	06/01/2005		2005	6	1	0	0	0	0				20181108191339
1092	06/01/2005		2005	6	1	0	0	0	0				20181108191339
1093	06/01/2005		2005	6	1	0	0	0	0				20181108191339
1094	06/01/2005		2005	6	1	0	0	0	0				20181108191339
1095	06/01/2005		2005	6	1	0	0	0	0				20181108191339
1096	06/01/2005		2005	6	1	0	0	0	0				20181108191339
1097	06/01/2005		2005	6	1	0	0	0	0				20181108191339
1098	06/01/2005		2005	6	1	0	0	0	0				20181108191339
1099	06/01/2005		2005	6	1	0	0	0	0				20181108191339
1100	06/01/2005		2005	6	1	0	0	0	0				20181108191339
1101	06/01/2005		2005	6	1	0	0	0	0				20181108191339
1102	06/01/2005		2005	6	1	0	0	0	0				20181108191339
1103	06/01/2005		2005	6	1	0	0	0	0				20181108191339
1104	06/01/2005		2005	6	1	0	0	0	0				20181108191339
1105	06/01/2005		2005	6	1	0	0	0	0				20181108191339
1106	06/01/2005		2005	6	1	0	0	0	0				20181108191339
1107	06/01/2005		2005	6	1	0	0	0	0				20181108191339
1108	06/01/2005		2005	6	1	0	0	0	0				20181108191339
1109	06/01/2005		2005	6	1	0	0	0	0				20181108191339
1110	06/01/2005		2005	6	1	0	0	0	0				20181108191339
1111	06/01/2005		2005	6	1	0	0	0	0				20181108191339
1112	06/01/2005		2005	6	1	0	0	0	0				20181108191339
1113	06/01/2005		2005	6	1	0	0	0	0				20181108191339
1114	06/01/2005		2005	6	1	0	0	0	0				20181108191339
1115	06/01/2005		2005	6	1	0	0	0	0				20181108191339
1116	06/01/2005		2005	6	1	0	0	0	0				20181108191339
1117	06/01/2005		2005	6	1	0	0	0	0				20181108191339
1118	06/01/2005		2005	6	1	0	0	0	0				20181108191339
1119	06/01/2005		2005	6	1	0	0	0	0				20181108191339
1120	06/01/2005		2005	6	1	0	0	0	0				20181108191339
1121	06/01/2005		2005	6	1	0	0	0	0				20181108191339
1122	06/01/2005		2005	6	1	0	0	0	0				20181108191339
1123	06/01/2005		2005	6	1	0	0	0	0				20181108191339
1125	06/01/2005		2005	6	1	0	0	0	0				20181108191339
1126	06/01/2005		2005	6	1	0	0	0	0				20181108191339
1127	06/01/2005		2005	6	1	0	0	0	0				20181108191339
1128	06/01/2005		2005	6	1	0	0	0	0				20181108191339
1129	06/01/2005		2005	6	1	0	0	0	0				20181108191339
1130	06/01/2005		2005	6	1	0	0	0	0				20181108191339
1131	06/01/2005		2005	6	1	0	0	0	0				20181108191339
1132	06/01/2005		2005	6	1	0	0	0	0				20181108191339
1133	06/01/2005		2005	6	1	0	0	0	0				20181108191339
1134	06/01/2005		2005	6	1	0	0	0	0				20181108191339
1135	06/01/2005		2005	6	1	0	0	0	0				20181108191339
1136	06/01/2005		2005	6	1	0	0	0	0				20181108191339
1137	06/01/2005		2005	6	1	0	0	0	0				20181108191339
1138	06/01/2005		2005	6	1	0	0	0	0				20181108191339
1139	06/01/2005		2005	6	1	0	0	0	0				20181108191339
1140	06/01/2005		2005	6	1	0	0	0	0				20181108191339
1141	06/01/2005		2005	6	1	0	0	0	0				20181108191339
1142	06/01/2005		2005	6	1	0	0	0	0				20181108191339
1143	06/01/2005		2005	6	1	0	0	0	0				20181108191339
1144	06/01/2005		2005	6	1	0	0	0	0				20181108191339
1147	06/01/2005		2005	6	1	0	0	0	0				20181108191339
1148	06/01/2005		2005	6	1	0	0	0	0				20181108191339
1149	06/01/2005		2005	6	1	0	0	0	0				20181108191339
1150	06/01/2005		2005	6	1	0	0	0	0				20181108191339
1151	06/01/2005		2005	6	1	0	0	0	0				20181108191339
1152	06/01/2005		2005	6	1	0	0	0	0				20181108191339
1153	06/01/2005		2005	6	1	0	0	0	0				20181108191339
1154	06/01/2005		2005	6	1	0	0	0	0				20181108191339
1155	06/01/2005		2005	6	1	0	0	0	0				20181108191339
1156	06/01/2005		2005	6	1	0	0	0	0				20181108191339
1158	06/01/2005		2005	6	1	0	0	0	0				20181108191339
1159	06/01/2005		2005	6	1	0	0	0	0				20181108191339
1160	06/01/2005		2005	6	1	0	0	0	0				20181108191339
1161	06/01/2005		2005	6	1	0	0	0	0				20181108191339
1163	06/01/2005		2005	6	1	0	0	0	0				20181108191339
1164	06/01/2005		2005	6	1	0	0	0	0				20181108191339
1165	06/01/2005		2005	6	1	0	0	0	0				20181108191339
1166	06/01/2005		2005	6	1	0	0	0	0				20181108191339
1167	06/01/2005		2005	6	1	0	0	0	0				20181108191339
1168	06/01/2005		2005	6	1	0	0	0	0				20181108191339
1169	06/01/2005		2005	6	1	0	0	0	0				20181108191339
1170	06/01/2005		2005	6	1	0	0	0	0				20181108191339
1171	06/01/2005		2005	6	1	0	0	0	0				20181108191339
1172	06/01/2005		2005	6	1	0	0	0	0				20181108191339
1173	06/01/2005		2005	6	1	0	0	0	0				20181108191339
1174	06/01/2005		2005	6	1	0	0	0	0				20181108191339
1175	06/01/2005		2005	6	1	0	0	0	0				20181108191339
1176	06/01/2005		2005	6	1	0	0	0	0				20181108191339
1177	06/01/2005		2005	6	1	0	0	0	0				20181108191339
1178	06/01/2005		2005	6	1	0	0	0	0				20181108191339
1179	06/01/2005		2005	6	1	0	0	0	0				20181108191339
1180	06/01/2005		2005	6	1	0	0	0	0				20181108191339
1181	06/01/2005		2005	6	1	0	0	0	0				20181108191339
1182	06/01/2005		2005	6	1	0	0	0	0				20181108191339
1183	06/01/2005		2005	6	1	0	0	0	0				20181108191339
1184	06/01/2005		2005	6	1	0	0	0	0				20181108191339
1185	06/01/2005		2005	6	1	0	0	0	0				20181108191339
1186	06/01/2005		2005	6	1	0	0	0	0				20181108191339
1187	06/01/2005		2005	6	1	0	0	0	0				20181108191339
1188	06/01/2005		2005	6	1	0	0	0	0				20181108191339
1189	06/01/2005		2005	6	1	0	0	0	0				20181108191339
1190	06/01/2005		2005	6	1	0	0	0	0				20181108191339
1191	06/01/2005		2005	6	1	0	0	0	0				20181108191339
1192	06/01/2005		2005	6	1	0	0	0	0				20181108191339
1193	06/01/2005		2005	6	1	0	0	0	0				20181108191339
1194	06/01/2005		2005	6	1	0	0	0	0				20181108191339
1195	06/01/2005		2005	6	1	0	0	0	0				20181108191339
1196	06/01/2005		2005	6	1	0	0	0	0				20181108191339
1197	06/01/2005		2005	6	1	0	0	0	0				20181108191339
1198	06/01/2005		2005	6	1	0	0	0	0				20181108191339
1199	06/01/2005		2005	6	1	0	0	0	0				20181108191339
1200	06/01/2005		2005	6	1	0	0	0	0				20181108191339
1201	06/01/2005		2005	6	1	0	0	0	0				20181108191339
1202	06/01/2005		2005	6	1	0	0	0	0				20181108191339
1203	06/01/2005		2005	6	1	0	0	0	0				20181108191339
1204	06/01/2005		2005	6	1	0	0	0	0				20181108191339
1205	06/01/2005		2005	6	1	0	0	0	0				20181108191339
1206	06/01/2005		2005	6	1	0	0	0	0				20181108191339
1207	06/01/2005		2005	6	1	0	0	0	0				20181108191339
1208	06/01/2005		2005	6	1	0	0	0	0				20181108191339
1209	06/01/2005		2005	6	1	0	0	0	0				20181108191339
1210	06/01/2005		2005	6	1	0	0	0	0				20181108191339
1211	06/01/2005		2005	6	1	0	0	0	0				20181108191339
1212	06/01/2005		2005	6	1	0	0	0	0				20181108191339
1213	06/01/2005		2005	6	1	0	0	0	0				20181108191339
1214	06/01/2005		2005	6	1	0	0	0	0				20181108191339
1215	06/01/2005		2005	6	1	0	0	0	0				20181108191339
1216	06/01/2005		2005	6	1	0	0	0	0				20181108191339
1217	06/01/2005		2005	6	1	0	0	0	0				20181108191339
1218	06/01/2005		2005	6	1	0	0	0	0				20181108191339
1219	06/01/2005		2005	6	1	0	0	0	0				20181108191339
1220	06/01/2005		2005	6	1	0	0	0	0				20181108191339
1221	06/01/2005		2005	6	1	0	0	0	0				20181108191339
1222	06/01/2005		2005	6	1	0	0	0	0				20181108191339
1223	06/01/2005		2005	6	1	0	0	0	0				20181108191339
1224	06/01/2005		2005	6	1	0	0	0	0				20181108191339
1225	06/01/2005		2005	6	1	0	0	0	0				20181108191339
1226	06/01/2005		2005	6	1	0	0	0	0				20181108191339
1227	06/01/2005		2005	6	1	0	0	0	0				20181108191339
1228	06/01/2005		2005	6	1	0	0	0	0				20181108191339
1230	06/01/2005		2005	6	1	0	0	0	0				20181108191339
1231	06/01/2005		2005	6	1	0	0	0	0				20181108191339
1232	06/01/2005		2005	6	1	0	0	0	0				20181108191339
1233	06/01/2005		2005	6	1	0	0	0	0				20181108191339
1234	06/01/2005		2005	6	1	0	0	0	0				20181108191339
1235	06/01/2005		2005	6	1	0	0	0	0				20181108191339
1236	06/01/2005		2005	6	1	0	0	0	0				20181108191339
1237	06/01/2005		2005	6	1	0	0	0	0				20181108191339
1238	06/01/2005		2005	6	1	0	0	0	0				20181108191339
1239	06/01/2005		2005	6	1	0	0	0	0				20181108191339
1240	06/01/2005		2005	6	1	0	0	0	0				20181108191339
1241	06/01/2005		2005	6	1	0	0	0	0				20181108191339
1242	06/01/2005		2005	6	1	0	0	0	0				20181108191339
1243	06/01/2005		2005	6	1	0	0	0	0				20181108191339
1245	06/01/2005		2005	6	1	0	0	0	0				20181108191339
1246	06/01/2005		2005	6	1	0	0	0	0				20181108191339
1247	06/01/2005		2005	6	1	0	0	0	0				20181108191339
1248	06/02/2005		2005	6	2	0	0	0	0				20181108191339
1249	06/02/2005		2005	6	2	0	0	0	0				20181108191339
1250	06/02/2005		2005	6	2	0	0	0	0				20181108191339
1251	06/02/2005		2005	6	2	0	0	0	0				20181108191339
1253	06/02/2005		2005	6	2	0	0	0	0				20181108191339
1254	06/02/2005		2005	6	2	0	0	0	0				20181108191339
1255	06/02/2005		2005	6	2	0	0	0	0				20181108191339
1256	06/02/2005		2005	6	2	0	0	0	0				20181108191339
1257	06/02/2005		2005	6	2	0	0	0	0				20181108191339
1258	06/02/2005		2005	6	2	0	0	0	0				20181108191339
1259	06/02/2005		2005	6	2	0	0	0	0				20181108191339
1260	06/02/2005		2005	6	2	0	0	0	0				20181108191339
1262	06/02/2005		2005	6	2	0	0	0	0				20181108191339
1263	06/02/2005		2005	6	2	0	0	0	0				20181108191339
1264	06/02/2005		2005	6	2	0	0	0	0				20181108191339
1265	06/02/2005		2005	6	2	0	0	0	0				20181108191339
1266	06/02/2005		2005	6	2	0	0	0	0				20181108191339
1267	06/02/2005		2005	6	2	0	0	0	0				20181108191339
1268	06/02/2005		2005	6	2	0	0	0	0				20181108191339
1269	06/02/2005		2005	6	2	0	0	0	0				20181108191339
1270	06/02/2005		2005	6	2	0	0	0	0				20181108191339
1271	06/02/2005		2005	6	2	0	0	0	0				20181108191339
1272	06/02/2005		2005	6	2	0	0	0	0				20181108191339
1273	06/02/2005		2005	6	2	0	0	0	0				20181108191339
1274	06/02/2005		2005	6	2	0	0	0	0				20181108191339
1275	06/02/2005		2005	6	2	0	0	0	0				20181108191339
1276	06/02/2005		2005	6	2	0	0	0	0				20181108191339
1277	06/02/2005		2005	6	2	0	0	0	0				20181108191339
1278	06/02/2005		2005	6	2	0	0	0	0				20181108191339
1279	06/02/2005		2005	6	2	0	0	0	0				20181108191339
1280	06/02/2005		2005	6	2	0	0	0	0				20181108191339
1281	06/02/2005		2005	6	2	0	0	0	0				20181108191339
1282	06/02/2005		2005	6	2	0	0	0	0				20181108191339
1283	06/02/2005		2005	6	2	0	0	0	0				20181108191339
1284	06/02/2005		2005	6	2	0	0	0	0				20181108191339
1285	06/02/2005		2005	6	2	0	0	0	0				20181108191339
1286	06/02/2005		2005	6	2	0	0	0	0				20181108191339
1287	06/02/2005		2005	6	2	0	0	0	0				20181108191339
1288	06/02/2005		2005	6	2	0	0	0	0				20181108191339
1289	06/02/2005		2005	6	2	0	0	0	0				20181108191339
1290	06/02/2005		2005	6	2	0	0	0	0				20181108191339
1291	06/02/2005		2005	6	2	0	0	0	0				20181108191339
1292	06/02/2005		2005	6	2	0	0	0	0				20181108191339
1293	06/02/2005		2005	6	2	0	0	0	0				20181108191339
1294	06/02/2005		2005	6	2	0	0	0	0				20181108191339
1295	06/02/2005		2005	6	2	0	0	0	0				20181108191339
1296	06/02/2005		2005	6	2	0	0	0	0				20181108191339
1297	06/02/2005		2005	6	2	0	0	0	0				20181108191339
1298	06/02/2005		2005	6	2	0	0	0	0				20181108191339
1299	06/02/2005		2005	6	2	0	0	0	0				20181108191339
1300	06/02/2005		2005	6	2	0	0	0	0				20181108191339
1301	06/02/2005		2005	6	2	0	0	0	0				20181108191339
1302	06/02/2005		2005	6	2	0	0	0	0				20181108191339
1303	06/02/2005		2005	6	2	0	0	0	0				20181108191339
1304	06/02/2005		2005	6	2	0	0	0	0				20181108191339
1305	06/02/2005		2005	6	2	0	0	0	0				20181108191339
1306	06/02/2005		2005	6	2	0	0	0	0				20181108191339
1307	06/02/2005		2005	6	2	0	0	0	0				20181108191339
1309	06/02/2005		2005	6	2	0	0	0	0				20181108191339
1310	06/02/2005		2005	6	2	0	0	0	0				20181108191339
1311	06/02/2005		2005	6	2	0	0	0	0				20181108191339
1312	06/02/2005		2005	6	2	0	0	0	0				20181108191339
1313	06/02/2005		2005	6	2	0	0	0	0				20181108191339
1314	06/02/2005		2005	6	2	0	0	0	0				20181108191339
1315	06/02/2005		2005	6	2	0	0	0	0				20181108191339
1316	06/02/2005		2005	6	2	0	0	0	0				20181108191339
1317	06/02/2005		2005	6	2	0	0	0	0				20181108191339
1318	06/08/2005		2005	6	8	0	0	0	0				20181108191339
1319	06/08/2005		2005	6	8	0	0	0	0				20181108191339
1320	06/08/2005		2005	6	8	0	0	0	0				20181108191339
1321	06/08/2005		2005	6	8	0	0	0	0				20181108191339
1322	06/08/2005		2005	6	8	0	0	0	0				20181108191339
1324	06/08/2005		2005	6	8	0	0	0	0				20181108191339
1325	06/08/2005		2005	6	8	0	0	0	0				20181108191339
1326	06/08/2005		2005	6	8	0	0	0	0				20181108191339
1327	06/08/2005		2005	6	8	0	0	0	0				20181108191339
1328	06/08/2005		2005	6	8	0	0	0	0				20181108191339
1329	06/08/2005		2005	6	8	0	0	0	0				20181108191339
1330	06/08/2005		2005	6	8	0	0	0	0				20181108191339
1331	06/08/2005		2005	6	8	0	0	0	0				20181108191339
1332	06/08/2005		2005	6	8	0	0	0	0				20181108191339
1333	06/08/2005		2005	6	8	0	0	0	0				20181108191339
1334	06/08/2005		2005	6	8	0	0	0	0				20181108191339
1335	06/08/2005		2005	6	8	0	0	0	0				20181108191339
1336	06/08/2005		2005	6	8	0	0	0	0				20181108191339
1337	06/08/2005		2005	6	8	0	0	0	0				20181108191339
1338	06/08/2005		2005	6	8	0	0	0	0				20181108191339
1339	06/08/2005		2005	6	8	0	0	0	0				20181108191339
1340	06/08/2005		2005	6	8	0	0	0	0				20181108191339
1341	06/08/2005		2005	6	8	0	0	0	0				20181108191339
1342	06/08/2005		2005	6	8	0	0	0	0				20181108191339
1343	06/08/2005		2005	6	8	0	0	0	0				20181108191339
1344	06/08/2005		2005	6	8	0	0	0	0				20181108191339
1345	06/08/2005		2005	6	8	0	0	0	0				20181108191339
1346	06/08/2005		2005	6	8	0	0	0	0				20181108191339
1347	06/08/2005		2005	6	8	0	0	0	0				20181108191339
1348	06/08/2005		2005	6	8	0	0	0	0				20181108191339
1349	06/08/2005		2005	6	8	0	0	0	0				20181108191339
1350	06/08/2005		2005	6	8	0	0	0	0				20181108191339
1351	06/08/2005		2005	6	8	0	0	0	0				20181108191339
1352	06/08/2005		2005	6	8	0	0	0	0				20181108191339
1353	06/08/2005		2005	6	8	0	0	0	0				20181108191339
1354	06/08/2005		2005	6	8	0	0	0	0				20181108191339
1355	06/08/2005		2005	6	8	0	0	0	0				20181108191339
1356	06/08/2005		2005	6	8	0	0	0	0				20181108191339
1357	06/08/2005		2005	6	8	0	0	0	0				20181108191339
1358	06/08/2005		2005	6	8	0	0	0	0				20181108191339
1359	06/08/2005		2005	6	8	0	0	0	0				20181108191339
1360	06/08/2005		2005	6	8	0	0	0	0				20181108191339
1361	06/08/2005		2005	6	8	0	0	0	0				20181108191339
1362	06/08/2005		2005	6	8	0	0	0	0				20181108191339
1363	06/08/2005		2005	6	8	0	0	0	0				20181108191339
1364	06/08/2005		2005	6	8	0	0	0	0				20181108191339
1365	06/08/2005		2005	6	8	0	0	0	0				20181108191339
1366	06/08/2005		2005	6	8	0	0	0	0				20181108191339
1367	06/08/2005		2005	6	8	0	0	0	0				20181108191339
1368	06/08/2005		2005	6	8	0	0	0	0				20181108191339
1369	06/08/2005		2005	6	8	0	0	0	0				20181108191339
1370	06/08/2005		2005	6	8	0	0	0	0				20181108191339
1371	06/08/2005		2005	6	8	0	0	0	0				20181108191339
1372	06/08/2005		2005	6	8	0	0	0	0				20181108191339
1373	06/08/2005		2005	6	8	0	0	0	0				20181108191340
1374	06/08/2005		2005	6	8	0	0	0	0				20181108191340
1375	06/08/2005		2005	6	8	0	0	0	0				20181108191340
1376	06/08/2005		2005	6	8	0	0	0	0				20181108191340
1377	06/08/2005		2005	6	8	0	0	0	0				20181108191340
1378	06/08/2005		2005	6	8	0	0	0	0				20181108191340
1379	06/08/2005		2005	6	8	0	0	0	0				20181108191340
1380	06/08/2005		2005	6	8	0	0	0	0				20181108191340
1381	06/08/2005		2005	6	8	0	0	0	0				20181108191340
1382	06/08/2005		2005	6	8	0	0	0	0				20181108191340
1383	06/08/2005		2005	6	8	0	0	0	0				20181108191340
1384	06/08/2005		2005	6	8	0	0	0	0				20181108191340
1385	06/08/2005		2005	6	8	0	0	0	0				20181108191340
1386	06/08/2005		2005	6	8	0	0	0	0				20181108191340
1387	06/08/2005		2005	6	8	0	0	0	0				20181108191340
1388	06/08/2005		2005	6	8	0	0	0	0				20181108191340
1389	06/08/2005		2005	6	8	0	0	0	0				20181108191340
1390	06/08/2005		2005	6	8	0	0	0	0				20181108191340
1391	06/08/2005		2005	6	8	0	0	0	0				20181108191340
1392	06/08/2005		2005	6	8	0	0	0	0				20181108191340
1393	06/08/2005		2005	6	8	0	0	0	0				20181108191340
1394	06/08/2005		2005	6	8	0	0	0	0				20181108191340
1395	06/08/2005		2005	6	8	0	0	0	0				20181108191340
1396	06/08/2005		2005	6	8	0	0	0	0				20181108191340
1397	06/08/2005		2005	6	8	0	0	0	0				20181108191340
1398	06/08/2005		2005	6	8	0	0	0	0				20181108191340
1399	06/08/2005		2005	6	8	0	0	0	0				20181108191340
1400	06/08/2005		2005	6	8	0	0	0	0				20181108191340
1401	06/08/2005		2005	6	8	0	0	0	0				20181108191340
1402	06/08/2005		2005	6	8	0	0	0	0				20181108191340
1403	06/08/2005		2005	6	8	0	0	0	0				20181108191340
1404	06/08/2005		2005	6	8	0	0	0	0				20181108191340
1405	06/08/2005		2005	6	8	0	0	0	0				20181108191340
1406	06/08/2005		2005	6	8	0	0	0	0				20181108191340
1407	06/08/2005		2005	6	8	0	0	0	0				20181108191340
1408	06/08/2005		2005	6	8	0	0	0	0				20181108191340
1409	06/08/2005		2005	6	8	0	0	0	0				20181108191340
1410	06/08/2005		2005	6	8	0	0	0	0				20181108191340
1411	06/08/2005		2005	6	8	0	0	0	0				20181108191340
1412	06/08/2005		2005	6	8	0	0	0	0				20181108191340
1413	06/08/2005		2005	6	8	0	0	0	0				20181108191340
1414	06/08/2005		2005	6	8	0	0	0	0				20181108191340
1415	06/08/2005		2005	6	8	0	0	0	0				20181108191340
1416	06/08/2005		2005	6	8	0	0	0	0				20181108191340
1417	06/08/2005		2005	6	8	0	0	0	0				20181108191340
1418	06/08/2005		2005	6	8	0	0	0	0				20181108191340
1419	06/08/2005		2005	6	8	0	0	0	0				20181108191340
1420	06/08/2005		2005	6	8	0	0	0	0				20181108191340
1421	06/08/2005		2005	6	8	0	0	0	0				20181108191340
1423	06/08/2005		2005	6	8	0	0	0	0				20181108191340
1424	06/08/2005		2005	6	8	0	0	0	0				20181108191340
1425	06/08/2005		2005	6	8	0	0	0	0				20181108191340
1426	06/08/2005		2005	6	8	0	0	0	0				20181108191340
1427	06/09/2005		2005	6	9	0	0	0	0				20181108191340
1428	06/09/2005		2005	6	9	0	0	0	0				20181108191340
1429	06/09/2005		2005	6	9	0	0	0	0				20181108191340
1430	06/09/2005		2005	6	9	0	0	0	0				20181108191340
1431	06/09/2005		2005	6	9	0	0	0	0				20181108191340
1432	06/09/2005		2005	6	9	0	0	0	0				20181108191340
1433	06/09/2005		2005	6	9	0	0	0	0				20181108191340
1434	06/09/2005		2005	6	9	0	0	0	0				20181108191340
1435	06/09/2005		2005	6	9	0	0	0	0				20181108191340
1436	06/09/2005		2005	6	9	0	0	0	0				20181108191340
1437	06/09/2005		2005	6	9	0	0	0	0				20181108191340
1439	06/09/2005		2005	6	9	0	0	0	0				20181108191340
1440	06/09/2005		2005	6	9	0	0	0	0				20181108191340
1441	06/09/2005		2005	6	9	0	0	0	0				20181108191340
1442	06/09/2005		2005	6	9	0	0	0	0				20181108191340
1443	06/09/2005		2005	6	9	0	0	0	0				20181108191340
1444	06/09/2005		2005	6	9	0	0	0	0				20181108191340
1445	06/09/2005		2005	6	9	0	0	0	0				20181108191340
1446	06/09/2005		2005	6	9	0	0	0	0				20181108191340
1448	06/09/2005		2005	6	9	0	0	0	0				20181108191340
1449	06/09/2005		2005	6	9	0	0	0	0				20181108191340
1450	06/09/2005		2005	6	9	0	0	0	0				20181108191340
1451	06/09/2005		2005	6	9	0	0	0	0				20181108191340
1452	06/09/2005		2005	6	9	0	0	0	0				20181108191340
1453	06/09/2005		2005	6	9	0	0	0	0				20181108191340
1454	06/09/2005		2005	6	9	0	0	0	0				20181108191340
1455	06/09/2005		2005	6	9	0	0	0	0				20181108191340
1456	06/09/2005		2005	6	9	0	0	0	0				20181108191340
1457	06/09/2005		2005	6	9	0	0	0	0				20181108191340
1458	06/09/2005		2005	6	9	0	0	0	0				20181108191340
1459	06/09/2005		2005	6	9	0	0	0	0				20181108191340
1461	06/09/2005		2005	6	9	0	0	0	0				20181108191340
1462	06/09/2005		2005	6	9	0	0	0	0				20181108191340
1463	06/09/2005		2005	6	9	0	0	0	0				20181108191340
1464	06/09/2005		2005	6	9	0	0	0	0				20181108191340
1465	06/09/2005		2005	6	9	0	0	0	0				20181108191340
1466	06/09/2005		2005	6	9	0	0	0	0				20181108191340
1467	06/09/2005		2005	6	9	0	0	0	0				20181108191340
1468	06/09/2005		2005	6	9	0	0	0	0				20181108191340
1469	06/09/2005		2005	6	9	0	0	0	0				20181108191340
1470	06/09/2005		2005	6	9	0	0	0	0				20181108191340
1471	06/09/2005		2005	6	9	0	0	0	0				20181108191340
1472	06/09/2005		2005	6	9	0	0	0	0				20181108191340
1473	06/09/2005		2005	6	9	0	0	0	0				20181108191340
1474	06/09/2005		2005	6	9	0	0	0	0				20181108191340
1475	06/09/2005		2005	6	9	0	0	0	0				20181108191340
1476	06/09/2005		2005	6	9	0	0	0	0				20181108191340
1477	06/09/2005		2005	6	9	0	0	0	0				20181108191340
1478	06/09/2005		2005	6	9	0	0	0	0				20181108191340
1479	06/09/2005		2005	6	9	0	0	0	0				20181108191340
1480	06/09/2005		2005	6	9	0	0	0	0				20181108191340
1481	06/09/2005		2005	6	9	0	0	0	0				20181108191340
1482	06/09/2005		2005	6	9	0	0	0	0				20181108191340
1483	06/09/2005		2005	6	9	0	0	0	0				20181108191340
1484	06/09/2005		2005	6	9	0	0	0	0				20181108191340
1486	06/09/2005		2005	6	9	0	0	0	0				20181108191340
1487	06/09/2005		2005	6	9	0	0	0	0				20181108191340
1488	06/09/2005		2005	6	9	0	0	0	0				20181108191340
1489	06/09/2005		2005	6	9	0	0	0	0				20181108191340
1490	06/09/2005		2005	6	9	0	0	0	0				20181108191340
1491	06/09/2005		2005	6	9	0	0	0	0				20181108191340
1492	06/09/2005		2005	6	9	0	0	0	0				20181108191340
1493	06/09/2005		2005	6	9	0	0	0	0				20181108191340
1494	06/09/2005		2005	6	9	0	0	0	0				20181108191340
1495	06/09/2005		2005	6	9	0	0	0	0				20181108191340
1497	06/09/2005		2005	6	9	0	0	0	0				20181108191340
1498	06/09/2005		2005	6	9	0	0	0	0				20181108191340
1499	06/09/2005		2005	6	9	0	0	0	0				20181108191340
1500	06/09/2005		2005	6	9	0	0	0	0				20181108191340
1501	06/09/2005		2005	6	9	0	0	0	0				20181108191340
1502	06/09/2005		2005	6	9	0	0	0	0				20181108191340
1503	06/09/2005		2005	6	9	0	0	0	0				20181108191340
1504	06/09/2005		2005	6	9	0	0	0	0				20181108191340
1505	06/09/2005		2005	6	9	0	0	0	0				20181108191340
1506	06/09/2005		2005	6	9	0	0	0	0				20181108191340
1507	06/09/2005		2005	6	9	0	0	0	0				20181108191340
1508	06/09/2005		2005	6	9	0	0	0	0				20181108191340
1509	06/09/2005		2005	6	9	0	0	0	0				20181108191340
1510	06/09/2005		2005	6	9	0	0	0	0				20181108191340
1511	06/09/2005		2005	6	9	0	0	0	0				20181108191340
1512	06/09/2005		2005	6	9	0	0	0	0				20181108191340
1513	06/09/2005		2005	6	9	0	0	0	0				20181108191340
1514	06/09/2005		2005	6	9	0	0	0	0				20181108191340
1515	06/09/2005		2005	6	9	0	0	0	0				20181108191340
1516	06/09/2005		2005	6	9	0	0	0	0				20181108191340
1517	06/09/2005		2005	6	9	0	0	0	0				20181108191340
1519	06/09/2005		2005	6	9	0	0	0	0				20181108191340
1520	06/09/2005		2005	6	9	0	0	0	0				20181108191340
1521	06/09/2005		2005	6	9	0	0	0	0				20181108191340
1522	06/09/2005		2005	6	9	0	0	0	0				20181108191340
1523	06/09/2005		2005	6	9	0	0	0	0				20181108191340
1524	06/09/2005		2005	6	9	0	0	0	0				20181108191340
1525	06/09/2005		2005	6	9	0	0	0	0				20181108191340
1526	06/09/2005		2005	6	9	0	0	0	0				20181108191340
1527	06/09/2005		2005	6	9	0	0	0	0				20181108191340
1529	06/09/2005		2005	6	9	0	0	0	0				20181108191340
1530	06/09/2005		2005	6	9	0	0	0	0				20181108191340
1531	06/09/2005		2005	6	9	0	0	0	0				20181108191340
1532	06/09/2005		2005	6	9	0	0	0	0				20181108191340
1533	06/09/2005		2005	6	9	0	0	0	0				20181108191340
1534	06/09/2005		2005	6	9	0	0	0	0				20181108191340
1535	06/09/2005		2005	6	9	0	0	0	0				20181108191340
1536	06/09/2005		2005	6	9	0	0	0	0				20181108191340
1537	06/09/2005		2005	6	9	0	0	0	0				20181108191340
1538	06/09/2005		2005	6	9	0	0	0	0				20181108191340
1539	06/09/2005		2005	6	9	0	0	0	0				20181108191340
1540	06/09/2005		2005	6	9	0	0	0	0				20181108191340
1541	06/09/2005		2005	6	9	0	0	0	0				20181108191340
1542	06/09/2005		2005	6	9	0	0	0	0				20181108191340
1543	06/09/2005		2005	6	9	0	0	0	0				20181108191340
1544	06/09/2005		2005	6	9	0	0	0	0				20181108191340
1545	06/09/2005		2005	6	9	0	0	0	0				20181108191340
1546	06/09/2005		2005	6	9	0	0	0	0				20181108191340
1547	06/09/2005		2005	6	9	0	0	0	0				20181108191340
1548	06/09/2005		2005	6	9	0	0	0	0				20181108191340
1549	06/09/2005		2005	6	9	0	0	0	0				20181108191340
1550	06/09/2005		2005	6	9	0	0	0	0				20181108191340
1551	06/09/2005		2005	6	9	0	0	0	0				20181108191340
1552	06/09/2005		2005	6	9	0	0	0	0				20181108191340
1553	06/09/2005		2005	6	9	0	0	0	0				20181108191340
1555	06/09/2005		2005	6	9	0	0	0	0				20181108191340
1556	06/09/2005		2005	6	9	0	0	0	0				20181108191340
1557	06/09/2005		2005	6	9	0	0	0	0				20181108191340
1558	06/09/2005		2005	6	9	0	0	0	0				20181108191340
1559	06/09/2005		2005	6	9	0	0	0	0				20181108191340
1560	06/09/2005		2005	6	9	0	0	0	0				20181108191340
1561	06/09/2005		2005	6	9	0	0	0	0				20181108191340
1562	06/09/2005		2005	6	9	0	0	0	0				20181108191340
1563	06/09/2005		2005	6	9	0	0	0	0				20181108191340
1564	06/09/2005		2005	6	9	0	0	0	0				20181108191340
1565	06/09/2005		2005	6	9	0	0	0	0				20181108191340
1566	06/09/2005		2005	6	9	0	0	0	0				20181108191340
1567	06/09/2005		2005	6	9	0	0	0	0				20181108191340
1568	06/09/2005		2005	6	9	0	0	0	0				20181108191340
1569	06/09/2005		2005	6	9	0	0	0	0				20181108191340
1570	06/09/2005		2005	6	9	0	0	0	0				20181108191340
1571	06/09/2005		2005	6	9	0	0	0	0				20181108191340
1572	06/09/2005		2005	6	9	0	0	0	0				20181108191340
1573	06/09/2005		2005	6	9	0	0	0	0				20181108191340
1574	06/09/2005		2005	6	9	0	0	0	0				20181108191340
1575	06/09/2005		2005	6	9	0	0	0	0				20181108191340
1576	06/09/2005		2005	6	9	0	0	0	0				20181108191340
1577	06/09/2005		2005	6	9	0	0	0	0				20181108191340
1578	06/09/2005		2005	6	9	0	0	0	0				20181108191340
1579	06/09/2005		2005	6	9	0	0	0	0				20181108191340
1580	06/09/2005		2005	6	9	0	0	0	0				20181108191340
1581	06/09/2005		2005	6	9	0	0	0	0				20181108191340
1582	06/09/2005		2005	6	9	0	0	0	0				20181108191340
1583	06/09/2005		2005	6	9	0	0	0	0				20181108191340
1584	06/09/2005		2005	6	9	0	0	0	0				20181108191340
1585	06/09/2005		2005	6	9	0	0	0	0				20181108191340
1586	06/09/2005		2005	6	9	0	0	0	0				20181108191340
1587	06/09/2005		2005	6	9	0	0	0	0				20181108191340
1588	06/09/2005		2005	6	9	0	0	0	0				20181108191340
1589	06/09/2005		2005	6	9	0	0	0	0				20181108191340
1590	06/09/2005		2005	6	9	0	0	0	0				20181108191340
1591	06/09/2005		2005	6	9	0	0	0	0				20181108191340
1592	06/09/2005		2005	6	9	0	0	0	0				20181108191340
1593	06/09/2005		2005	6	9	0	0	0	0				20181108191340
1594	06/09/2005		2005	6	9	0	0	0	0				20181108191340
1595	06/09/2005		2005	6	9	0	0	0	0				20181108191340
1596	06/09/2005		2005	6	9	0	0	0	0				20181108191340
1597	06/09/2005		2005	6	9	0	0	0	0				20181108191340
1598	06/09/2005		2005	6	9	0	0	0	0				20181108191340
1599	06/09/2005		2005	6	9	0	0	0	0				20181108191340
1600	06/09/2005		2005	6	9	0	0	0	0				20181108191340
1601	06/09/2005		2005	6	9	0	0	0	0				20181108191340
1602	06/09/2005		2005	6	9	0	0	0	0				20181108191340
1603	06/09/2005		2005	6	9	0	0	0	0				20181108191340
1605	06/09/2005		2005	6	9	0	0	0	0				20181108191340
1606	06/09/2005		2005	6	9	0	0	0	0				20181108191340
1607	06/09/2005		2005	6	9	0	0	0	0				20181108191340
1608	06/09/2005		2005	6	9	0	0	0	0				20181108191340
1609	06/09/2005		2005	6	9	0	0	0	0				20181108191340
1610	06/09/2005		2005	6	9	0	0	0	0				20181108191340
1611	06/09/2005		2005	6	9	0	0	0	0				20181108191340
1612	06/09/2005		2005	6	9	0	0	0	0				20181108191340
1613	06/09/2005		2005	6	9	0	0	0	0				20181108191340
1614	06/09/2005		2005	6	9	0	0	0	0				20181108191340
1615	06/09/2005		2005	6	9	0	0	0	0				20181108191340
1616	06/09/2005		2005	6	9	0	0	0	0				20181108191340
1617	06/09/2005		2005	6	9	0	0	0	0				20181108191340
1618	06/09/2005		2005	6	9	0	0	0	0				20181108191340
1619	06/09/2005		2005	6	9	0	0	0	0				20181108191340
1620	06/09/2005		2005	6	9	0	0	0	0				20181108191340
1621	06/09/2005		2005	6	9	0	0	0	0				20181108191340
1622	06/09/2005		2005	6	9	0	0	0	0				20181108191340
1623	06/09/2005		2005	6	9	0	0	0	0				20181108191340
1624	06/09/2005		2005	6	9	0	0	0	0				20181108191340
1625	06/09/2005		2005	6	9	0	0	0	0				20181108191340
1626	06/09/2005		2005	6	9	0	0	0	0				20181108191340
1627	06/09/2005		2005	6	9	0	0	0	0				20181108191340
1628	06/09/2005		2005	6	9	0	0	0	0				20181108191340
1629	06/09/2005		2005	6	9	0	0	0	0				20181108191340
1630	06/09/2005		2005	6	9	0	0	0	0				20181108191340
1631	06/09/2005		2005	6	9	0	0	0	0				20181108191340
1632	06/09/2005		2005	6	9	0	0	0	0				20181108191340
1633	06/09/2005		2005	6	9	0	0	0	0				20181108191340
1634	06/09/2005		2005	6	9	0	0	0	0				20181108191340
1635	06/09/2005		2005	6	9	0	0	0	0				20181108191340
1636	06/09/2005		2005	6	9	0	0	0	0				20181108191340
1637	06/09/2005		2005	6	9	0	0	0	0				20181108191340
1638	06/09/2005		2005	6	9	0	0	0	0				20181108191340
1639	06/09/2005		2005	6	9	0	0	0	0				20181108191340
1640	06/09/2005		2005	6	9	0	0	0	0				20181108191340
1641	06/09/2005		2005	6	9	0	0	0	0				20181108191340
1642	06/09/2005		2005	6	9	0	0	0	0				20181108191340
1643	06/09/2005		2005	6	9	0	0	0	0				20181108191340
1644	06/09/2005		2005	6	9	0	0	0	0				20181108191340
1645	06/09/2005		2005	6	9	0	0	0	0				20181108191340
1646	06/09/2005		2005	6	9	0	0	0	0				20181108191340
1647	06/09/2005		2005	6	9	0	0	0	0				20181108191340
1648	06/09/2005		2005	6	9	0	0	0	0				20181108191340
1649	06/09/2005		2005	6	9	0	0	0	0				20181108191340
1650	06/09/2005		2005	6	9	0	0	0	0				20181108191340
1651	06/09/2005		2005	6	9	0	0	0	0				20181108191340
1652	06/09/2005		2005	6	9	0	0	0	0				20181108191340
1653	06/09/2005		2005	6	9	0	0	0	0				20181108191340
1654	06/09/2005		2005	6	9	0	0	0	0				20181108191340
1655	06/10/2005		2005	6	10	0	0	0	0				20181108191340
1656	06/10/2005		2005	6	10	0	0	0	0				20181108191340
1657	06/10/2005		2005	6	10	0	0	0	0				20181108191340
1658	06/10/2005		2005	6	10	0	0	0	0				20181108191340
1659	06/10/2005		2005	6	10	0	0	0	0				20181108191340
1660	06/10/2005		2005	6	10	0	0	0	0				20181108191340
1661	06/10/2005		2005	6	10	0	0	0	0				20181108191340
1662	06/10/2005		2005	6	10	0	0	0	0				20181108191340
1663	06/10/2005		2005	6	10	0	0	0	0				20181108191340
1664	06/10/2005		2005	6	10	0	0	0	0				20181108191340
1665	06/10/2005		2005	6	10	0	0	0	0				20181108191340
1666	06/10/2005		2005	6	10	0	0	0	0				20181108191340
1667	06/10/2005		2005	6	10	0	0	0	0				20181108191340
1668	06/10/2005		2005	6	10	0	0	0	0				20181108191340
1669	06/10/2005		2005	6	10	0	0	0	0				20181108191340
1670	06/10/2005		2005	6	10	0	0	0	0				20181108191340
1671	06/10/2005		2005	6	10	0	0	0	0				20181108191340
1672	06/10/2005		2005	6	10	0	0	0	0				20181108191340
1673	06/10/2005		2005	6	10	0	0	0	0				20181108191340
1674	06/10/2005		2005	6	10	0	0	0	0				20181108191340
1675	06/10/2005		2005	6	10	0	0	0	0				20181108191340
1676	06/10/2005		2005	6	10	0	0	0	0				20181108191340
1677	06/10/2005		2005	6	10	0	0	0	0				20181108191340
1678	06/10/2005		2005	6	10	0	0	0	0				20181108191340
1679	06/10/2005		2005	6	10	0	0	0	0				20181108191340
1680	06/10/2005		2005	6	10	0	0	0	0				20181108191340
1681	06/10/2005		2005	6	10	0	0	0	0				20181108191340
1682	06/10/2005		2005	6	10	0	0	0	0				20181108191340
1683	06/10/2005		2005	6	10	0	0	0	0				20181108191340
1684	06/10/2005		2005	6	10	0	0	0	0				20181108191340
1685	06/10/2005		2005	6	10	0	0	0	0				20181108191340
1686	06/10/2005		2005	6	10	0	0	0	0				20181108191340
1687	06/10/2005		2005	6	10	0	0	0	0				20181108191340
1688	06/10/2005		2005	6	10	0	0	0	0				20181108191340
1689	06/10/2005		2005	6	10	0	0	0	0				20181108191340
1690	06/10/2005		2005	6	10	0	0	0	0				20181108191340
1692	06/10/2005		2005	6	10	0	0	0	0				20181108191340
1693	06/10/2005		2005	6	10	0	0	0	0				20181108191340
1694	06/10/2005		2005	6	10	0	0	0	0				20181108191340
1695	06/10/2005		2005	6	10	0	0	0	0				20181108191340
1696	06/10/2005		2005	6	10	0	0	0	0				20181108191340
1697	06/10/2005		2005	6	10	0	0	0	0				20181108191340
1698	06/10/2005		2005	6	10	0	0	0	0				20181108191340
1699	06/10/2005		2005	6	10	0	0	0	0				20181108191340
1700	06/10/2005		2005	6	10	0	0	0	0				20181108191340
1701	06/10/2005		2005	6	10	0	0	0	0				20181108191340
1702	06/10/2005		2005	6	10	0	0	0	0				20181108191340
1703	06/10/2005		2005	6	10	0	0	0	0				20181108191340
1704	06/10/2005		2005	6	10	0	0	0	0				20181108191340
1705	06/10/2005		2005	6	10	0	0	0	0				20181108191340
1706	06/10/2005		2005	6	10	0	0	0	0				20181108191340
1708	06/10/2005		2005	6	10	0	0	0	0				20181108191340
1709	06/10/2005		2005	6	10	0	0	0	0				20181108191340
1710	06/10/2005		2005	6	10	0	0	0	0				20181108191340
1711	06/10/2005		2005	6	10	0	0	0	0				20181108191340
1712	06/10/2005		2005	6	10	0	0	0	0				20181108191340
1713	06/10/2005		2005	6	10	0	0	0	0				20181108191340
1714	06/10/2005		2005	6	10	0	0	0	0				20181108191340
1715	06/10/2005		2005	6	10	0	0	0	0				20181108191340
1716	06/10/2005		2005	6	10	0	0	0	0				20181108191340
1717	06/10/2005		2005	6	10	0	0	0	0				20181108191340
1718	06/10/2005		2005	6	10	0	0	0	0				20181108191340
1719	06/10/2005		2005	6	10	0	0	0	0				20181108191340
1721	06/10/2005		2005	6	10	0	0	0	0				20181108191340
1722	06/10/2005		2005	6	10	0	0	0	0				20181108191340
1723	06/10/2005		2005	6	10	0	0	0	0				20181108191340
1724	06/10/2005		2005	6	10	0	0	0	0				20181108191340
1725	06/10/2005		2005	6	10	0	0	0	0				20181108191340
1726	06/10/2005		2005	6	10	0	0	0	0				20181108191340
1727	06/10/2005		2005	6	10	0	0	0	0				20181108191340
1728	06/10/2005		2005	6	10	0	0	0	0				20181108191340
1729	06/10/2005		2005	6	10	0	0	0	0				20181108191340
1730	06/10/2005		2005	6	10	0	0	0	0				20181108191340
1731	06/10/2005		2005	6	10	0	0	0	0				20181108191340
1732	06/10/2005		2005	6	10	0	0	0	0				20181108191340
1733	06/10/2005		2005	6	10	0	0	0	0				20181108191340
1734	06/10/2005		2005	6	10	0	0	0	0				20181108191340
1735	06/10/2005		2005	6	10	0	0	0	0				20181108191340
1736	06/10/2005		2005	6	10	0	0	0	0				20181108191340
1737	06/10/2005		2005	6	10	0	0	0	0				20181108191340
1738	06/10/2005		2005	6	10	0	0	0	0				20181108191340
1739	06/10/2005		2005	6	10	0	0	0	0				20181108191340
1740	06/10/2005		2005	6	10	0	0	0	0				20181108191340
1741	06/10/2005		2005	6	10	0	0	0	0				20181108191340
1742	06/10/2005		2005	6	10	0	0	0	0				20181108191340
1743	06/10/2005		2005	6	10	0	0	0	0				20181108191340
1744	06/10/2005		2005	6	10	0	0	0	0				20181108191340
1745	06/10/2005		2005	6	10	0	0	0	0				20181108191340
1746	06/10/2005		2005	6	10	0	0	0	0				20181108191340
1747	06/10/2005		2005	6	10	0	0	0	0				20181108191340
1748	06/10/2005		2005	6	10	0	0	0	0				20181108191340
1749	06/10/2005		2005	6	10	0	0	0	0				20181108191341
1750	06/10/2005		2005	6	10	0	0	0	0				20181108191341
1751	06/10/2005		2005	6	10	0	0	0	0				20181108191341
1752	06/10/2005		2005	6	10	0	0	0	0				20181108191341
1753	06/10/2005		2005	6	10	0	0	0	0				20181108191341
1754	06/10/2005		2005	6	10	0	0	0	0				20181108191341
1755	06/10/2005		2005	6	10	0	0	0	0				20181108191341
1756	06/10/2005		2005	6	10	0	0	0	0				20181108191341
1757	06/10/2005		2005	6	10	0	0	0	0				20181108191341
1758	06/10/2005		2005	6	10	0	0	0	0				20181108191341
1759	06/10/2005		2005	6	10	0	0	0	0				20181108191341
1760	06/10/2005		2005	6	10	0	0	0	0				20181108191341
1761	06/10/2005		2005	6	10	0	0	0	0				20181108191341
1762	06/10/2005		2005	6	10	0	0	0	0				20181108191341
1763	06/10/2005		2005	6	10	0	0	0	0				20181108191341
1764	06/10/2005		2005	6	10	0	0	0	0				20181108191341
1765	06/10/2005		2005	6	10	0	0	0	0				20181108191341
1766	06/10/2005		2005	6	10	0	0	0	0				20181108191341
1767	06/10/2005		2005	6	10	0	0	0	0				20181108191341
1768	06/10/2005		2005	6	10	0	0	0	0				20181108191341
1769	06/10/2005		2005	6	10	0	0	0	0				20181108191341
1770	06/10/2005		2005	6	10	0	0	0	0				20181108191341
1771	06/10/2005		2005	6	10	0	0	0	0				20181108191341
1772	06/10/2005		2005	6	10	0	0	0	0				20181108191341
1773	06/10/2005		2005	6	10	0	0	0	0				20181108191341
1774	06/10/2005		2005	6	10	0	0	0	0				20181108191341
1775	06/10/2005		2005	6	10	0	0	0	0				20181108191341
1776	06/10/2005		2005	6	10	0	0	0	0				20181108191341
1777	06/10/2005		2005	6	10	0	0	0	0				20181108191341
1778	06/10/2005		2005	6	10	0	0	0	0				20181108191341
1779	06/10/2005		2005	6	10	0	0	0	0				20181108191341
1780	06/10/2005		2005	6	10	0	0	0	0				20181108191341
1781	06/10/2005		2005	6	10	0	0	0	0				20181108191341
1782	06/10/2005		2005	6	10	0	0	0	0				20181108191341
1783	06/10/2005		2005	6	10	0	0	0	0				20181108191341
1784	06/10/2005		2005	6	10	0	0	0	0				20181108191341
1785	06/10/2005		2005	6	10	0	0	0	0				20181108191341
1786	06/10/2005		2005	6	10	0	0	0	0				20181108191341
1788	06/10/2005		2005	6	10	0	0	0	0				20181108191341
1789	06/10/2005		2005	6	10	0	0	0	0				20181108191341
1790	06/10/2005		2005	6	10	0	0	0	0				20181108191341
1792	06/10/2005		2005	6	10	0	0	0	0				20181108191341
1793	06/10/2005		2005	6	10	0	0	0	0				20181108191341
1794	06/10/2005		2005	6	10	0	0	0	0				20181108191341
1795	06/10/2005		2005	6	10	0	0	0	0				20181108191341
1796	06/10/2005		2005	6	10	0	0	0	0				20181108191341
1797	06/10/2005		2005	6	10	0	0	0	0				20181108191341
1798	06/10/2005		2005	6	10	0	0	0	0				20181108191341
1799	06/10/2005		2005	6	10	0	0	0	0				20181108191341
1800	06/10/2005		2005	6	10	0	0	0	0				20181108191341
1801	06/10/2005		2005	6	10	0	0	0	0				20181108191341
1802	06/10/2005		2005	6	10	0	0	0	0				20181108191341
1803	06/10/2005		2005	6	10	0	0	0	0				20181108191341
1804	06/10/2005		2005	6	10	0	0	0	0				20181108191341
1805	06/10/2005		2005	6	10	0	0	0	0				20181108191341
1806	06/10/2005		2005	6	10	0	0	0	0				20181108191341
1807	06/10/2005		2005	6	10	0	0	0	0				20181108191341
1808	06/10/2005		2005	6	10	0	0	0	0				20181108191341
1809	06/10/2005		2005	6	10	0	0	0	0				20181108191341
1810	06/10/2005		2005	6	10	0	0	0	0				20181108191341
1811	06/11/2005		2005	6	11	0	0	0	0				20181108191341
1812	06/11/2005		2005	6	11	0	0	0	0				20181108191341
1813	06/11/2005		2005	6	11	0	0	0	0				20181108191341
1814	06/11/2005		2005	6	11	0	0	0	0				20181108191341
1815	06/11/2005		2005	6	11	0	0	0	0				20181108191341
1816	06/11/2005		2005	6	11	0	0	0	0				20181108191341
1818	06/11/2005		2005	6	11	0	0	0	0				20181108191341
1819	06/11/2005		2005	6	11	0	0	0	0				20181108191341
1820	06/11/2005		2005	6	11	0	0	0	0				20181108191341
1821	06/12/2005		2005	6	12	0	0	0	0				20181108191341
1822	06/12/2005		2005	6	12	0	0	0	0				20181108191341
1823	06/13/2005		2005	6	13	0	0	0	0				20181108191341
1824	06/13/2005		2005	6	13	0	0	0	0				20181108191341
1825	06/13/2005		2005	6	13	0	0	0	0				20181108191341
1826	06/13/2005		2005	6	13	0	0	0	0				20181108191341
1827	06/13/2005		2005	6	13	0	0	0	0				20181108191341
1828	06/13/2005		2005	6	13	0	0	0	0				20181108191341
1829	06/13/2005		2005	6	13	0	0	0	0				20181108191341
1830	06/13/2005		2005	6	13	0	0	0	0				20181108191341
1831	06/13/2005		2005	6	13	0	0	0	0				20181108191341
1832	06/13/2005		2005	6	13	0	0	0	0				20181108191341
1833	06/13/2005		2005	6	13	0	0	0	0				20181108191341
1834	06/13/2005		2005	6	13	0	0	0	0				20181108191341
1836	06/13/2005		2005	6	13	0	0	0	0				20181108191341
1837	06/13/2005		2005	6	13	0	0	0	0				20181108191341
1838	06/13/2005		2005	6	13	0	0	0	0				20181108191341
1839	06/13/2005		2005	6	13	0	0	0	0				20181108191341
1840	06/13/2005		2005	6	13	0	0	0	0				20181108191341
1841	06/13/2005		2005	6	13	0	0	0	0				20181108191341
1842	06/13/2005		2005	6	13	0	0	0	0				20181108191341
1843	06/13/2005		2005	6	13	0	0	0	0				20181108191341
1844	06/13/2005		2005	6	13	0	0	0	0				20181108191341
1845	06/13/2005		2005	6	13	0	0	0	0				20181108191341
1846	06/13/2005		2005	6	13	0	0	0	0				20181108191341
1847	06/13/2005		2005	6	13	0	0	0	0				20181108191341
1848	06/13/2005		2005	6	13	0	0	0	0				20181108191341
1850	06/13/2005		2005	6	13	0	0	0	0				20181108191341
1851	06/13/2005		2005	6	13	0	0	0	0				20181108191341
1852	06/13/2005		2005	6	13	0	0	0	0				20181108191341
1853	06/13/2005		2005	6	13	0	0	0	0				20181108191341
1854	06/13/2005		2005	6	13	0	0	0	0				20181108191341
1855	06/13/2005		2005	6	13	0	0	0	0				20181108191341
1856	06/13/2005		2005	6	13	0	0	0	0				20181108191341
1857	06/13/2005		2005	6	13	0	0	0	0				20181108191341
1858	06/13/2005		2005	6	13	0	0	0	0				20181108191341
1859	06/13/2005		2005	6	13	0	0	0	0				20181108191341
1861	06/13/2005		2005	6	13	0	0	0	0				20181108191341
1862	06/13/2005		2005	6	13	0	0	0	0				20181108191341
1863	06/13/2005		2005	6	13	0	0	0	0				20181108191341
1865	06/13/2005		2005	6	13	0	0	0	0				20181108191341
1866	06/13/2005		2005	6	13	0	0	0	0				20181108191341
1867	06/13/2005		2005	6	13	0	0	0	0				20181108191341
1868	06/13/2005		2005	6	13	0	0	0	0				20181108191341
1870	06/13/2005		2005	6	13	0	0	0	0				20181108191341
1871	06/13/2005		2005	6	13	0	0	0	0				20181108191341
1872	06/13/2005		2005	6	13	0	0	0	0				20181108191341
1873	06/13/2005		2005	6	13	0	0	0	0				20181108191341
1874	06/13/2005		2005	6	13	0	0	0	0				20181108191341
1875	06/13/2005		2005	6	13	0	0	0	0				20181108191341
1876	06/13/2005		2005	6	13	0	0	0	0				20181108191341
1877	06/13/2005		2005	6	13	0	0	0	0				20181108191341
1878	06/13/2005		2005	6	13	0	0	0	0				20181108191341
1879	06/13/2005		2005	6	13	0	0	0	0				20181108191341
1880	06/13/2005		2005	6	13	0	0	0	0				20181108191341
1881	06/13/2005		2005	6	13	0	0	0	0				20181108191341
1882	06/13/2005		2005	6	13	0	0	0	0				20181108191341
1883	06/13/2005		2005	6	13	0	0	0	0				20181108191341
1884	06/13/2005		2005	6	13	0	0	0	0				20181108191341
1885	06/13/2005		2005	6	13	0	0	0	0				20181108191341
1886	06/13/2005		2005	6	13	0	0	0	0				20181108191341
1887	06/13/2005		2005	6	13	0	0	0	0				20181108191341
1888	06/13/2005		2005	6	13	0	0	0	0				20181108191341
1889	06/13/2005		2005	6	13	0	0	0	0				20181108191341
1890	06/13/2005		2005	6	13	0	0	0	0				20181108191341
1891	06/13/2005		2005	6	13	0	0	0	0				20181108191341
1892	06/13/2005		2005	6	13	0	0	0	0				20181108191341
1893	06/13/2005		2005	6	13	0	0	0	0				20181108191341
1894	06/13/2005		2005	6	13	0	0	0	0				20181108191341
1895	06/13/2005		2005	6	13	0	0	0	0				20181108191341
1896	06/13/2005		2005	6	13	0	0	0	0				20181108191341
1897	06/13/2005		2005	6	13	0	0	0	0				20181108191341
1898	06/13/2005		2005	6	13	0	0	0	0				20181108191341
1899	06/13/2005		2005	6	13	0	0	0	0				20181108191341
1900	06/13/2005		2005	6	13	0	0	0	0				20181108191341
1901	06/13/2005		2005	6	13	0	0	0	0				20181108191341
1902	06/13/2005		2005	6	13	0	0	0	0				20181108191341
1903	06/13/2005		2005	6	13	0	0	0	0				20181108191341
1904	06/13/2005		2005	6	13	0	0	0	0				20181108191341
1905	06/13/2005		2005	6	13	0	0	0	0				20181108191341
1906	06/13/2005		2005	6	13	0	0	0	0				20181108191341
1907	06/13/2005		2005	6	13	0	0	0	0				20181108191341
1908	06/13/2005		2005	6	13	0	0	0	0				20181108191341
1909	06/13/2005		2005	6	13	0	0	0	0				20181108191341
1910	06/13/2005		2005	6	13	0	0	0	0				20181108191341
1911	06/13/2005		2005	6	13	0	0	0	0				20181108191341
1912	06/13/2005		2005	6	13	0	0	0	0				20181108191341
1913	06/13/2005		2005	6	13	0	0	0	0				20181108191341
1914	06/13/2005		2005	6	13	0	0	0	0				20181108191341
1915	06/13/2005		2005	6	13	0	0	0	0				20181108191341
1916	06/13/2005		2005	6	13	0	0	0	0				20181108191341
1917	06/13/2005		2005	6	13	0	0	0	0				20181108191341
1918	06/13/2005		2005	6	13	0	0	0	0				20181108191341
1919	06/13/2005		2005	6	13	0	0	0	0				20181108191341
1920	06/13/2005		2005	6	13	0	0	0	0				20181108191341
1921	06/13/2005		2005	6	13	0	0	0	0				20181108191341
1922	06/13/2005		2005	6	13	0	0	0	0				20181108191341
1923	06/13/2005		2005	6	13	0	0	0	0				20181108191341
1924	06/13/2005		2005	6	13	0	0	0	0				20181108191341
1925	06/13/2005		2005	6	13	0	0	0	0				20181108191341
1926	06/13/2005		2005	6	13	0	0	0	0				20181108191341
1927	06/13/2005		2005	6	13	0	0	0	0				20181108191341
1928	06/13/2005		2005	6	13	0	0	0	0				20181108191341
1929	06/13/2005		2005	6	13	0	0	0	0				20181108191341
1930	06/13/2005		2005	6	13	0	0	0	0				20181108191341
1931	06/13/2005		2005	6	13	0	0	0	0				20181108191341
1932	06/13/2005		2005	6	13	0	0	0	0				20181108191341
1934	06/13/2005		2005	6	13	0	0	0	0				20181108191341
1935	06/13/2005		2005	6	13	0	0	0	0				20181108191341
1937	06/13/2005		2005	6	13	0	0	0	0				20181108191341
1939	06/13/2005		2005	6	13	0	0	0	0				20181108191341
1940	06/13/2005		2005	6	13	0	0	0	0				20181108191341
1941	06/13/2005		2005	6	13	0	0	0	0				20181108191341
1942	06/13/2005		2005	6	13	0	0	0	0				20181108191341
1943	06/13/2005		2005	6	13	0	0	0	0				20181108191341
1944	06/13/2005		2005	6	13	0	0	0	0				20181108191341
1945	06/13/2005		2005	6	13	0	0	0	0				20181108191341
1946	06/13/2005		2005	6	13	0	0	0	0				20181108191341
1947	06/13/2005		2005	6	13	0	0	0	0				20181108191341
1948	06/13/2005		2005	6	13	0	0	0	0				20181108191341
1949	06/13/2005		2005	6	13	0	0	0	0				20181108191341
1950	06/13/2005		2005	6	13	0	0	0	0				20181108191341
1951	06/13/2005		2005	6	13	0	0	0	0				20181108191341
1952	06/13/2005		2005	6	13	0	0	0	0				20181108191341
1953	06/13/2005		2005	6	13	0	0	0	0				20181108191341
1954	06/13/2005		2005	6	13	0	0	0	0				20181108191341
1955	06/13/2005		2005	6	13	0	0	0	0				20181108191341
1956	06/13/2005		2005	6	13	0	0	0	0				20181108191341
1957	06/13/2005		2005	6	13	0	0	0	0				20181108191341
1958	06/13/2005		2005	6	13	0	0	0	0				20181108191341
1959	06/13/2005		2005	6	13	0	0	0	0				20181108191341
1960	06/13/2005		2005	6	13	0	0	0	0				20181108191341
1961	06/13/2005		2005	6	13	0	0	0	0				20181108191341
1962	06/13/2005		2005	6	13	0	0	0	0				20181108191341
1963	06/13/2005		2005	6	13	0	0	0	0				20181108191341
1964	06/13/2005		2005	6	13	0	0	0	0				20181108191341
1965	06/13/2005		2005	6	13	0	0	0	0				20181108191341
1966	06/13/2005		2005	6	13	0	0	0	0				20181108191341
1967	06/13/2005		2005	6	13	0	0	0	0				20181108191341
1968	06/13/2005		2005	6	13	0	0	0	0				20181108191341
1969	06/13/2005		2005	6	13	0	0	0	0				20181108191341
1970	06/13/2005		2005	6	13	0	0	0	0				20181108191341
1971	06/13/2005		2005	6	13	0	0	0	0				20181108191341
1972	06/13/2005		2005	6	13	0	0	0	0				20181108191341
1973	06/13/2005		2005	6	13	0	0	0	0				20181108191341
1974	06/13/2005		2005	6	13	0	0	0	0				20181108191341
1976	06/13/2005		2005	6	13	0	0	0	0				20181108191341
1978	06/13/2005		2005	6	13	0	0	0	0				20181108191341
1979	06/13/2005		2005	6	13	0	0	0	0				20181108191341
1980	06/13/2005		2005	6	13	0	0	0	0				20181108191341
1981	06/13/2005		2005	6	13	0	0	0	0				20181108191341
1982	06/13/2005		2005	6	13	0	0	0	0				20181108191341
1983	06/13/2005		2005	6	13	0	0	0	0				20181108191341
1984	06/13/2005		2005	6	13	0	0	0	0				20181108191341
1985	06/13/2005		2005	6	13	0	0	0	0				20181108191341
1986	06/13/2005		2005	6	13	0	0	0	0				20181108191341
1987	06/13/2005		2005	6	13	0	0	0	0				20181108191341
1988	06/13/2005		2005	6	13	0	0	0	0				20181108191341
1989	06/13/2005		2005	6	13	0	0	0	0				20181108191341
1990	06/13/2005		2005	6	13	0	0	0	0				20181108191341
1991	06/13/2005		2005	6	13	0	0	0	0				20181108191341
1992	06/13/2005		2005	6	13	0	0	0	0				20181108191341
1993	06/13/2005		2005	6	13	0	0	0	0				20181108191341
1994	06/13/2005		2005	6	13	0	0	0	0				20181108191341
1995	06/13/2005		2005	6	13	0	0	0	0				20181108191341
1996	06/13/2005		2005	6	13	0	0	0	0				20181108191341
1998	06/13/2005		2005	6	13	0	0	0	0				20181108191341
1999	06/13/2005		2005	6	13	0	0	0	0				20181108191341
