Line_ID	As_Short_Text_LTE_400	As_Long_Text_LTE_4000	As_Year	As_Month	As_Day	As_Hour	As_Minute	As_Second	As_Millisecond	As_Double	As_Long	As_Bool	YMD_hms_Key
1	1									1	1		20181108191331
2	1									1	1		20181108191331
3	2									2	2		20181108191331
4	1									1	1		20181108191331
5	2									2	2		20181108191331
6	1									1	1		20181108191331
7	1									1	1		20181108191331
8	1									1	1		20181108191331
9	2									2	2		20181108191331
10	1									1	1		20181108191331
11	1									1	1		20181108191331
12	1									1	1		20181108191331
13	1									1	1		20181108191331
14	1									1	1		20181108191331
16	1									1	1		20181108191331
17	2									2	2		20181108191331
18	1									1	1		20181108191331
19	1									1	1		20181108191331
20	1									1	1		20181108191331
21	1									1	1		20181108191331
22	2									2	2		20181108191331
23	1									1	1		20181108191331
24	2									2	2		20181108191331
25	1									1	1		20181108191331
26	1									1	1		20181108191331
27	1									1	1		20181108191331
28	1									1	1		20181108191331
29	2									2	2		20181108191331
30	1									1	1		20181108191331
31	1									1	1		20181108191331
32	1									1	1		20181108191331
33	1									1	1		20181108191331
34	1									1	1		20181108191331
35	1									1	1		20181108191331
37	1									1	1		20181108191331
38	1									1	1		20181108191331
39	1									1	1		20181108191331
40	1									1	1		20181108191331
41	1									1	1		20181108191331
42	1									1	1		20181108191331
43	1									1	1		20181108191331
44	1									1	1		20181108191331
45	1									1	1		20181108191331
47	1									1	1		20181108191331
48	2									2	2		20181108191331
49	1									1	1		20181108191331
50	1									1	1		20181108191331
51	2									2	2		20181108191331
52	1									1	1		20181108191331
53	1									1	1		20181108191331
54	1									1	1		20181108191331
55	2									2	2		20181108191331
56	1									1	1		20181108191331
57	2									2	2		20181108191331
58	1									1	1		20181108191331
59	1									1	1		20181108191331
60	1									1	1		20181108191331
61	1									1	1		20181108191331
62	1									1	1		20181108191331
63	1									1	1		20181108191331
64	2									2	2		20181108191331
65	1									1	1		20181108191331
66	1									1	1		20181108191331
67	1									1	1		20181108191331
68	1									1	1		20181108191331
69	1									1	1		20181108191331
70	1									1	1		20181108191331
71	1									1	1		20181108191331
72	1									1	1		20181108191331
73	1									1	1		20181108191331
74	1									1	1		20181108191331
75	1									1	1		20181108191331
76	1									1	1		20181108191331
77	2									2	2		20181108191331
78	2									2	2		20181108191331
79	1									1	1		20181108191331
80	1									1	1		20181108191331
81	2									2	2		20181108191331
82	1									1	1		20181108191331
83	2									2	2		20181108191331
84	1									1	1		20181108191331
85	1									1	1		20181108191331
86	1									1	1		20181108191331
87	1									1	1		20181108191331
88	1									1	1		20181108191331
89	2									2	2		20181108191331
90	2									2	2		20181108191331
91	1									1	1		20181108191331
92	1									1	1		20181108191331
93	1									1	1		20181108191331
94	1									1	1		20181108191331
95	1									1	1		20181108191331
96	1									1	1		20181108191331
97	1									1	1		20181108191331
98	2									2	2		20181108191331
99	1									1	1		20181108191331
100	1									1	1		20181108191331
101	1									1	1		20181108191331
102	2									2	2		20181108191331
103	1									1	1		20181108191331
104	1									1	1		20181108191331
105	1									1	1		20181108191331
106	1									1	1		20181108191331
107	1									1	1		20181108191331
108	2									2	2		20181108191331
109	2									2	2		20181108191331
110	1									1	1		20181108191331
111	1									1	1		20181108191331
112	1									1	1		20181108191331
113	1									1	1		20181108191331
114	1									1	1		20181108191331
115	1									1	1		20181108191331
116	1									1	1		20181108191331
117	1									1	1		20181108191331
118	1									1	1		20181108191331
119	1									1	1		20181108191331
120	1									1	1		20181108191331
121	1									1	1		20181108191331
122	1									1	1		20181108191331
123	1									1	1		20181108191331
124	1									1	1		20181108191331
125	1									1	1		20181108191331
126	1									1	1		20181108191331
127	1									1	1		20181108191331
128	1									1	1		20181108191331
130	1									1	1		20181108191331
132	1									1	1		20181108191331
133	1									1	1		20181108191331
134	1									1	1		20181108191331
135	2									2	2		20181108191331
136	1									1	1		20181108191331
137	1									1	1		20181108191331
138	1									1	1		20181108191331
140	2									2	2		20181108191331
141	1									1	1		20181108191331
142	1									1	1		20181108191331
143	1									1	1		20181108191331
144	1									1	1		20181108191331
145	1									1	1		20181108191331
146	1									1	1		20181108191331
147	1									1	1		20181108191331
148	1									1	1		20181108191331
149	1									1	1		20181108191331
150	1									1	1		20181108191331
151	2									2	2		20181108191331
152	1									1	1		20181108191331
153	2									2	2		20181108191331
154	2									2	2		20181108191331
155	1									1	1		20181108191331
156	1									1	1		20181108191331
157	1									1	1		20181108191331
158	1									1	1		20181108191331
159	1									1	1		20181108191331
160	1									1	1		20181108191331
161	1									1	1		20181108191331
162	1									1	1		20181108191331
163	1									1	1		20181108191331
164	1									1	1		20181108191331
165	1									1	1		20181108191331
166	2									2	2		20181108191331
168	2									2	2		20181108191331
169	1									1	1		20181108191331
170	1									1	1		20181108191331
171	1									1	1		20181108191331
172	1									1	1		20181108191331
173	1									1	1		20181108191331
174	2									2	2		20181108191331
175	1									1	1		20181108191331
177	1									1	1		20181108191331
178	1									1	1		20181108191331
179	1									1	1		20181108191331
180	1									1	1		20181108191331
181	1									1	1		20181108191331
182	2									2	2		20181108191331
183	1									1	1		20181108191331
184	1									1	1		20181108191331
185	1									1	1		20181108191331
186	1									1	1		20181108191331
187	1									1	1		20181108191331
188	1									1	1		20181108191331
189	1									1	1		20181108191331
190	1									1	1		20181108191331
191	1									1	1		20181108191331
192	1									1	1		20181108191331
193	1									1	1		20181108191331
194	2									2	2		20181108191331
195	2									2	2		20181108191331
196	1									1	1		20181108191331
197	1									1	1		20181108191331
198	1									1	1		20181108191331
199	1									1	1		20181108191331
200	1									1	1		20181108191331
201	1									1	1		20181108191331
202	2									2	2		20181108191331
203	1									1	1		20181108191331
204	1									1	1		20181108191331
205	1									1	1		20181108191331
206	1									1	1		20181108191331
207	2									2	2		20181108191331
208	1									1	1		20181108191331
209	1									1	1		20181108191331
210	1									1	1		20181108191331
211	1									1	1		20181108191331
212	2									2	2		20181108191331
213	1									1	1		20181108191331
214	1									1	1		20181108191331
215	1									1	1		20181108191331
216	1									1	1		20181108191331
217	2									2	2		20181108191331
218	1									1	1		20181108191331
219	1									1	1		20181108191331
220	1									1	1		20181108191331
221	1									1	1		20181108191331
222	2									2	2		20181108191331
223	2									2	2		20181108191331
224	1									1	1		20181108191331
225	1									1	1		20181108191331
226	1									1	1		20181108191331
227	1									1	1		20181108191331
228	1									1	1		20181108191331
229	1									1	1		20181108191331
230	1									1	1		20181108191331
231	1									1	1		20181108191331
232	2									2	2		20181108191331
233	1									1	1		20181108191331
234	2									2	2		20181108191331
235	2									2	2		20181108191331
236	1									1	1		20181108191331
237	1									1	1		20181108191331
238	1									1	1		20181108191331
239	1									1	1		20181108191331
240	1									1	1		20181108191331
241	1									1	1		20181108191331
242	1									1	1		20181108191331
243	2									2	2		20181108191331
244	1									1	1		20181108191331
245	1									1	1		20181108191331
246	1									1	1		20181108191331
247	1									1	1		20181108191331
248	1									1	1		20181108191331
249	2									2	2		20181108191331
250	2									2	2		20181108191331
251	1									1	1		20181108191331
252	1									1	1		20181108191331
253	1									1	1		20181108191331
254	2									2	2		20181108191331
255	2									2	2		20181108191331
256	1									1	1		20181108191331
257	2									2	2		20181108191331
258	1									1	1		20181108191331
260	1									1	1		20181108191331
261	1									1	1		20181108191331
262	1									1	1		20181108191331
263	1									1	1		20181108191331
264	1									1	1		20181108191331
265	1									1	1		20181108191331
266	1									1	1		20181108191331
267	1									1	1		20181108191331
268	1									1	1		20181108191331
269	1									1	1		20181108191331
271	1									1	1		20181108191331
272	2									2	2		20181108191331
273	1									1	1		20181108191331
274	1									1	1		20181108191331
275	2									2	2		20181108191331
276	1									1	1		20181108191331
277	2									2	2		20181108191331
278	1									1	1		20181108191331
279	1									1	1		20181108191331
280	1									1	1		20181108191331
281	1									1	1		20181108191331
282	1									1	1		20181108191331
283	1									1	1		20181108191331
284	1									1	1		20181108191331
285	1									1	1		20181108191331
286	1									1	1		20181108191331
287	1									1	1		20181108191331
288	1									1	1		20181108191331
289	1									1	1		20181108191332
290	1									1	1		20181108191332
291	1									1	1		20181108191332
292	1									1	1		20181108191332
293	1									1	1		20181108191332
294	1									1	1		20181108191332
295	1									1	1		20181108191332
296	2									2	2		20181108191332
297	1									1	1		20181108191332
299	1									1	1		20181108191332
300	2									2	2		20181108191332
301	2									2	2		20181108191332
302	1									1	1		20181108191332
303	1									1	1		20181108191332
304	1									1	1		20181108191332
305	1									1	1		20181108191332
306	1									1	1		20181108191332
307	2									2	2		20181108191332
308	1									1	1		20181108191332
309	2									2	2		20181108191332
310	1									1	1		20181108191332
312	1									1	1		20181108191332
313	1									1	1		20181108191332
314	2									2	2		20181108191332
315	1									1	1		20181108191332
316	1									1	1		20181108191332
317	2									2	2		20181108191332
318	1									1	1		20181108191332
319	1									1	1		20181108191332
320	1									1	1		20181108191332
321	2									2	2		20181108191332
322	1									1	1		20181108191332
323	1									1	1		20181108191332
324	2									2	2		20181108191332
325	1									1	1		20181108191332
326	1									1	1		20181108191332
327	1									1	1		20181108191332
328	1									1	1		20181108191332
329	1									1	1		20181108191332
330	1									1	1		20181108191332
331	1									1	1		20181108191332
332	2									2	2		20181108191332
334	1									1	1		20181108191332
335	2									2	2		20181108191332
336	1									1	1		20181108191332
337	2									2	2		20181108191332
338	1									1	1		20181108191332
339	1									1	1		20181108191332
340	1									1	1		20181108191332
341	1									1	1		20181108191332
343	2									2	2		20181108191332
344	1									1	1		20181108191332
345	1									1	1		20181108191332
346	1									1	1		20181108191332
347	2									2	2		20181108191332
348	1									1	1		20181108191332
349	2									2	2		20181108191332
350	2									2	2		20181108191332
351	1									1	1		20181108191332
352	1									1	1		20181108191332
353	1									1	1		20181108191332
354	1									1	1		20181108191332
355	1									1	1		20181108191332
356	1									1	1		20181108191332
357	1									1	1		20181108191332
358	2									2	2		20181108191332
359	1									1	1		20181108191332
360	1									1	1		20181108191332
361	1									1	1		20181108191332
362	2									2	2		20181108191332
363	1									1	1		20181108191332
364	1									1	1		20181108191332
365	1									1	1		20181108191332
366	1									1	1		20181108191332
367	1									1	1		20181108191332
368	1									1	1		20181108191332
369	1									1	1		20181108191332
370	1									1	1		20181108191332
371	1									1	1		20181108191332
372	1									1	1		20181108191332
373	1									1	1		20181108191332
374	1									1	1		20181108191332
375	1									1	1		20181108191332
376	2									2	2		20181108191332
377	1									1	1		20181108191332
378	1									1	1		20181108191332
379	1									1	1		20181108191332
380	1									1	1		20181108191332
381	1									1	1		20181108191332
382	1									1	1		20181108191332
383	1									1	1		20181108191332
384	1									1	1		20181108191332
385	1									1	1		20181108191332
386	1									1	1		20181108191332
388	1									1	1		20181108191332
389	1									1	1		20181108191332
390	1									1	1		20181108191332
391	1									1	1		20181108191332
392	1									1	1		20181108191332
393	1									1	1		20181108191332
394	1									1	1		20181108191332
395	1									1	1		20181108191332
396	1									1	1		20181108191332
397	1									1	1		20181108191332
398	1									1	1		20181108191332
399	1									1	1		20181108191332
400	1									1	1		20181108191332
401	1									1	1		20181108191332
402	1									1	1		20181108191332
403	1									1	1		20181108191332
404	1									1	1		20181108191332
405	1									1	1		20181108191332
406	1									1	1		20181108191332
407	2									2	2		20181108191332
408	2									2	2		20181108191332
409	1									1	1		20181108191332
410	1									1	1		20181108191332
411	1									1	1		20181108191332
412	1									1	1		20181108191332
413	1									1	1		20181108191332
414	1									1	1		20181108191332
415	1									1	1		20181108191332
416	1									1	1		20181108191332
417	1									1	1		20181108191332
418	1									1	1		20181108191332
419	2									2	2		20181108191332
420	1									1	1		20181108191332
421	1									1	1		20181108191332
422	1									1	1		20181108191332
423	1									1	1		20181108191332
424	2									2	2		20181108191332
425	2									2	2		20181108191332
426	1									1	1		20181108191332
427	1									1	1		20181108191332
428	1									1	1		20181108191332
429	1									1	1		20181108191332
430	1									1	1		20181108191332
431	1									1	1		20181108191332
432	1									1	1		20181108191332
433	1									1	1		20181108191332
434	1									1	1		20181108191332
435	1									1	1		20181108191332
436	1									1	1		20181108191332
437	1									1	1		20181108191332
438	2									2	2		20181108191332
439	1									1	1		20181108191332
440	1									1	1		20181108191332
441	1									1	1		20181108191332
442	1									1	1		20181108191332
443	1									1	1		20181108191332
444	1									1	1		20181108191332
445	1									1	1		20181108191332
446	1									1	1		20181108191332
447	1									1	1		20181108191332
448	1									1	1		20181108191332
449	1									1	1		20181108191332
450	1									1	1		20181108191332
451	1									1	1		20181108191332
452	2									2	2		20181108191332
453	1									1	1		20181108191332
454	1									1	1		20181108191332
455	2									2	2		20181108191332
456	1									1	1		20181108191332
457	1									1	1		20181108191332
458	2									2	2		20181108191332
459	2									2	2		20181108191332
460	1									1	1		20181108191332
461	1									1	1		20181108191332
462	2									2	2		20181108191332
463	1									1	1		20181108191332
464	2									2	2		20181108191332
466	1									1	1		20181108191332
467	1									1	1		20181108191332
468	1									1	1		20181108191332
469	1									1	1		20181108191332
470	1									1	1		20181108191332
471	1									1	1		20181108191332
472	1									1	1		20181108191332
473	1									1	1		20181108191332
474	1									1	1		20181108191332
475	1									1	1		20181108191332
476	1									1	1		20181108191332
477	1									1	1		20181108191332
478	1									1	1		20181108191332
479	1									1	1		20181108191332
480	2									2	2		20181108191332
481	2									2	2		20181108191332
482	1									1	1		20181108191332
483	1									1	1		20181108191332
484	1									1	1		20181108191332
485	1									1	1		20181108191332
486	2									2	2		20181108191332
487	1									1	1		20181108191332
488	1									1	1		20181108191332
489	2									2	2		20181108191332
490	1									1	1		20181108191332
491	2									2	2		20181108191332
492	1									1	1		20181108191332
493	1									1	1		20181108191332
494	1									1	1		20181108191332
496	1									1	1		20181108191332
497	1									1	1		20181108191332
498	1									1	1		20181108191332
499	1									1	1		20181108191332
500	1									1	1		20181108191332
501	1									1	1		20181108191332
502	1									1	1		20181108191332
503	2									2	2		20181108191332
504	1									1	1		20181108191332
505	1									1	1		20181108191332
507	1									1	1		20181108191332
508	1									1	1		20181108191332
509	1									1	1		20181108191332
510	1									1	1		20181108191332
511	1									1	1		20181108191332
512	1									1	1		20181108191332
513	1									1	1		20181108191332
514	1									1	1		20181108191332
515	1									1	1		20181108191332
516	1									1	1		20181108191332
517	1									1	1		20181108191332
518	1									1	1		20181108191332
519	1									1	1		20181108191332
520	1									1	1		20181108191332
521	1									1	1		20181108191332
522	1									1	1		20181108191332
523	1									1	1		20181108191332
524	1									1	1		20181108191332
525	1									1	1		20181108191332
526	2									2	2		20181108191332
527	2									2	2		20181108191332
528	1									1	1		20181108191332
529	1									1	1		20181108191332
530	2									2	2		20181108191332
531	1									1	1		20181108191332
532	1									1	1		20181108191332
533	1									1	1		20181108191332
534	1									1	1		20181108191332
536	1									1	1		20181108191332
537	1									1	1		20181108191332
538	2									2	2		20181108191332
539	1									1	1		20181108191332
540	2									2	2		20181108191332
541	2									2	2		20181108191332
542	1									1	1		20181108191332
543	1									1	1		20181108191332
544	1									1	1		20181108191332
545	1									1	1		20181108191332
546	1									1	1		20181108191332
547	1									1	1		20181108191332
548	1									1	1		20181108191332
549	1									1	1		20181108191332
550	1									1	1		20181108191332
552	1									1	1		20181108191332
553	1									1	1		20181108191332
554	1									1	1		20181108191332
555	1									1	1		20181108191332
556	1									1	1		20181108191332
557	2									2	2		20181108191332
558	1									1	1		20181108191332
559	2									2	2		20181108191332
560	2									2	2		20181108191332
561	1									1	1		20181108191332
562	1									1	1		20181108191332
563	2									2	2		20181108191332
564	1									1	1		20181108191332
565	1									1	1		20181108191332
566	1									1	1		20181108191332
567	1									1	1		20181108191332
568	1									1	1		20181108191332
569	1									1	1		20181108191332
570	1									1	1		20181108191332
571	2									2	2		20181108191332
572	1									1	1		20181108191332
573	1									1	1		20181108191332
574	1									1	1		20181108191332
575	1									1	1		20181108191332
576	1									1	1		20181108191332
577	1									1	1		20181108191332
578	2									2	2		20181108191332
579	1									1	1		20181108191332
580	1									1	1		20181108191332
581	1									1	1		20181108191332
582	1									1	1		20181108191332
583	2									2	2		20181108191332
584	1									1	1		20181108191332
585	2									2	2		20181108191332
586	1									1	1		20181108191332
587	1									1	1		20181108191332
588	1									1	1		20181108191332
589	1									1	1		20181108191332
590	1									1	1		20181108191332
591	2									2	2		20181108191332
592	1									1	1		20181108191332
593	1									1	1		20181108191332
594	1									1	1		20181108191332
595	1									1	1		20181108191332
596	1									1	1		20181108191332
597	1									1	1		20181108191332
598	1									1	1		20181108191332
599	1									1	1		20181108191332
600	1									1	1		20181108191332
601	1									1	1		20181108191332
602	1									1	1		20181108191332
603	1									1	1		20181108191332
604	1									1	1		20181108191332
605	1									1	1		20181108191332
606	1									1	1		20181108191332
607	1									1	1		20181108191332
608	1									1	1		20181108191332
609	1									1	1		20181108191332
610	1									1	1		20181108191332
611	1									1	1		20181108191332
612	1									1	1		20181108191332
613	1									1	1		20181108191332
614	1									1	1		20181108191332
615	2									2	2		20181108191332
616	1									1	1		20181108191332
617	1									1	1		20181108191332
618	1									1	1		20181108191332
619	1									1	1		20181108191332
620	1									1	1		20181108191332
621	1									1	1		20181108191332
622	1									1	1		20181108191332
623	1									1	1		20181108191332
625	2									2	2		20181108191332
626	1									1	1		20181108191332
627	2									2	2		20181108191332
628	1									1	1		20181108191332
629	1									1	1		20181108191332
630	1									1	1		20181108191332
631	1									1	1		20181108191332
632	1									1	1		20181108191332
633	2									2	2		20181108191332
634	1									1	1		20181108191332
635	1									1	1		20181108191332
636	1									1	1		20181108191332
637	1									1	1		20181108191332
638	1									1	1		20181108191332
639	2									2	2		20181108191332
640	1									1	1		20181108191332
641	1									1	1		20181108191332
642	1									1	1		20181108191332
643	1									1	1		20181108191332
644	2									2	2		20181108191332
645	1									1	1		20181108191332
646	1									1	1		20181108191332
647	2									2	2		20181108191332
648	1									1	1		20181108191332
649	2									2	2		20181108191332
650	1									1	1		20181108191332
652	2									2	2		20181108191332
653	1									1	1		20181108191332
654	1									1	1		20181108191332
655	2									2	2		20181108191332
656	1									1	1		20181108191332
657	1									1	1		20181108191332
658	1									1	1		20181108191332
659	1									1	1		20181108191332
660	1									1	1		20181108191332
661	1									1	1		20181108191332
663	1									1	1		20181108191332
664	1									1	1		20181108191332
665	1									1	1		20181108191332
666	2									2	2		20181108191332
667	1									1	1		20181108191332
668	1									1	1		20181108191332
669	1									1	1		20181108191332
670	1									1	1		20181108191332
671	1									1	1		20181108191332
672	2									2	2		20181108191332
673	1									1	1		20181108191332
674	1									1	1		20181108191332
675	2									2	2		20181108191332
676	1									1	1		20181108191333
677	2									2	2		20181108191333
678	1									1	1		20181108191333
679	1									1	1		20181108191333
680	1									1	1		20181108191333
681	1									1	1		20181108191333
682	2									2	2		20181108191333
683	2									2	2		20181108191333
684	1									1	1		20181108191333
685	2									2	2		20181108191333
686	1									1	1		20181108191333
687	2									2	2		20181108191333
688	1									1	1		20181108191333
689	1									1	1		20181108191333
690	1									1	1		20181108191333
691	1									1	1		20181108191333
692	1									1	1		20181108191333
693	1									1	1		20181108191333
694	1									1	1		20181108191333
695	1									1	1		20181108191333
696	1									1	1		20181108191333
697	1									1	1		20181108191333
698	1									1	1		20181108191333
699	1									1	1		20181108191333
700	2									2	2		20181108191333
701	1									1	1		20181108191333
702	1									1	1		20181108191333
703	1									1	1		20181108191333
705	1									1	1		20181108191333
706	1									1	1		20181108191333
707	1									1	1		20181108191333
708	2									2	2		20181108191333
709	1									1	1		20181108191333
710	1									1	1		20181108191333
711	1									1	1		20181108191333
713	1									1	1		20181108191333
714	1									1	1		20181108191333
715	1									1	1		20181108191333
716	1									1	1		20181108191333
717	1									1	1		20181108191333
718	1									1	1		20181108191333
719	2									2	2		20181108191333
721	1									1	1		20181108191333
722	1									1	1		20181108191333
723	1									1	1		20181108191333
724	1									1	1		20181108191333
725	1									1	1		20181108191333
726	1									1	1		20181108191333
727	2									2	2		20181108191333
728	1									1	1		20181108191333
729	2									2	2		20181108191333
730	1									1	1		20181108191333
731	2									2	2		20181108191333
733	1									1	1		20181108191333
735	2									2	2		20181108191333
736	1									1	1		20181108191333
737	1									1	1		20181108191333
738	1									1	1		20181108191333
739	1									1	1		20181108191333
741	1									1	1		20181108191333
742	1									1	1		20181108191333
743	1									1	1		20181108191333
744	2									2	2		20181108191333
745	1									1	1		20181108191333
746	2									2	2		20181108191333
747	1									1	1		20181108191333
748	1									1	1		20181108191333
750	1									1	1		20181108191333
751	2									2	2		20181108191333
752	2									2	2		20181108191333
753	1									1	1		20181108191333
754	1									1	1		20181108191333
755	1									1	1		20181108191333
756	1									1	1		20181108191333
757	1									1	1		20181108191333
759	1									1	1		20181108191333
760	1									1	1		20181108191333
761	1									1	1		20181108191333
762	1									1	1		20181108191333
763	1									1	1		20181108191333
764	1									1	1		20181108191333
765	1									1	1		20181108191333
766	1									1	1		20181108191333
767	1									1	1		20181108191333
768	1									1	1		20181108191333
769	2									2	2		20181108191333
770	1									1	1		20181108191333
771	1									1	1		20181108191333
772	1									1	1		20181108191333
773	1									1	1		20181108191333
774	1									1	1		20181108191333
775	1									1	1		20181108191333
776	1									1	1		20181108191333
777	1									1	1		20181108191333
778	1									1	1		20181108191333
779	1									1	1		20181108191333
780	1									1	1		20181108191333
781	1									1	1		20181108191333
782	1									1	1		20181108191333
783	2									2	2		20181108191333
784	1									1	1		20181108191333
785	2									2	2		20181108191333
786	1									1	1		20181108191333
787	1									1	1		20181108191333
788	1									1	1		20181108191333
789	1									1	1		20181108191333
790	1									1	1		20181108191333
791	1									1	1		20181108191333
792	2									2	2		20181108191333
793	1									1	1		20181108191333
794	1									1	1		20181108191333
795	1									1	1		20181108191333
796	1									1	1		20181108191333
797	1									1	1		20181108191333
798	2									2	2		20181108191333
799	1									1	1		20181108191333
800	2									2	2		20181108191333
801	1									1	1		20181108191333
802	2									2	2		20181108191333
803	1									1	1		20181108191333
804	1									1	1		20181108191333
805	1									1	1		20181108191333
806	1									1	1		20181108191333
807	1									1	1		20181108191333
808	1									1	1		20181108191333
809	1									1	1		20181108191333
810	1									1	1		20181108191333
811	1									1	1		20181108191333
812	1									1	1		20181108191333
813	1									1	1		20181108191333
814	1									1	1		20181108191333
816	1									1	1		20181108191333
817	2									2	2		20181108191333
818	1									1	1		20181108191333
819	1									1	1		20181108191333
820	1									1	1		20181108191333
821	1									1	1		20181108191333
822	2									2	2		20181108191333
823	1									1	1		20181108191333
824	1									1	1		20181108191333
825	1									1	1		20181108191333
826	1									1	1		20181108191333
827	1									1	1		20181108191333
829	1									1	1		20181108191333
830	1									1	1		20181108191333
831	2									2	2		20181108191333
832	2									2	2		20181108191333
833	1									1	1		20181108191333
834	1									1	1		20181108191333
835	1									1	1		20181108191333
836	1									1	1		20181108191333
837	1									1	1		20181108191333
838	1									1	1		20181108191333
839	1									1	1		20181108191333
840	1									1	1		20181108191333
841	1									1	1		20181108191333
842	1									1	1		20181108191333
843	2									2	2		20181108191333
844	1									1	1		20181108191333
845	1									1	1		20181108191333
846	2									2	2		20181108191333
847	1									1	1		20181108191333
848	1									1	1		20181108191333
849	1									1	1		20181108191333
850	1									1	1		20181108191333
851	1									1	1		20181108191333
852	2									2	2		20181108191333
853	1									1	1		20181108191333
854	1									1	1		20181108191333
855	1									1	1		20181108191333
856	1									1	1		20181108191333
857	1									1	1		20181108191333
858	1									1	1		20181108191333
859	1									1	1		20181108191333
860	1									1	1		20181108191333
861	1									1	1		20181108191333
862	2									2	2		20181108191333
863	1									1	1		20181108191333
864	1									1	1		20181108191333
865	1									1	1		20181108191333
866	1									1	1		20181108191333
867	1									1	1		20181108191333
868	1									1	1		20181108191333
869	1									1	1		20181108191333
870	1									1	1		20181108191333
871	1									1	1		20181108191333
872	1									1	1		20181108191333
873	2									2	2		20181108191333
874	1									1	1		20181108191333
875	1									1	1		20181108191333
876	1									1	1		20181108191333
877	2									2	2		20181108191333
878	1									1	1		20181108191333
879	1									1	1		20181108191333
880	2									2	2		20181108191333
881	1									1	1		20181108191333
882	2									2	2		20181108191333
883	1									1	1		20181108191333
884	2									2	2		20181108191333
885	1									1	1		20181108191333
886	1									1	1		20181108191333
887	1									1	1		20181108191333
889	1									1	1		20181108191333
890	1									1	1		20181108191333
891	1									1	1		20181108191333
892	2									2	2		20181108191333
893	1									1	1		20181108191333
894	2									2	2		20181108191333
895	1									1	1		20181108191333
896	2									2	2		20181108191333
897	2									2	2		20181108191333
898	1									1	1		20181108191333
899	1									1	1		20181108191333
900	1									1	1		20181108191333
901	1									1	1		20181108191333
902	1									1	1		20181108191333
903	2									2	2		20181108191333
904	1									1	1		20181108191333
905	1									1	1		20181108191333
906	1									1	1		20181108191333
907	1									1	1		20181108191333
908	2									2	2		20181108191333
909	2									2	2		20181108191333
910	1									1	1		20181108191333
911	1									1	1		20181108191333
912	1									1	1		20181108191333
913	1									1	1		20181108191333
914	2									2	2		20181108191333
915	1									1	1		20181108191333
916	1									1	1		20181108191333
917	1									1	1		20181108191333
918	1									1	1		20181108191333
919	1									1	1		20181108191333
920	1									1	1		20181108191333
921	2									2	2		20181108191333
923	1									1	1		20181108191333
924	1									1	1		20181108191333
926	1									1	1		20181108191333
927	1									1	1		20181108191333
928	2									2	2		20181108191333
929	1									1	1		20181108191333
931	2									2	2		20181108191333
932	1									1	1		20181108191333
933	1									1	1		20181108191333
934	1									1	1		20181108191333
935	1									1	1		20181108191333
936	1									1	1		20181108191333
937	2									2	2		20181108191333
939	1									1	1		20181108191333
940	1									1	1		20181108191333
941	1									1	1		20181108191333
942	2									2	2		20181108191333
943	1									1	1		20181108191333
944	1									1	1		20181108191333
945	1									1	1		20181108191333
947	1									1	1		20181108191333
948	2									2	2		20181108191333
949	1									1	1		20181108191333
950	2									2	2		20181108191333
951	1									1	1		20181108191333
952	1									1	1		20181108191333
953	1									1	1		20181108191333
954	1									1	1		20181108191333
955	1									1	1		20181108191333
956	1									1	1		20181108191333
957	1									1	1		20181108191333
958	2									2	2		20181108191333
959	1									1	1		20181108191333
960	1									1	1		20181108191333
961	2									2	2		20181108191333
962	1									1	1		20181108191333
963	2									2	2		20181108191333
964	1									1	1		20181108191333
965	2									2	2		20181108191333
966	1									1	1		20181108191333
967	1									1	1		20181108191333
968	1									1	1		20181108191333
969	1									1	1		20181108191333
970	1									1	1		20181108191333
971	1									1	1		20181108191333
972	1									1	1		20181108191333
973	1									1	1		20181108191333
974	1									1	1		20181108191333
975	1									1	1		20181108191333
976	1									1	1		20181108191333
977	1									1	1		20181108191333
978	1									1	1		20181108191333
979	1									1	1		20181108191333
980	1									1	1		20181108191333
981	2									2	2		20181108191333
982	1									1	1		20181108191333
983	1									1	1		20181108191333
984	2									2	2		20181108191333
985	1									1	1		20181108191333
986	1									1	1		20181108191333
987	1									1	1		20181108191333
988	1									1	1		20181108191333
989	1									1	1		20181108191333
990	1									1	1		20181108191333
991	1									1	1		20181108191333
992	1									1	1		20181108191333
993	1									1	1		20181108191333
994	1									1	1		20181108191333
995	1									1	1		20181108191333
997	2									2	2		20181108191333
998	1									1	1		20181108191333
999	1									1	1		20181108191333
1000	1									1	1		20181108191333
1001	1									1	1		20181108191333
1002	1									1	1		20181108191333
1003	1									1	1		20181108191333
1004	1									1	1		20181108191333
1005	1									1	1		20181108191333
1006	1									1	1		20181108191333
1007	2									2	2		20181108191333
1008	1									1	1		20181108191333
1009	1									1	1		20181108191333
1010	1									1	1		20181108191333
1011	1									1	1		20181108191333
1012	2									2	2		20181108191333
1013	1									1	1		20181108191333
1014	1									1	1		20181108191333
1015	1									1	1		20181108191333
1016	1									1	1		20181108191333
1018	1									1	1		20181108191333
1019	2									2	2		20181108191333
1020	2									2	2		20181108191333
1021	1									1	1		20181108191333
1022	1									1	1		20181108191333
1023	2									2	2		20181108191333
1024	1									1	1		20181108191333
1025	1									1	1		20181108191333
1026	2									2	2		20181108191333
1027	1									1	1		20181108191333
1028	1									1	1		20181108191333
1029	1									1	1		20181108191333
1030	2									2	2		20181108191333
1031	2									2	2		20181108191333
1032	1									1	1		20181108191333
1033	2									2	2		20181108191333
1034	2									2	2		20181108191333
1035	1									1	1		20181108191333
1036	1									1	1		20181108191333
1037	1									1	1		20181108191333
1038	2									2	2		20181108191333
1039	1									1	1		20181108191333
1040	1									1	1		20181108191333
1041	1									1	1		20181108191333
1042	1									1	1		20181108191333
1043	1									1	1		20181108191333
1044	2									2	2		20181108191333
1045	1									1	1		20181108191333
1046	1									1	1		20181108191333
1047	1									1	1		20181108191333
1048	1									1	1		20181108191333
1049	1									1	1		20181108191333
1050	1									1	1		20181108191333
1051	1									1	1		20181108191333
1052	1									1	1		20181108191333
1053	1									1	1		20181108191333
1054	2									2	2		20181108191334
1055	2									2	2		20181108191334
1056	2									2	2		20181108191334
1057	1									1	1		20181108191334
1058	2									2	2		20181108191334
1059	1									1	1		20181108191334
1060	1									1	1		20181108191334
1061	2									2	2		20181108191334
1062	1									1	1		20181108191334
1063	1									1	1		20181108191334
1064	1									1	1		20181108191334
1065	1									1	1		20181108191334
1066	1									1	1		20181108191334
1067	1									1	1		20181108191334
1068	1									1	1		20181108191334
1069	1									1	1		20181108191334
1070	1									1	1		20181108191334
1071	1									1	1		20181108191334
1072	1									1	1		20181108191334
1073	1									1	1		20181108191334
1074	1									1	1		20181108191334
1075	1									1	1		20181108191334
1076	1									1	1		20181108191334
1077	1									1	1		20181108191334
1078	2									2	2		20181108191334
1079	2									2	2		20181108191334
1081	1									1	1		20181108191334
1082	1									1	1		20181108191334
1083	1									1	1		20181108191334
1084	2									2	2		20181108191334
1085	1									1	1		20181108191334
1086	2									2	2		20181108191334
1087	1									1	1		20181108191334
1088	1									1	1		20181108191334
1089	2									2	2		20181108191334
1090	1									1	1		20181108191334
1091	2									2	2		20181108191334
1092	1									1	1		20181108191334
1093	2									2	2		20181108191334
1094	2									2	2		20181108191334
1095	1									1	1		20181108191334
1096	1									1	1		20181108191334
1097	1									1	1		20181108191334
1098	2									2	2		20181108191334
1099	2									2	2		20181108191334
1100	1									1	1		20181108191334
1101	1									1	1		20181108191334
1102	1									1	1		20181108191334
1103	2									2	2		20181108191334
1104	1									1	1		20181108191334
1105	1									1	1		20181108191334
1106	1									1	1		20181108191334
1107	1									1	1		20181108191334
1108	2									2	2		20181108191334
1109	1									1	1		20181108191334
1110	2									2	2		20181108191334
1111	1									1	1		20181108191334
1112	1									1	1		20181108191334
1114	1									1	1		20181108191334
1115	1									1	1		20181108191334
1116	2									2	2		20181108191334
1117	1									1	1		20181108191334
1118	1									1	1		20181108191334
1119	1									1	1		20181108191334
1120	1									1	1		20181108191334
1121	1									1	1		20181108191334
1122	1									1	1		20181108191334
1123	1									1	1		20181108191334
1124	1									1	1		20181108191334
1125	1									1	1		20181108191334
1126	2									2	2		20181108191334
1127	1									1	1		20181108191334
1128	1									1	1		20181108191334
1129	1									1	1		20181108191334
1130	1									1	1		20181108191334
1131	1									1	1		20181108191334
1132	1									1	1		20181108191334
1133	1									1	1		20181108191334
1134	1									1	1		20181108191334
1135	1									1	1		20181108191334
1136	1									1	1		20181108191334
1137	1									1	1		20181108191334
1138	1									1	1		20181108191334
1139	1									1	1		20181108191334
1140	1									1	1		20181108191334
1141	1									1	1		20181108191334
1142	1									1	1		20181108191334
1143	2									2	2		20181108191334
1144	1									1	1		20181108191334
1145	1									1	1		20181108191334
1146	1									1	1		20181108191334
1147	2									2	2		20181108191334
1148	1									1	1		20181108191334
1149	1									1	1		20181108191334
1150	1									1	1		20181108191334
1151	1									1	1		20181108191334
1152	1									1	1		20181108191334
1153	1									1	1		20181108191334
1154	1									1	1		20181108191334
1155	1									1	1		20181108191334
1156	1									1	1		20181108191334
1157	2									2	2		20181108191334
1159	2									2	2		20181108191334
1160	1									1	1		20181108191334
1161	2									2	2		20181108191334
1162	1									1	1		20181108191334
1163	1									1	1		20181108191334
1164	1									1	1		20181108191334
1165	1									1	1		20181108191334
1166	1									1	1		20181108191334
1167	1									1	1		20181108191334
1168	1									1	1		20181108191334
1169	2									2	2		20181108191334
1170	1									1	1		20181108191334
1171	1									1	1		20181108191334
1172	1									1	1		20181108191334
1173	1									1	1		20181108191334
1174	2									2	2		20181108191334
1175	1									1	1		20181108191334
1176	1									1	1		20181108191334
1177	1									1	1		20181108191334
1178	1									1	1		20181108191334
1179	1									1	1		20181108191334
1180	1									1	1		20181108191334
1181	1									1	1		20181108191334
1182	1									1	1		20181108191334
1183	2									2	2		20181108191334
1184	1									1	1		20181108191334
1185	1									1	1		20181108191334
1186	2									2	2		20181108191334
1188	1									1	1		20181108191334
1189	1									1	1		20181108191334
1190	1									1	1		20181108191334
1191	1									1	1		20181108191334
1192	2									2	2		20181108191334
1193	1									1	1		20181108191334
1194	1									1	1		20181108191334
1195	2									2	2		20181108191334
1196	1									1	1		20181108191334
1197	1									1	1		20181108191334
1198	2									2	2		20181108191334
1199	1									1	1		20181108191334
1200	1									1	1		20181108191334
1201	2									2	2		20181108191334
1202	1									1	1		20181108191334
1203	1									1	1		20181108191334
1204	1									1	1		20181108191334
1205	1									1	1		20181108191334
1206	1									1	1		20181108191334
1207	1									1	1		20181108191334
1208	1									1	1		20181108191334
1209	1									1	1		20181108191334
1210	1									1	1		20181108191334
1211	1									1	1		20181108191334
1213	1									1	1		20181108191334
1214	1									1	1		20181108191334
1215	1									1	1		20181108191334
1216	2									2	2		20181108191334
1217	1									1	1		20181108191334
1218	1									1	1		20181108191334
1219	1									1	1		20181108191334
1221	1									1	1		20181108191334
1222	1									1	1		20181108191334
1223	1									1	1		20181108191334
1224	1									1	1		20181108191334
1225	1									1	1		20181108191334
1226	1									1	1		20181108191334
1227	1									1	1		20181108191334
1228	1									1	1		20181108191334
1229	2									2	2		20181108191334
1230	1									1	1		20181108191334
1231	2									2	2		20181108191334
1232	1									1	1		20181108191334
1233	1									1	1		20181108191334
1234	1									1	1		20181108191334
1235	1									1	1		20181108191334
1236	1									1	1		20181108191334
1237	1									1	1		20181108191334
1238	1									1	1		20181108191334
1239	2									2	2		20181108191334
1240	1									1	1		20181108191334
1241	2									2	2		20181108191334
1242	1									1	1		20181108191334
1243	1									1	1		20181108191334
1244	1									1	1		20181108191334
1245	1									1	1		20181108191334
1246	2									2	2		20181108191334
1247	1									1	1		20181108191334
1248	1									1	1		20181108191334
1249	1									1	1		20181108191334
1250	2									2	2		20181108191334
1251	1									1	1		20181108191334
1252	1									1	1		20181108191334
1253	1									1	1		20181108191334
1254	1									1	1		20181108191334
1255	1									1	1		20181108191334
1256	2									2	2		20181108191334
1257	1									1	1		20181108191334
1258	1									1	1		20181108191334
1259	1									1	1		20181108191334
1260	2									2	2		20181108191334
1261	1									1	1		20181108191334
1262	2									2	2		20181108191334
1263	1									1	1		20181108191334
1264	1									1	1		20181108191334
1265	1									1	1		20181108191334
1266	1									1	1		20181108191334
1267	2									2	2		20181108191334
1268	1									1	1		20181108191334
1269	1									1	1		20181108191334
1270	1									1	1		20181108191334
1271	1									1	1		20181108191334
1272	1									1	1		20181108191334
1273	2									2	2		20181108191334
1274	1									1	1		20181108191334
1275	1									1	1		20181108191334
1276	1									1	1		20181108191334
1277	1									1	1		20181108191334
1278	1									1	1		20181108191334
1279	1									1	1		20181108191334
1280	1									1	1		20181108191334
1281	1									1	1		20181108191334
1282	1									1	1		20181108191334
1283	1									1	1		20181108191334
1284	2									2	2		20181108191334
1285	1									1	1		20181108191334
1286	1									1	1		20181108191334
1287	1									1	1		20181108191334
1288	1									1	1		20181108191334
1289	1									1	1		20181108191334
1290	2									2	2		20181108191334
1291	1									1	1		20181108191334
1293	1									1	1		20181108191334
1294	1									1	1		20181108191334
1296	1									1	1		20181108191334
1297	1									1	1		20181108191334
1298	1									1	1		20181108191334
1299	1									1	1		20181108191334
1300	1									1	1		20181108191334
1301	1									1	1		20181108191334
1302	1									1	1		20181108191334
1303	1									1	1		20181108191334
1304	1									1	1		20181108191334
1305	1									1	1		20181108191334
1306	1									1	1		20181108191334
1307	1									1	1		20181108191334
1308	1									1	1		20181108191334
1309	1									1	1		20181108191334
1310	2									2	2		20181108191334
1311	1									1	1		20181108191334
1312	1									1	1		20181108191334
1313	2									2	2		20181108191334
1314	1									1	1		20181108191334
1316	1									1	1		20181108191334
1317	1									1	1		20181108191334
1318	1									1	1		20181108191334
1319	1									1	1		20181108191334
1320	1									1	1		20181108191334
1321	1									1	1		20181108191334
1322	1									1	1		20181108191334
1323	1									1	1		20181108191334
1324	1									1	1		20181108191334
1325	1									1	1		20181108191334
1326	1									1	1		20181108191334
1327	1									1	1		20181108191334
1328	1									1	1		20181108191334
1329	1									1	1		20181108191334
1330	1									1	1		20181108191334
1331	1									1	1		20181108191334
1332	1									1	1		20181108191334
1333	1									1	1		20181108191334
1334	1									1	1		20181108191334
1335	1									1	1		20181108191334
1336	1									1	1		20181108191334
1337	1									1	1		20181108191334
1338	1									1	1		20181108191334
1339	1									1	1		20181108191334
1340	2									2	2		20181108191334
1341	1									1	1		20181108191334
1342	1									1	1		20181108191334
1343	1									1	1		20181108191334
1344	1									1	1		20181108191334
1345	1									1	1		20181108191334
1346	1									1	1		20181108191334
1347	1									1	1		20181108191334
1348	1									1	1		20181108191334
1349	1									1	1		20181108191334
1350	1									1	1		20181108191334
1351	1									1	1		20181108191334
1352	1									1	1		20181108191334
1353	1									1	1		20181108191334
1354	1									1	1		20181108191334
1355	2									2	2		20181108191334
1356	1									1	1		20181108191334
1357	1									1	1		20181108191334
1358	1									1	1		20181108191334
1360	1									1	1		20181108191334
1361	1									1	1		20181108191334
1362	1									1	1		20181108191334
1363	1									1	1		20181108191334
1364	1									1	1		20181108191334
1365	1									1	1		20181108191334
1366	1									1	1		20181108191334
1367	1									1	1		20181108191334
1368	1									1	1		20181108191334
1369	1									1	1		20181108191334
1370	1									1	1		20181108191334
1371	1									1	1		20181108191334
1372	1									1	1		20181108191334
1373	1									1	1		20181108191334
1374	1									1	1		20181108191334
1375	1									1	1		20181108191334
1376	1									1	1		20181108191334
1377	1									1	1		20181108191334
1378	2									2	2		20181108191334
1379	2									2	2		20181108191334
1380	1									1	1		20181108191334
1381	1									1	1		20181108191334
1382	1									1	1		20181108191334
1383	1									1	1		20181108191334
1384	1									1	1		20181108191334
1385	1									1	1		20181108191334
1387	1									1	1		20181108191334
1388	1									1	1		20181108191334
1389	1									1	1		20181108191334
1390	1									1	1		20181108191334
1391	1									1	1		20181108191334
1392	2									2	2		20181108191334
1393	1									1	1		20181108191334
1394	1									1	1		20181108191334
1395	2									2	2		20181108191334
1396	1									1	1		20181108191334
1397	1									1	1		20181108191334
1399	1									1	1		20181108191334
1400	2									2	2		20181108191334
1401	1									1	1		20181108191334
1402	1									1	1		20181108191334
1403	1									1	1		20181108191334
1404	2									2	2		20181108191334
1405	1									1	1		20181108191334
1406	2									2	2		20181108191334
1407	1									1	1		20181108191334
1408	1									1	1		20181108191334
1409	1									1	1		20181108191334
1410	2									2	2		20181108191334
1411	1									1	1		20181108191334
1412	2									2	2		20181108191334
1413	1									1	1		20181108191334
1414	1									1	1		20181108191334
1415	1									1	1		20181108191334
1416	1									1	1		20181108191334
1417	1									1	1		20181108191334
1418	1									1	1		20181108191334
1419	1									1	1		20181108191334
1420	1									1	1		20181108191334
1421	2									2	2		20181108191334
1422	1									1	1		20181108191334
1423	1									1	1		20181108191334
1424	1									1	1		20181108191334
1425	1									1	1		20181108191334
1426	2									2	2		20181108191334
1427	1									1	1		20181108191334
1428	1									1	1		20181108191334
1429	1									1	1		20181108191334
1430	1									1	1		20181108191334
1431	1									1	1		20181108191334
1432	1									1	1		20181108191334
1433	1									1	1		20181108191334
1434	1									1	1		20181108191334
1436	2									2	2		20181108191334
1437	1									1	1		20181108191334
1438	1									1	1		20181108191334
1439	1									1	1		20181108191335
1440	1									1	1		20181108191335
1441	1									1	1		20181108191335
1442	1									1	1		20181108191335
1443	1									1	1		20181108191335
1444	1									1	1		20181108191335
1445	1									1	1		20181108191335
1446	1									1	1		20181108191335
1447	2									2	2		20181108191335
1448	1									1	1		20181108191335
1449	1									1	1		20181108191335
1450	2									2	2		20181108191335
1451	1									1	1		20181108191335
1452	1									1	1		20181108191335
1453	1									1	1		20181108191335
1454	1									1	1		20181108191335
1455	1									1	1		20181108191335
1456	1									1	1		20181108191335
1457	1									1	1		20181108191335
1458	2									2	2		20181108191335
1459	1									1	1		20181108191335
1460	1									1	1		20181108191335
1461	2									2	2		20181108191335
1462	1									1	1		20181108191335
1463	1									1	1		20181108191335
1464	1									1	1		20181108191335
1465	1									1	1		20181108191335
1466	2									2	2		20181108191335
1467	1									1	1		20181108191335
1469	1									1	1		20181108191335
1470	1									1	1		20181108191335
1471	2									2	2		20181108191335
1472	1									1	1		20181108191335
1473	1									1	1		20181108191335
1474	1									1	1		20181108191335
1475	1									1	1		20181108191335
1476	2									2	2		20181108191335
1477	1									1	1		20181108191335
1478	1									1	1		20181108191335
1479	1									1	1		20181108191335
1480	1									1	1		20181108191335
1481	1									1	1		20181108191335
1482	1									1	1		20181108191335
1483	2									2	2		20181108191335
1484	2									2	2		20181108191335
1485	1									1	1		20181108191335
1486	1									1	1		20181108191335
1487	2									2	2		20181108191335
1488	2									2	2		20181108191335
1489	1									1	1		20181108191335
1490	1									1	1		20181108191335
1491	1									1	1		20181108191335
1492	2									2	2		20181108191335
1493	1									1	1		20181108191335
1494	1									1	1		20181108191335
1495	1									1	1		20181108191335
1496	1									1	1		20181108191335
1497	1									1	1		20181108191335
1498	1									1	1		20181108191335
1499	1									1	1		20181108191335
1500	1									1	1		20181108191335
1501	1									1	1		20181108191335
1502	1									1	1		20181108191335
1503	1									1	1		20181108191335
1504	1									1	1		20181108191335
1505	1									1	1		20181108191335
1506	1									1	1		20181108191335
1507	2									2	2		20181108191335
1508	1									1	1		20181108191335
1509	1									1	1		20181108191335
1510	1									1	1		20181108191335
1511	1									1	1		20181108191335
1512	1									1	1		20181108191335
1513	1									1	1		20181108191335
1514	1									1	1		20181108191335
1515	1									1	1		20181108191335
1516	1									1	1		20181108191335
1517	1									1	1		20181108191335
1518	2									2	2		20181108191335
1519	1									1	1		20181108191335
1520	1									1	1		20181108191335
1521	1									1	1		20181108191335
1522	1									1	1		20181108191335
1523	1									1	1		20181108191335
1524	2									2	2		20181108191335
1525	1									1	1		20181108191335
1526	1									1	1		20181108191335
1527	1									1	1		20181108191335
1528	1									1	1		20181108191335
1530	1									1	1		20181108191335
1531	1									1	1		20181108191335
1532	2									2	2		20181108191335
1533	1									1	1		20181108191335
1534	1									1	1		20181108191335
1535	1									1	1		20181108191335
1536	1									1	1		20181108191335
1538	1									1	1		20181108191335
1539	1									1	1		20181108191335
1540	1									1	1		20181108191335
1541	1									1	1		20181108191335
1542	1									1	1		20181108191335
1543	1									1	1		20181108191335
1545	1									1	1		20181108191335
1546	1									1	1		20181108191335
1547	1									1	1		20181108191335
1548	1									1	1		20181108191335
1549	1									1	1		20181108191335
1550	1									1	1		20181108191335
1551	1									1	1		20181108191335
1552	2									2	2		20181108191335
1553	1									1	1		20181108191335
1554	1									1	1		20181108191335
1555	2									2	2		20181108191335
1556	1									1	1		20181108191335
1557	1									1	1		20181108191335
1558	1									1	1		20181108191335
1560	1									1	1		20181108191335
1561	1									1	1		20181108191335
1562	1									1	1		20181108191335
1563	2									2	2		20181108191335
1564	2									2	2		20181108191335
1565	1									1	1		20181108191335
1566	1									1	1		20181108191335
1567	1									1	1		20181108191335
1568	1									1	1		20181108191335
1569	1									1	1		20181108191335
1570	1									1	1		20181108191335
1571	1									1	1		20181108191335
1572	1									1	1		20181108191335
1573	2									2	2		20181108191335
1574	2									2	2		20181108191335
1575	1									1	1		20181108191335
1576	1									1	1		20181108191335
1577	1									1	1		20181108191335
1578	1									1	1		20181108191335
1579	1									1	1		20181108191335
1580	1									1	1		20181108191335
1581	1									1	1		20181108191335
1582	1									1	1		20181108191335
1583	1									1	1		20181108191335
1584	2									2	2		20181108191335
1585	1									1	1		20181108191335
1586	1									1	1		20181108191335
1587	1									1	1		20181108191335
1588	1									1	1		20181108191335
1589	1									1	1		20181108191335
1590	1									1	1		20181108191335
1591	1									1	1		20181108191335
1592	1									1	1		20181108191335
1593	1									1	1		20181108191335
1594	2									2	2		20181108191335
1595	1									1	1		20181108191335
1596	2									2	2		20181108191335
1597	2									2	2		20181108191335
1599	1									1	1		20181108191335
1600	1									1	1		20181108191335
1601	1									1	1		20181108191335
1602	1									1	1		20181108191335
1603	1									1	1		20181108191335
1604	1									1	1		20181108191335
1605	1									1	1		20181108191335
1606	2									2	2		20181108191335
1607	2									2	2		20181108191335
1608	2									2	2		20181108191335
1609	1									1	1		20181108191335
1610	1									1	1		20181108191335
1611	1									1	1		20181108191335
1612	1									1	1		20181108191335
1613	1									1	1		20181108191335
1614	1									1	1		20181108191335
1615	1									1	1		20181108191335
1616	1									1	1		20181108191335
1617	2									2	2		20181108191335
1618	1									1	1		20181108191335
1619	1									1	1		20181108191335
1620	1									1	1		20181108191335
1621	1									1	1		20181108191335
1622	2									2	2		20181108191335
1623	1									1	1		20181108191335
1624	1									1	1		20181108191335
1625	2									2	2		20181108191335
1626	1									1	1		20181108191335
1627	2									2	2		20181108191335
1628	1									1	1		20181108191335
1629	1									1	1		20181108191335
1630	1									1	1		20181108191335
1631	1									1	1		20181108191335
1632	1									1	1		20181108191335
1633	1									1	1		20181108191335
1634	1									1	1		20181108191335
1635	1									1	1		20181108191335
1636	1									1	1		20181108191335
1637	1									1	1		20181108191335
1638	1									1	1		20181108191335
1639	2									2	2		20181108191335
1640	1									1	1		20181108191335
1641	1									1	1		20181108191335
1642	1									1	1		20181108191335
1643	2									2	2		20181108191335
1644	1									1	1		20181108191335
1645	2									2	2		20181108191335
1646	1									1	1		20181108191335
1647	1									1	1		20181108191335
1648	1									1	1		20181108191335
1649	1									1	1		20181108191335
1650	2									2	2		20181108191335
1651	1									1	1		20181108191335
1652	1									1	1		20181108191335
1653	1									1	1		20181108191335
1654	1									1	1		20181108191335
1655	1									1	1		20181108191335
1656	1									1	1		20181108191335
1657	1									1	1		20181108191335
1658	1									1	1		20181108191335
1659	1									1	1		20181108191335
1660	1									1	1		20181108191335
1661	1									1	1		20181108191335
1662	1									1	1		20181108191335
1663	1									1	1		20181108191335
1664	1									1	1		20181108191335
1665	2									2	2		20181108191335
1666	1									1	1		20181108191335
1667	1									1	1		20181108191335
1668	1									1	1		20181108191335
1669	1									1	1		20181108191335
1670	1									1	1		20181108191335
1671	1									1	1		20181108191335
1673	1									1	1		20181108191335
1674	2									2	2		20181108191335
1675	1									1	1		20181108191335
1676	1									1	1		20181108191335
1677	1									1	1		20181108191335
1678	1									1	1		20181108191335
1679	1									1	1		20181108191335
1680	1									1	1		20181108191335
1681	1									1	1		20181108191335
1682	1									1	1		20181108191335
1683	1									1	1		20181108191335
1684	1									1	1		20181108191335
1685	1									1	1		20181108191335
1686	1									1	1		20181108191335
1687	1									1	1		20181108191335
1688	2									2	2		20181108191335
1689	1									1	1		20181108191335
1690	1									1	1		20181108191335
1691	1									1	1		20181108191335
1692	1									1	1		20181108191335
1693	2									2	2		20181108191335
1694	1									1	1		20181108191335
1695	1									1	1		20181108191335
1696	1									1	1		20181108191335
1697	1									1	1		20181108191335
1698	1									1	1		20181108191335
1699	1									1	1		20181108191335
1700	1									1	1		20181108191335
1701	1									1	1		20181108191335
1702	1									1	1		20181108191335
1703	1									1	1		20181108191335
1704	1									1	1		20181108191335
1705	2									2	2		20181108191335
1706	1									1	1		20181108191335
1707	2									2	2		20181108191335
1708	1									1	1		20181108191335
1709	1									1	1		20181108191335
1710	1									1	1		20181108191335
1711	1									1	1		20181108191335
1712	1									1	1		20181108191335
1713	1									1	1		20181108191335
1714	1									1	1		20181108191335
1715	1									1	1		20181108191335
1716	1									1	1		20181108191335
1717	1									1	1		20181108191335
1718	1									1	1		20181108191335
1719	1									1	1		20181108191335
1720	1									1	1		20181108191335
1721	1									1	1		20181108191335
1722	1									1	1		20181108191335
1723	1									1	1		20181108191335
1724	2									2	2		20181108191335
1725	1									1	1		20181108191335
1726	1									1	1		20181108191335
1727	1									1	1		20181108191335
1728	1									1	1		20181108191335
1729	1									1	1		20181108191335
1730	1									1	1		20181108191335
1731	1									1	1		20181108191335
1732	1									1	1		20181108191335
1733	1									1	1		20181108191335
1734	1									1	1		20181108191335
1735	1									1	1		20181108191335
1736	1									1	1		20181108191335
1737	1									1	1		20181108191335
1739	1									1	1		20181108191335
1740	1									1	1		20181108191335
1741	2									2	2		20181108191335
1742	1									1	1		20181108191335
1743	1									1	1		20181108191335
1744	1									1	1		20181108191335
1745	2									2	2		20181108191335
1746	2									2	2		20181108191335
1747	2									2	2		20181108191335
1748	1									1	1		20181108191335
1749	1									1	1		20181108191335
1751	2									2	2		20181108191335
1752	1									1	1		20181108191335
1753	1									1	1		20181108191335
1754	1									1	1		20181108191335
1756	1									1	1		20181108191335
1757	1									1	1		20181108191335
1758	1									1	1		20181108191335
1759	1									1	1		20181108191335
1760	1									1	1		20181108191335
1761	1									1	1		20181108191335
1762	1									1	1		20181108191335
1763	1									1	1		20181108191335
1764	2									2	2		20181108191335
1765	1									1	1		20181108191335
1766	1									1	1		20181108191335
1767	1									1	1		20181108191335
1768	1									1	1		20181108191335
1769	1									1	1		20181108191335
1770	1									1	1		20181108191335
1771	1									1	1		20181108191335
1772	2									2	2		20181108191335
1773	1									1	1		20181108191335
1774	1									1	1		20181108191335
1775	1									1	1		20181108191335
1776	1									1	1		20181108191335
1777	1									1	1		20181108191335
1778	2									2	2		20181108191335
1779	1									1	1		20181108191335
1780	1									1	1		20181108191335
1781	1									1	1		20181108191335
1782	1									1	1		20181108191335
1783	1									1	1		20181108191335
1784	1									1	1		20181108191335
1785	1									1	1		20181108191335
1786	1									1	1		20181108191335
1787	2									2	2		20181108191335
1788	2									2	2		20181108191335
1789	1									1	1		20181108191335
1791	1									1	1		20181108191335
1792	2									2	2		20181108191335
1793	2									2	2		20181108191335
1794	1									1	1		20181108191335
1795	1									1	1		20181108191335
1796	1									1	1		20181108191335
1797	1									1	1		20181108191335
1799	1									1	1		20181108191335
1800	1									1	1		20181108191335
1801	1									1	1		20181108191335
1802	1									1	1		20181108191335
1803	1									1	1		20181108191335
1805	1									1	1		20181108191335
1806	1									1	1		20181108191335
1807	1									1	1		20181108191335
1808	1									1	1		20181108191335
1809	1									1	1		20181108191335
1810	1									1	1		20181108191335
1811	1									1	1		20181108191335
1812	2									2	2		20181108191335
1813	1									1	1		20181108191335
1814	1									1	1		20181108191335
1815	1									1	1		20181108191335
1816	1									1	1		20181108191335
1817	1									1	1		20181108191335
1818	2									2	2		20181108191335
1819	1									1	1		20181108191335
1820	1									1	1		20181108191335
1822	2									2	2		20181108191335
1823	1									1	1		20181108191335
1824	1									1	1		20181108191335
1825	2									2	2		20181108191335
1826	1									1	1		20181108191335
1827	1									1	1		20181108191335
1828	2									2	2		20181108191335
1829	1									1	1		20181108191335
1830	1									1	1		20181108191335
1831	1									1	1		20181108191335
1832	2									2	2		20181108191335
1833	1									1	1		20181108191335
1834	2									2	2		20181108191336
1835	1									1	1		20181108191336
1836	1									1	1		20181108191336
1837	1									1	1		20181108191336
1838	1									1	1		20181108191336
1839	1									1	1		20181108191336
1840	1									1	1		20181108191336
1841	2									2	2		20181108191336
1842	1									1	1		20181108191336
1843	1									1	1		20181108191336
1844	1									1	1		20181108191336
1846	1									1	1		20181108191336
1847	1									1	1		20181108191336
1848	1									1	1		20181108191336
1849	1									1	1		20181108191336
1850	1									1	1		20181108191336
1851	1									1	1		20181108191336
1852	2									2	2		20181108191336
1853	2									2	2		20181108191336
1854	1									1	1		20181108191336
1856	1									1	1		20181108191336
1857	1									1	1		20181108191336
1859	1									1	1		20181108191336
1860	1									1	1		20181108191336
1861	1									1	1		20181108191336
1862	1									1	1		20181108191336
1863	1									1	1		20181108191336
1864	1									1	1		20181108191336
1865	2									2	2		20181108191336
1866	1									1	1		20181108191336
1867	1									1	1		20181108191336
1868	1									1	1		20181108191336
1869	1									1	1		20181108191336
1870	1									1	1		20181108191336
1871	1									1	1		20181108191336
1872	1									1	1		20181108191336
1873	1									1	1		20181108191336
1874	2									2	2		20181108191336
1875	1									1	1		20181108191336
1876	1									1	1		20181108191336
1877	1									1	1		20181108191336
1878	1									1	1		20181108191336
1879	1									1	1		20181108191336
1880	1									1	1		20181108191336
1881	1									1	1		20181108191336
1882	2									2	2		20181108191336
1883	1									1	1		20181108191336
1884	1									1	1		20181108191336
1885	1									1	1		20181108191336
1887	1									1	1		20181108191336
1888	1									1	1		20181108191336
1889	1									1	1		20181108191336
1890	1									1	1		20181108191336
1891	1									1	1		20181108191336
1892	1									1	1		20181108191336
1893	1									1	1		20181108191336
1894	1									1	1		20181108191336
1895	1									1	1		20181108191336
1896	1									1	1		20181108191336
1897	2									2	2		20181108191336
1898	2									2	2		20181108191336
1899	2									2	2		20181108191336
1900	1									1	1		20181108191336
1901	1									1	1		20181108191336
1902	1									1	1		20181108191336
1904	2									2	2		20181108191336
1905	1									1	1		20181108191336
1906	2									2	2		20181108191336
1908	1									1	1		20181108191336
1909	2									2	2		20181108191336
1910	1									1	1		20181108191336
1911	1									1	1		20181108191336
1912	1									1	1		20181108191336
1913	1									1	1		20181108191336
1915	1									1	1		20181108191336
1916	1									1	1		20181108191336
1917	1									1	1		20181108191336
1918	1									1	1		20181108191336
1919	1									1	1		20181108191336
1920	1									1	1		20181108191336
1921	1									1	1		20181108191336
1922	1									1	1		20181108191336
1923	1									1	1		20181108191336
1924	1									1	1		20181108191336
1925	1									1	1		20181108191336
1927	2									2	2		20181108191336
1928	1									1	1		20181108191336
1929	1									1	1		20181108191336
1930	1									1	1		20181108191336
1931	1									1	1		20181108191336
1932	1									1	1		20181108191336
1933	1									1	1		20181108191336
1934	1									1	1		20181108191336
1935	2									2	2		20181108191336
1936	2									2	2		20181108191336
1937	1									1	1		20181108191336
1938	1									1	1		20181108191336
1939	1									1	1		20181108191336
1940	1									1	1		20181108191336
1941	1									1	1		20181108191336
1942	1									1	1		20181108191336
1943	1									1	1		20181108191336
1944	1									1	1		20181108191336
1945	1									1	1		20181108191336
1946	1									1	1		20181108191336
1947	1									1	1		20181108191336
1948	1									1	1		20181108191336
1949	2									2	2		20181108191336
1950	1									1	1		20181108191336
1951	2									2	2		20181108191336
1952	1									1	1		20181108191336
1953	1									1	1		20181108191336
1954	1									1	1		20181108191336
1955	1									1	1		20181108191336
1956	1									1	1		20181108191336
1957	1									1	1		20181108191336
1958	1									1	1		20181108191336
1959	1									1	1		20181108191336
1960	1									1	1		20181108191336
1962	1									1	1		20181108191336
1963	1									1	1		20181108191336
1964	1									1	1		20181108191336
1965	1									1	1		20181108191336
1966	1									1	1		20181108191336
1967	1									1	1		20181108191336
1968	1									1	1		20181108191336
1969	1									1	1		20181108191336
1970	1									1	1		20181108191336
1971	1									1	1		20181108191336
1972	1									1	1		20181108191336
1973	1									1	1		20181108191336
1974	1									1	1		20181108191336
1975	1									1	1		20181108191336
1976	1									1	1		20181108191336
1977	1									1	1		20181108191336
1978	1									1	1		20181108191336
1979	1									1	1		20181108191336
1980	1									1	1		20181108191336
1981	1									1	1		20181108191336
1982	1									1	1		20181108191336
1983	1									1	1		20181108191336
1984	1									1	1		20181108191336
1985	2									2	2		20181108191336
1986	1									1	1		20181108191336
1987	1									1	1		20181108191336
1988	2									2	2		20181108191336
1989	1									1	1		20181108191336
1990	1									1	1		20181108191336
1991	1									1	1		20181108191336
1992	1									1	1		20181108191336
1993	1									1	1		20181108191336
1994	1									1	1		20181108191336
1995	1									1	1		20181108191336
1996	1									1	1		20181108191336
1997	1									1	1		20181108191336
1998	1									1	1		20181108191336
1999	1									1	1		20181108191336
