Line_ID	As_Short_Text_LTE_400	As_Long_Text_LTE_4000	As_Year	As_Month	As_Day	As_Hour	As_Minute	As_Second	As_Millisecond	As_Double	As_Long	As_Bool	YMD_hms_Key
1	01									1	1		20181108191325
2	05									5	5		20181108191325
4	05									5	5		20181108191325
5	01									1	1		20181108191325
6	05									5	5		20181108191325
8	05									5	5		20181108191325
11	05									5	5		20181108191325
13	05									5	5		20181108191325
14	05									5	5		20181108191325
15	05									5	5		20181108191325
16	01									1	1		20181108191325
17	05									5	5		20181108191325
18	01									1	1		20181108191325
20	05									5	5		20181108191325
21	05									5	5		20181108191325
22	01									1	1		20181108191325
23	05									5	5		20181108191325
24	05									5	5		20181108191325
25	05									5	5		20181108191325
27	01									1	1		20181108191325
29	01									1	1		20181108191325
30	05									5	5		20181108191325
32	05									5	5		20181108191325
34	05									5	5		20181108191325
37	05									5	5		20181108191325
39	05									5	5		20181108191325
40	05									5	5		20181108191325
42	01									1	1		20181108191325
44	05									5	5		20181108191325
45	05									5	5		20181108191325
46	01									1	1		20181108191325
47	01									1	1		20181108191325
48	05									5	5		20181108191325
50	05									5	5		20181108191325
51	05									5	5		20181108191325
53	05									5	5		20181108191325
54	05									5	5		20181108191325
55	05									5	5		20181108191325
57	05									5	5		20181108191325
58	05									5	5		20181108191325
61	01									1	1		20181108191325
63	05									5	5		20181108191326
66	05									5	5		20181108191326
70	05									5	5		20181108191326
71	05									5	5		20181108191326
72	05									5	5		20181108191326
73	01									1	1		20181108191326
74	05									5	5		20181108191326
75	01									1	1		20181108191326
76	05									5	5		20181108191326
77	01									1	1		20181108191326
78	05									5	5		20181108191326
80	05									5	5		20181108191326
81	05									5	5		20181108191326
84	01									1	1		20181108191326
86	01									1	1		20181108191326
87	05									5	5		20181108191326
89	05									5	5		20181108191326
91	01									1	1		20181108191326
93	01									1	1		20181108191326
94	05									5	5		20181108191326
95	05									5	5		20181108191326
97	05									5	5		20181108191326
98	05									5	5		20181108191326
99	05									5	5		20181108191326
100	05									5	5		20181108191326
101	05									5	5		20181108191326
102	01									1	1		20181108191326
103	05									5	5		20181108191326
104	05									5	5		20181108191326
105	05									5	5		20181108191326
106	05									5	5		20181108191326
107	05									5	5		20181108191326
110	01									1	1		20181108191326
112	05									5	5		20181108191326
113	01									1	1		20181108191326
115	05									5	5		20181108191326
116	01									1	1		20181108191326
117	05									5	5		20181108191326
119	05									5	5		20181108191326
126	01									1	1		20181108191326
129	05									5	5		20181108191326
130	01									1	1		20181108191326
132	05									5	5		20181108191326
133	01									1	1		20181108191326
134	05									5	5		20181108191326
135	05									5	5		20181108191326
137	01									1	1		20181108191326
139	05									5	5		20181108191326
140	05									5	5		20181108191326
142	05									5	5		20181108191326
144	05									5	5		20181108191326
148	01									1	1		20181108191326
152	01									1	1		20181108191326
153	05									5	5		20181108191326
154	05									5	5		20181108191326
155	01									1	1		20181108191326
156	05									5	5		20181108191326
158	05									5	5		20181108191326
159	05									5	5		20181108191326
160	01									1	1		20181108191326
161	05									5	5		20181108191326
164	05									5	5		20181108191326
165	05									5	5		20181108191326
166	01									1	1		20181108191326
167	01									1	1		20181108191326
168	05									5	5		20181108191326
170	05									5	5		20181108191326
171	01									1	1		20181108191326
172	01									1	1		20181108191326
174	05									5	5		20181108191326
176	01									1	1		20181108191326
177	01									1	1		20181108191326
179	05									5	5		20181108191326
180	05									5	5		20181108191326
181	05									5	5		20181108191326
182	01									1	1		20181108191326
183	01									1	1		20181108191326
184	05									5	5		20181108191326
186	01									1	1		20181108191326
187	01									1	1		20181108191326
188	05									5	5		20181108191326
189	05									5	5		20181108191326
190	01									1	1		20181108191326
191	05									5	5		20181108191326
192	01									1	1		20181108191326
193	05									5	5		20181108191326
194	05									5	5		20181108191326
195	01									1	1		20181108191326
197	01									1	1		20181108191326
198	05									5	5		20181108191326
200	05									5	5		20181108191326
201	05									5	5		20181108191326
202	01									1	1		20181108191326
203	01									1	1		20181108191326
205	05									5	5		20181108191326
206	05									5	5		20181108191326
207	05									5	5		20181108191326
208	05									5	5		20181108191326
209	05									5	5		20181108191326
210	01									1	1		20181108191326
213	05									5	5		20181108191326
217	05									5	5		20181108191326
218	01									1	1		20181108191326
219	01									1	1		20181108191326
221	05									5	5		20181108191326
224	01									1	1		20181108191326
225	01									1	1		20181108191326
227	05									5	5		20181108191326
228	01									1	1		20181108191326
231	05									5	5		20181108191326
232	05									5	5		20181108191326
233	01									1	1		20181108191326
234	05									5	5		20181108191326
235	05									5	5		20181108191326
237	05									5	5		20181108191326
239	05									5	5		20181108191326
241	05									5	5		20181108191326
242	05									5	5		20181108191326
243	05									5	5		20181108191326
244	05									5	5		20181108191326
247	05									5	5		20181108191326
248	05									5	5		20181108191326
250	05									5	5		20181108191326
251	01									1	1		20181108191326
253	01									1	1		20181108191326
255	05									5	5		20181108191326
256	05									5	5		20181108191326
257	01									1	1		20181108191326
258	01									1	1		20181108191326
260	05									5	5		20181108191326
263	05									5	5		20181108191326
264	01									1	1		20181108191326
265	05									5	5		20181108191326
266	01									1	1		20181108191326
267	01									1	1		20181108191326
268	05									5	5		20181108191326
271	05									5	5		20181108191326
272	01									1	1		20181108191326
274	05									5	5		20181108191326
275	01									1	1		20181108191326
277	05									5	5		20181108191326
278	01									1	1		20181108191326
279	05									5	5		20181108191326
281	01									1	1		20181108191326
283	05									5	5		20181108191326
284	05									5	5		20181108191326
285	05									5	5		20181108191326
287	05									5	5		20181108191326
290	01									1	1		20181108191326
291	05									5	5		20181108191326
294	01									1	1		20181108191326
295	01									1	1		20181108191326
296	01									1	1		20181108191326
297	05									5	5		20181108191326
301	01									1	1		20181108191326
303	05									5	5		20181108191326
305	05									5	5		20181108191326
306	05									5	5		20181108191326
307	01									1	1		20181108191326
308	05									5	5		20181108191326
309	01									1	1		20181108191326
310	05									5	5		20181108191326
312	01									1	1		20181108191326
313	05									5	5		20181108191326
314	05									5	5		20181108191326
317	01									1	1		20181108191326
319	05									5	5		20181108191326
320	05									5	5		20181108191326
322	01									1	1		20181108191326
325	05									5	5		20181108191326
327	05									5	5		20181108191326
328	01									1	1		20181108191326
331	05									5	5		20181108191326
332	05									5	5		20181108191326
339	05									5	5		20181108191326
340	05									5	5		20181108191326
341	05									5	5		20181108191326
342	01									1	1		20181108191326
344	05									5	5		20181108191326
347	01									1	1		20181108191326
348	01									1	1		20181108191326
349	05									5	5		20181108191326
350	05									5	5		20181108191326
351	05									5	5		20181108191326
352	01									1	1		20181108191326
353	05									5	5		20181108191326
355	01									1	1		20181108191326
356	05									5	5		20181108191326
357	01									1	1		20181108191326
360	05									5	5		20181108191326
363	01									1	1		20181108191326
367	01									1	1		20181108191326
368	01									1	1		20181108191326
369	05									5	5		20181108191326
372	05									5	5		20181108191326
373	05									5	5		20181108191326
375	05									5	5		20181108191326
376	05									5	5		20181108191326
377	05									5	5		20181108191326
378	01									1	1		20181108191326
379	05									5	5		20181108191326
382	05									5	5		20181108191326
383	05									5	5		20181108191326
385	01									1	1		20181108191326
386	01									1	1		20181108191326
387	05									5	5		20181108191326
388	05									5	5		20181108191326
389	05									5	5		20181108191326
391	05									5	5		20181108191326
392	05									5	5		20181108191326
393	01									1	1		20181108191326
397	05									5	5		20181108191326
398	05									5	5		20181108191326
399	05									5	5		20181108191326
400	01									1	1		20181108191326
401	01									1	1		20181108191326
402	01									1	1		20181108191326
403	01									1	1		20181108191326
405	05									5	5		20181108191326
407	05									5	5		20181108191326
408	05									5	5		20181108191326
410	01									1	1		20181108191326
411	05									5	5		20181108191326
412	01									1	1		20181108191326
413	05									5	5		20181108191326
414	01									1	1		20181108191326
415	05									5	5		20181108191326
416	05									5	5		20181108191326
417	05									5	5		20181108191326
418	05									5	5		20181108191326
419	05									5	5		20181108191326
420	01									1	1		20181108191326
422	05									5	5		20181108191326
423	05									5	5		20181108191326
428	01									1	1		20181108191326
430	01									1	1		20181108191326
432	05									5	5		20181108191326
433	05									5	5		20181108191326
434	01									1	1		20181108191326
435	05									5	5		20181108191326
438	01									1	1		20181108191326
447	05									5	5		20181108191327
448	01									1	1		20181108191327
449	05									5	5		20181108191327
451	05									5	5		20181108191327
453	01									1	1		20181108191327
454	01									1	1		20181108191327
455	05									5	5		20181108191327
456	05									5	5		20181108191327
457	05									5	5		20181108191327
458	05									5	5		20181108191327
459	05									5	5		20181108191327
460	01									1	1		20181108191327
461	05									5	5		20181108191327
463	05									5	5		20181108191327
464	05									5	5		20181108191327
465	05									5	5		20181108191327
466	05									5	5		20181108191327
467	05									5	5		20181108191327
468	05									5	5		20181108191327
469	05									5	5		20181108191327
471	05									5	5		20181108191327
472	05									5	5		20181108191327
475	01									1	1		20181108191327
477	05									5	5		20181108191327
478	05									5	5		20181108191327
480	01									1	1		20181108191327
481	05									5	5		20181108191327
485	01									1	1		20181108191327
488	05									5	5		20181108191327
491	05									5	5		20181108191327
492	05									5	5		20181108191327
496	01									1	1		20181108191327
500	05									5	5		20181108191327
501	05									5	5		20181108191327
502	01									1	1		20181108191327
504	05									5	5		20181108191327
505	05									5	5		20181108191327
506	05									5	5		20181108191327
507	05									5	5		20181108191327
509	05									5	5		20181108191327
511	05									5	5		20181108191327
513	05									5	5		20181108191327
515	05									5	5		20181108191327
516	05									5	5		20181108191327
517	05									5	5		20181108191327
518	05									5	5		20181108191327
520	01									1	1		20181108191327
521	05									5	5		20181108191327
522	01									1	1		20181108191327
524	05									5	5		20181108191327
525	05									5	5		20181108191327
526	01									1	1		20181108191327
528	01									1	1		20181108191327
529	05									5	5		20181108191327
531	05									5	5		20181108191327
534	01									1	1		20181108191327
535	05									5	5		20181108191327
536	05									5	5		20181108191327
537	01									1	1		20181108191327
538	05									5	5		20181108191327
539	05									5	5		20181108191327
540	05									5	5		20181108191327
541	05									5	5		20181108191327
544	05									5	5		20181108191327
545	05									5	5		20181108191327
548	05									5	5		20181108191327
549	01									1	1		20181108191327
550	05									5	5		20181108191327
552	05									5	5		20181108191327
553	05									5	5		20181108191327
554	01									1	1		20181108191327
556	05									5	5		20181108191327
558	05									5	5		20181108191327
563	01									1	1		20181108191327
565	05									5	5		20181108191327
567	01									1	1		20181108191327
568	05									5	5		20181108191327
570	01									1	1		20181108191327
574	01									1	1		20181108191327
576	05									5	5		20181108191327
577	05									5	5		20181108191327
578	05									5	5		20181108191327
579	05									5	5		20181108191327
581	01									1	1		20181108191327
582	05									5	5		20181108191327
583	05									5	5		20181108191327
585	05									5	5		20181108191327
586	05									5	5		20181108191327
587	05									5	5		20181108191327
588	01									1	1		20181108191327
589	05									5	5		20181108191327
590	05									5	5		20181108191327
592	05									5	5		20181108191327
593	05									5	5		20181108191327
594	05									5	5		20181108191327
595	05									5	5		20181108191327
596	05									5	5		20181108191327
597	05									5	5		20181108191327
598	05									5	5		20181108191327
600	05									5	5		20181108191327
601	01									1	1		20181108191327
603	01									1	1		20181108191327
606	05									5	5		20181108191327
607	05									5	5		20181108191327
608	05									5	5		20181108191327
609	01									1	1		20181108191327
611	05									5	5		20181108191327
612	05									5	5		20181108191327
614	01									1	1		20181108191327
617	05									5	5		20181108191327
619	01									1	1		20181108191327
620	05									5	5		20181108191327
621	05									5	5		20181108191327
622	05									5	5		20181108191327
623	01									1	1		20181108191327
626	05									5	5		20181108191327
627	01									1	1		20181108191327
628	05									5	5		20181108191327
630	05									5	5		20181108191327
631	01									1	1		20181108191327
633	05									5	5		20181108191327
635	05									5	5		20181108191327
636	01									1	1		20181108191327
637	05									5	5		20181108191327
638	05									5	5		20181108191327
639	01									1	1		20181108191327
640	05									5	5		20181108191327
641	05									5	5		20181108191327
642	05									5	5		20181108191327
643	05									5	5		20181108191327
644	05									5	5		20181108191327
648	05									5	5		20181108191327
650	01									1	1		20181108191327
652	01									1	1		20181108191327
653	05									5	5		20181108191327
654	01									1	1		20181108191327
656	05									5	5		20181108191327
657	05									5	5		20181108191327
658	05									5	5		20181108191327
659	01									1	1		20181108191327
660	05									5	5		20181108191327
661	05									5	5		20181108191327
662	05									5	5		20181108191327
664	01									1	1		20181108191327
665	01									1	1		20181108191327
666	01									1	1		20181108191327
669	05									5	5		20181108191327
670	05									5	5		20181108191327
672	05									5	5		20181108191327
673	05									5	5		20181108191327
674	05									5	5		20181108191327
675	05									5	5		20181108191327
677	01									1	1		20181108191327
679	01									1	1		20181108191327
680	05									5	5		20181108191327
681	05									5	5		20181108191327
682	05									5	5		20181108191327
683	05									5	5		20181108191327
684	05									5	5		20181108191327
686	05									5	5		20181108191327
687	05									5	5		20181108191327
689	01									1	1		20181108191327
690	01									1	1		20181108191327
692	05									5	5		20181108191327
695	01									1	1		20181108191327
696	05									5	5		20181108191327
697	05									5	5		20181108191327
698	05									5	5		20181108191327
699	01									1	1		20181108191327
703	01									1	1		20181108191327
705	05									5	5		20181108191327
706	01									1	1		20181108191327
707	01									1	1		20181108191327
710	01									1	1		20181108191327
712	05									5	5		20181108191327
714	05									5	5		20181108191327
716	05									5	5		20181108191327
717	01									1	1		20181108191327
722	05									5	5		20181108191327
723	05									5	5		20181108191327
724	05									5	5		20181108191327
725	05									5	5		20181108191327
727	05									5	5		20181108191327
729	05									5	5		20181108191327
730	05									5	5		20181108191327
738	05									5	5		20181108191327
739	05									5	5		20181108191327
740	05									5	5		20181108191327
741	05									5	5		20181108191327
747	01									1	1		20181108191327
749	05									5	5		20181108191327
750	01									1	1		20181108191327
751	05									5	5		20181108191327
752	05									5	5		20181108191327
755	05									5	5		20181108191327
756	01									1	1		20181108191327
764	05									5	5		20181108191327
766	05									5	5		20181108191327
768	01									1	1		20181108191327
769	01									1	1		20181108191327
770	01									1	1		20181108191327
771	01									1	1		20181108191327
775	05									5	5		20181108191327
777	05									5	5		20181108191327
778	05									5	5		20181108191327
779	01									1	1		20181108191327
781	01									1	1		20181108191327
782	05									5	5		20181108191327
785	05									5	5		20181108191327
786	05									5	5		20181108191327
787	05									5	5		20181108191327
788	05									5	5		20181108191327
794	01									1	1		20181108191327
796	01									1	1		20181108191327
797	05									5	5		20181108191327
798	05									5	5		20181108191327
799	05									5	5		20181108191327
800	05									5	5		20181108191327
801	01									1	1		20181108191327
802	01									1	1		20181108191327
803	01									1	1		20181108191327
804	05									5	5		20181108191327
805	05									5	5		20181108191327
806	01									1	1		20181108191327
807	05									5	5		20181108191327
809	05									5	5		20181108191327
810	01									1	1		20181108191327
811	05									5	5		20181108191327
813	05									5	5		20181108191328
814	05									5	5		20181108191328
815	05									5	5		20181108191328
816	01									1	1		20181108191328
817	05									5	5		20181108191328
818	05									5	5		20181108191328
819	05									5	5		20181108191328
821	05									5	5		20181108191328
822	05									5	5		20181108191328
823	01									1	1		20181108191328
824	05									5	5		20181108191328
826	01									1	1		20181108191328
827	05									5	5		20181108191328
829	05									5	5		20181108191328
830	01									1	1		20181108191328
833	05									5	5		20181108191328
835	05									5	5		20181108191328
836	05									5	5		20181108191328
837	01									1	1		20181108191328
838	05									5	5		20181108191328
839	05									5	5		20181108191328
840	01									1	1		20181108191328
841	05									5	5		20181108191328
842	05									5	5		20181108191328
843	01									1	1		20181108191328
844	01									1	1		20181108191328
846	05									5	5		20181108191328
848	05									5	5		20181108191328
849	05									5	5		20181108191328
850	05									5	5		20181108191328
852	01									1	1		20181108191328
853	05									5	5		20181108191328
854	05									5	5		20181108191328
855	05									5	5		20181108191328
858	05									5	5		20181108191328
859	05									5	5		20181108191328
862	05									5	5		20181108191328
863	05									5	5		20181108191328
864	05									5	5		20181108191328
865	05									5	5		20181108191328
866	01									1	1		20181108191328
867	05									5	5		20181108191328
868	05									5	5		20181108191328
869	05									5	5		20181108191328
871	05									5	5		20181108191328
872	01									1	1		20181108191328
876	05									5	5		20181108191328
877	05									5	5		20181108191328
878	01									1	1		20181108191328
879	05									5	5		20181108191328
880	05									5	5		20181108191328
881	05									5	5		20181108191328
882	01									1	1		20181108191328
884	05									5	5		20181108191328
886	05									5	5		20181108191328
887	01									1	1		20181108191328
888	05									5	5		20181108191328
889	05									5	5		20181108191328
890	05									5	5		20181108191328
891	01									1	1		20181108191328
892	01									1	1		20181108191328
894	05									5	5		20181108191328
895	01									1	1		20181108191328
896	05									5	5		20181108191328
897	01									1	1		20181108191328
899	05									5	5		20181108191328
900	01									1	1		20181108191328
901	01									1	1		20181108191328
902	05									5	5		20181108191328
903	05									5	5		20181108191328
904	01									1	1		20181108191328
905	05									5	5		20181108191328
906	05									5	5		20181108191328
909	05									5	5		20181108191328
910	01									1	1		20181108191328
913	01									1	1		20181108191328
914	05									5	5		20181108191328
915	05									5	5		20181108191328
916	05									5	5		20181108191328
917	05									5	5		20181108191328
919	05									5	5		20181108191328
920	05									5	5		20181108191328
921	05									5	5		20181108191328
922	05									5	5		20181108191328
923	05									5	5		20181108191328
924	05									5	5		20181108191328
925	05									5	5		20181108191328
927	01									1	1		20181108191328
928	01									1	1		20181108191328
930	05									5	5		20181108191328
933	05									5	5		20181108191328
935	05									5	5		20181108191328
936	05									5	5		20181108191328
940	01									1	1		20181108191328
942	05									5	5		20181108191328
944	01									1	1		20181108191328
946	01									1	1		20181108191328
947	01									1	1		20181108191328
950	01									1	1		20181108191328
952	05									5	5		20181108191328
958	05									5	5		20181108191328
960	05									5	5		20181108191328
965	01									1	1		20181108191328
967	01									1	1		20181108191328
970	05									5	5		20181108191328
971	05									5	5		20181108191328
972	01									1	1		20181108191328
974	01									1	1		20181108191328
975	05									5	5		20181108191328
976	05									5	5		20181108191328
978	05									5	5		20181108191328
979	05									5	5		20181108191328
982	05									5	5		20181108191328
985	01									1	1		20181108191328
986	05									5	5		20181108191328
987	01									1	1		20181108191328
988	05									5	5		20181108191328
990	01									1	1		20181108191328
992	05									5	5		20181108191328
993	05									5	5		20181108191328
994	01									1	1		20181108191328
995	05									5	5		20181108191328
996	05									5	5		20181108191328
997	05									5	5		20181108191328
1001	05									5	5		20181108191328
1003	05									5	5		20181108191328
1004	05									5	5		20181108191328
1005	05									5	5		20181108191328
1007	05									5	5		20181108191328
1010	05									5	5		20181108191328
1011	01									1	1		20181108191328
1014	01									1	1		20181108191328
1015	05									5	5		20181108191328
1016	01									1	1		20181108191328
1018	05									5	5		20181108191328
1019	01									1	1		20181108191328
1022	05									5	5		20181108191328
1024	01									1	1		20181108191328
1025	01									1	1		20181108191328
1026	05									5	5		20181108191328
1027	05									5	5		20181108191328
1028	01									1	1		20181108191328
1029	01									1	1		20181108191328
1031	05									5	5		20181108191328
1032	05									5	5		20181108191328
1033	05									5	5		20181108191328
1035	01									1	1		20181108191328
1036	05									5	5		20181108191328
1037	05									5	5		20181108191328
1038	01									1	1		20181108191328
1039	05									5	5		20181108191328
1040	05									5	5		20181108191328
1041	01									1	1		20181108191328
1042	05									5	5		20181108191328
1045	05									5	5		20181108191328
1047	05									5	5		20181108191328
1048	01									1	1		20181108191328
1049	01									1	1		20181108191328
1050	05									5	5		20181108191328
1051	01									1	1		20181108191328
1052	05									5	5		20181108191328
1053	01									1	1		20181108191328
1054	05									5	5		20181108191328
1055	05									5	5		20181108191328
1056	05									5	5		20181108191328
1058	05									5	5		20181108191328
1060	05									5	5		20181108191328
1061	05									5	5		20181108191328
1063	05									5	5		20181108191328
1064	05									5	5		20181108191328
1065	01									1	1		20181108191328
1071	01									1	1		20181108191328
1072	01									1	1		20181108191328
1073	05									5	5		20181108191328
1074	05									5	5		20181108191328
1075	05									5	5		20181108191328
1076	01									1	1		20181108191328
1077	01									1	1		20181108191328
1078	05									5	5		20181108191328
1079	05									5	5		20181108191328
1084	05									5	5		20181108191328
1088	05									5	5		20181108191328
1089	05									5	5		20181108191328
1090	05									5	5		20181108191328
1091	01									1	1		20181108191328
1093	01									1	1		20181108191328
1094	05									5	5		20181108191328
1095	01									1	1		20181108191328
1096	05									5	5		20181108191328
1097	01									1	1		20181108191328
1098	05									5	5		20181108191328
1099	05									5	5		20181108191328
1101	05									5	5		20181108191328
1102	01									1	1		20181108191328
1103	05									5	5		20181108191328
1108	05									5	5		20181108191328
1109	05									5	5		20181108191328
1110	05									5	5		20181108191328
1111	01									1	1		20181108191328
1112	05									5	5		20181108191328
1115	05									5	5		20181108191328
1116	05									5	5		20181108191328
1118	01									1	1		20181108191328
1119	05									5	5		20181108191328
1120	05									5	5		20181108191328
1121	01									1	1		20181108191328
1124	01									1	1		20181108191328
1125	05									5	5		20181108191328
1126	01									1	1		20181108191328
1127	01									1	1		20181108191328
1130	05									5	5		20181108191328
1132	05									5	5		20181108191328
1133	05									5	5		20181108191328
1134	05									5	5		20181108191328
1136	01									1	1		20181108191328
1137	05									5	5		20181108191328
1138	05									5	5		20181108191328
1139	05									5	5		20181108191328
1141	05									5	5		20181108191328
1142	01									1	1		20181108191328
1144	01									1	1		20181108191328
1150	05									5	5		20181108191328
1151	01									1	1		20181108191328
1153	05									5	5		20181108191328
1154	05									5	5		20181108191328
1155	01									1	1		20181108191328
1156	05									5	5		20181108191328
1157	01									1	1		20181108191328
1160	05									5	5		20181108191328
1161	05									5	5		20181108191328
1162	05									5	5		20181108191328
1167	05									5	5		20181108191328
1169	05									5	5		20181108191328
1170	05									5	5		20181108191328
1171	01									1	1		20181108191328
1172	05									5	5		20181108191328
1174	05									5	5		20181108191328
1175	05									5	5		20181108191328
1176	05									5	5		20181108191328
1178	05									5	5		20181108191328
1179	01									1	1		20181108191328
1181	05									5	5		20181108191328
1182	05									5	5		20181108191328
1186	05									5	5		20181108191329
1187	01									1	1		20181108191329
1188	05									5	5		20181108191329
1189	01									1	1		20181108191329
1193	05									5	5		20181108191329
1194	05									5	5		20181108191329
1196	01									1	1		20181108191329
1197	01									1	1		20181108191329
1199	05									5	5		20181108191329
1200	05									5	5		20181108191329
1201	05									5	5		20181108191329
1202	01									1	1		20181108191329
1203	01									1	1		20181108191329
1205	05									5	5		20181108191329
1206	01									1	1		20181108191329
1207	01									1	1		20181108191329
1208	01									1	1		20181108191329
1209	05									5	5		20181108191329
1210	05									5	5		20181108191329
1211	05									5	5		20181108191329
1212	01									1	1		20181108191329
1213	01									1	1		20181108191329
1214	05									5	5		20181108191329
1215	05									5	5		20181108191329
1216	01									1	1		20181108191329
1217	01									1	1		20181108191329
1218	05									5	5		20181108191329
1220	05									5	5		20181108191329
1221	01									1	1		20181108191329
1222	05									5	5		20181108191329
1223	05									5	5		20181108191329
1224	05									5	5		20181108191329
1225	05									5	5		20181108191329
1227	05									5	5		20181108191329
1229	01									1	1		20181108191329
1231	05									5	5		20181108191329
1232	05									5	5		20181108191329
1233	05									5	5		20181108191329
1235	05									5	5		20181108191329
1236	01									1	1		20181108191329
1237	05									5	5		20181108191329
1238	01									1	1		20181108191329
1239	05									5	5		20181108191329
1240	05									5	5		20181108191329
1241	01									1	1		20181108191329
1242	05									5	5		20181108191329
1243	01									1	1		20181108191329
1244	05									5	5		20181108191329
1245	01									1	1		20181108191329
1246	01									1	1		20181108191329
1248	05									5	5		20181108191329
1249	01									1	1		20181108191329
1250	05									5	5		20181108191329
1252	05									5	5		20181108191329
1255	05									5	5		20181108191329
1257	01									1	1		20181108191329
1262	05									5	5		20181108191329
1263	05									5	5		20181108191329
1265	05									5	5		20181108191329
1266	05									5	5		20181108191329
1267	01									1	1		20181108191329
1268	05									5	5		20181108191329
1270	05									5	5		20181108191329
1271	01									1	1		20181108191329
1273	01									1	1		20181108191329
1275	01									1	1		20181108191329
1277	05									5	5		20181108191329
1278	05									5	5		20181108191329
1279	05									5	5		20181108191329
1280	05									5	5		20181108191329
1282	01									1	1		20181108191329
1284	01									1	1		20181108191329
1286	01									1	1		20181108191329
1287	05									5	5		20181108191329
1288	01									1	1		20181108191329
1289	01									1	1		20181108191329
1290	01									1	1		20181108191329
1291	05									5	5		20181108191329
1292	01									1	1		20181108191329
1293	05									5	5		20181108191329
1294	05									5	5		20181108191329
1295	05									5	5		20181108191329
1297	05									5	5		20181108191329
1300	01									1	1		20181108191329
1303	05									5	5		20181108191329
1305	01									1	1		20181108191329
1306	05									5	5		20181108191329
1307	05									5	5		20181108191329
1308	01									1	1		20181108191329
1309	05									5	5		20181108191329
1310	01									1	1		20181108191329
1312	05									5	5		20181108191329
1313	05									5	5		20181108191329
1314	05									5	5		20181108191329
1317	01									1	1		20181108191329
1320	05									5	5		20181108191329
1323	05									5	5		20181108191329
1325	05									5	5		20181108191329
1326	01									1	1		20181108191329
1327	01									1	1		20181108191329
1329	01									1	1		20181108191329
1330	01									1	1		20181108191329
1333	05									5	5		20181108191329
1334	01									1	1		20181108191329
1335	05									5	5		20181108191329
1336	05									5	5		20181108191329
1338	05									5	5		20181108191329
1339	05									5	5		20181108191329
1342	05									5	5		20181108191329
1343	05									5	5		20181108191329
1344	01									1	1		20181108191329
1345	01									1	1		20181108191329
1346	01									1	1		20181108191329
1350	05									5	5		20181108191329
1351	05									5	5		20181108191329
1353	01									1	1		20181108191329
1354	05									5	5		20181108191329
1356	01									1	1		20181108191329
1357	05									5	5		20181108191329
1358	05									5	5		20181108191329
1359	01									1	1		20181108191329
1361	05									5	5		20181108191329
1363	05									5	5		20181108191329
1364	05									5	5		20181108191329
1365	01									1	1		20181108191329
1366	05									5	5		20181108191329
1367	01									1	1		20181108191329
1369	01									1	1		20181108191329
1370	05									5	5		20181108191329
1371	05									5	5		20181108191329
1373	05									5	5		20181108191329
1376	05									5	5		20181108191329
1377	05									5	5		20181108191329
1378	05									5	5		20181108191329
1379	05									5	5		20181108191329
1380	05									5	5		20181108191329
1381	05									5	5		20181108191329
1382	01									1	1		20181108191329
1383	05									5	5		20181108191329
1385	05									5	5		20181108191329
1387	01									1	1		20181108191329
1388	05									5	5		20181108191329
1389	05									5	5		20181108191329
1390	05									5	5		20181108191329
1391	05									5	5		20181108191329
1392	05									5	5		20181108191329
1394	05									5	5		20181108191329
1395	01									1	1		20181108191329
1396	05									5	5		20181108191329
1397	05									5	5		20181108191329
1398	05									5	5		20181108191329
1400	05									5	5		20181108191329
1401	01									1	1		20181108191329
1402	05									5	5		20181108191329
1403	05									5	5		20181108191329
1404	05									5	5		20181108191329
1406	05									5	5		20181108191329
1407	05									5	5		20181108191329
1408	05									5	5		20181108191329
1409	05									5	5		20181108191329
1410	05									5	5		20181108191329
1411	05									5	5		20181108191329
1413	01									1	1		20181108191329
1414	05									5	5		20181108191329
1417	05									5	5		20181108191329
1418	01									1	1		20181108191329
1419	01									1	1		20181108191329
1422	05									5	5		20181108191329
1425	01									1	1		20181108191329
1426	05									5	5		20181108191329
1427	05									5	5		20181108191329
1428	01									1	1		20181108191329
1429	01									1	1		20181108191329
1431	01									1	1		20181108191329
1432	01									1	1		20181108191329
1433	05									5	5		20181108191329
1435	05									5	5		20181108191329
1436	05									5	5		20181108191329
1437	01									1	1		20181108191329
1440	05									5	5		20181108191329
1442	05									5	5		20181108191329
1444	01									1	1		20181108191329
1445	05									5	5		20181108191329
1446	05									5	5		20181108191329
1447	05									5	5		20181108191329
1448	05									5	5		20181108191329
1449	05									5	5		20181108191329
1450	05									5	5		20181108191329
1451	05									5	5		20181108191329
1452	05									5	5		20181108191329
1453	05									5	5		20181108191329
1454	05									5	5		20181108191329
1455	05									5	5		20181108191329
1458	05									5	5		20181108191329
1460	05									5	5		20181108191329
1461	05									5	5		20181108191329
1462	01									1	1		20181108191329
1463	05									5	5		20181108191329
1464	05									5	5		20181108191329
1465	05									5	5		20181108191329
1466	01									1	1		20181108191329
1467	05									5	5		20181108191329
1468	05									5	5		20181108191329
1469	05									5	5		20181108191329
1470	05									5	5		20181108191329
1471	05									5	5		20181108191329
1472	05									5	5		20181108191329
1473	05									5	5		20181108191329
1474	05									5	5		20181108191329
1475	05									5	5		20181108191329
1477	01									1	1		20181108191329
1478	05									5	5		20181108191329
1481	05									5	5		20181108191329
1483	05									5	5		20181108191329
1485	01									1	1		20181108191329
1486	01									1	1		20181108191329
1487	01									1	1		20181108191329
1489	05									5	5		20181108191329
1490	05									5	5		20181108191329
1492	05									5	5		20181108191329
1495	01									1	1		20181108191329
1496	05									5	5		20181108191329
1497	01									1	1		20181108191329
1498	05									5	5		20181108191329
1499	05									5	5		20181108191329
1502	05									5	5		20181108191329
1503	01									1	1		20181108191329
1505	05									5	5		20181108191329
1507	01									1	1		20181108191329
1508	01									1	1		20181108191329
1510	05									5	5		20181108191329
1511	05									5	5		20181108191329
1512	05									5	5		20181108191329
1514	05									5	5		20181108191329
1515	05									5	5		20181108191329
1516	01									1	1		20181108191329
1517	05									5	5		20181108191329
1519	05									5	5		20181108191329
1520	05									5	5		20181108191329
1521	05									5	5		20181108191329
1522	01									1	1		20181108191329
1523	01									1	1		20181108191329
1524	05									5	5		20181108191329
1525	01									1	1		20181108191329
1526	05									5	5		20181108191329
1527	05									5	5		20181108191329
1528	05									5	5		20181108191329
1529	01									1	1		20181108191329
1530	05									5	5		20181108191329
1531	05									5	5		20181108191329
1532	05									5	5		20181108191329
1534	01									1	1		20181108191329
1535	05									5	5		20181108191329
1537	05									5	5		20181108191329
1538	05									5	5		20181108191329
1540	05									5	5		20181108191329
1541	01									1	1		20181108191329
1542	05									5	5		20181108191330
1543	05									5	5		20181108191330
1547	05									5	5		20181108191330
1548	01									1	1		20181108191330
1549	05									5	5		20181108191330
1551	05									5	5		20181108191330
1552	05									5	5		20181108191330
1553	01									1	1		20181108191330
1554	05									5	5		20181108191330
1555	05									5	5		20181108191330
1556	05									5	5		20181108191330
1557	05									5	5		20181108191330
1558	01									1	1		20181108191330
1559	05									5	5		20181108191330
1561	01									1	1		20181108191330
1562	05									5	5		20181108191330
1563	05									5	5		20181108191330
1564	01									1	1		20181108191330
1566	05									5	5		20181108191330
1567	05									5	5		20181108191330
1568	05									5	5		20181108191330
1569	01									1	1		20181108191330
1570	05									5	5		20181108191330
1571	05									5	5		20181108191330
1572	05									5	5		20181108191330
1573	05									5	5		20181108191330
1574	05									5	5		20181108191330
1575	01									1	1		20181108191330
1577	01									1	1		20181108191330
1579	01									1	1		20181108191330
1580	01									1	1		20181108191330
1581	05									5	5		20181108191330
1582	05									5	5		20181108191330
1583	05									5	5		20181108191330
1584	05									5	5		20181108191330
1585	05									5	5		20181108191330
1586	05									5	5		20181108191330
1588	05									5	5		20181108191330
1589	05									5	5		20181108191330
1591	01									1	1		20181108191330
1592	05									5	5		20181108191330
1593	05									5	5		20181108191330
1594	05									5	5		20181108191330
1596	01									1	1		20181108191330
1597	05									5	5		20181108191330
1599	05									5	5		20181108191330
1600	05									5	5		20181108191330
1602	05									5	5		20181108191330
1603	05									5	5		20181108191330
1604	05									5	5		20181108191330
1605	05									5	5		20181108191330
1607	01									1	1		20181108191330
1608	05									5	5		20181108191330
1609	01									1	1		20181108191330
1610	05									5	5		20181108191330
1611	05									5	5		20181108191330
1612	05									5	5		20181108191330
1618	05									5	5		20181108191330
1619	05									5	5		20181108191330
1621	01									1	1		20181108191330
1622	05									5	5		20181108191330
1624	01									1	1		20181108191330
1625	05									5	5		20181108191330
1626	05									5	5		20181108191330
1627	01									1	1		20181108191330
1628	05									5	5		20181108191330
1630	05									5	5		20181108191330
1631	05									5	5		20181108191330
1633	05									5	5		20181108191330
1635	05									5	5		20181108191330
1637	05									5	5		20181108191330
1638	05									5	5		20181108191330
1642	01									1	1		20181108191330
1643	05									5	5		20181108191330
1645	05									5	5		20181108191330
1646	01									1	1		20181108191330
1648	05									5	5		20181108191330
1649	01									1	1		20181108191330
1650	01									1	1		20181108191330
1651	05									5	5		20181108191330
1652	05									5	5		20181108191330
1654	05									5	5		20181108191330
1655	01									1	1		20181108191330
1657	05									5	5		20181108191330
1658	05									5	5		20181108191330
1659	05									5	5		20181108191330
1661	05									5	5		20181108191330
1662	05									5	5		20181108191330
1665	05									5	5		20181108191330
1666	05									5	5		20181108191330
1667	01									1	1		20181108191330
1668	01									1	1		20181108191330
1670	05									5	5		20181108191330
1672	01									1	1		20181108191330
1673	05									5	5		20181108191330
1674	05									5	5		20181108191330
1675	05									5	5		20181108191330
1676	05									5	5		20181108191330
1677	01									1	1		20181108191330
1678	05									5	5		20181108191330
1679	01									1	1		20181108191330
1682	05									5	5		20181108191330
1684	05									5	5		20181108191330
1685	05									5	5		20181108191330
1686	01									1	1		20181108191330
1687	05									5	5		20181108191330
1688	05									5	5		20181108191330
1689	05									5	5		20181108191330
1690	05									5	5		20181108191330
1694	05									5	5		20181108191330
1698	01									1	1		20181108191330
1700	05									5	5		20181108191330
1701	05									5	5		20181108191330
1702	01									1	1		20181108191330
1703	01									1	1		20181108191330
1704	05									5	5		20181108191330
1705	05									5	5		20181108191330
1706	05									5	5		20181108191330
1707	01									1	1		20181108191330
1709	05									5	5		20181108191330
1710	01									1	1		20181108191330
1711	05									5	5		20181108191330
1713	05									5	5		20181108191330
1714	05									5	5		20181108191330
1715	01									1	1		20181108191330
1716	01									1	1		20181108191330
1717	05									5	5		20181108191330
1718	05									5	5		20181108191330
1722	01									1	1		20181108191330
1723	05									5	5		20181108191330
1724	05									5	5		20181108191330
1725	05									5	5		20181108191330
1726	05									5	5		20181108191330
1727	05									5	5		20181108191330
1728	01									1	1		20181108191330
1729	01									1	1		20181108191330
1733	05									5	5		20181108191330
1736	01									1	1		20181108191330
1737	01									1	1		20181108191330
1738	01									1	1		20181108191330
1739	05									5	5		20181108191330
1742	05									5	5		20181108191330
1743	05									5	5		20181108191330
1744	05									5	5		20181108191330
1745	05									5	5		20181108191330
1746	01									1	1		20181108191330
1747	05									5	5		20181108191330
1748	05									5	5		20181108191330
1749	01									1	1		20181108191330
1750	05									5	5		20181108191330
1751	05									5	5		20181108191330
1752	05									5	5		20181108191330
1753	01									1	1		20181108191330
1754	01									1	1		20181108191330
1755	05									5	5		20181108191330
1756	01									1	1		20181108191330
1757	05									5	5		20181108191330
1758	05									5	5		20181108191330
1759	01									1	1		20181108191330
1760	05									5	5		20181108191330
1761	01									1	1		20181108191330
1762	05									5	5		20181108191330
1763	05									5	5		20181108191330
1764	05									5	5		20181108191330
1767	01									1	1		20181108191330
1768	01									1	1		20181108191330
1769	05									5	5		20181108191330
1770	01									1	1		20181108191330
1771	05									5	5		20181108191330
1772	05									5	5		20181108191330
1773	05									5	5		20181108191330
1774	05									5	5		20181108191330
1775	01									1	1		20181108191330
1776	05									5	5		20181108191330
1777	05									5	5		20181108191330
1778	05									5	5		20181108191330
1780	05									5	5		20181108191330
1781	05									5	5		20181108191330
1782	05									5	5		20181108191330
1783	01									1	1		20181108191330
1784	01									1	1		20181108191330
1785	05									5	5		20181108191330
1787	01									1	1		20181108191330
1789	05									5	5		20181108191330
1793	05									5	5		20181108191330
1794	01									1	1		20181108191330
1795	05									5	5		20181108191330
1796	05									5	5		20181108191330
1797	01									1	1		20181108191330
1798	01									1	1		20181108191330
1799	01									1	1		20181108191330
1800	05									5	5		20181108191330
1801	01									1	1		20181108191330
1803	01									1	1		20181108191330
1804	05									5	5		20181108191330
1805	05									5	5		20181108191330
1806	01									1	1		20181108191330
1808	01									1	1		20181108191330
1809	01									1	1		20181108191330
1810	05									5	5		20181108191330
1811	05									5	5		20181108191330
1812	05									5	5		20181108191330
1816	01									1	1		20181108191330
1818	05									5	5		20181108191330
1819	01									1	1		20181108191330
1821	05									5	5		20181108191330
1822	05									5	5		20181108191330
1823	01									1	1		20181108191330
1824	05									5	5		20181108191330
1825	01									1	1		20181108191330
1827	01									1	1		20181108191330
1828	05									5	5		20181108191330
1829	05									5	5		20181108191330
1832	05									5	5		20181108191330
1834	05									5	5		20181108191330
1835	01									1	1		20181108191330
1836	01									1	1		20181108191330
1839	05									5	5		20181108191330
1840	05									5	5		20181108191330
1841	05									5	5		20181108191330
1843	01									1	1		20181108191330
1844	05									5	5		20181108191330
1845	05									5	5		20181108191330
1846	05									5	5		20181108191330
1847	05									5	5		20181108191330
1848	01									1	1		20181108191330
1850	05									5	5		20181108191330
1851	01									1	1		20181108191330
1852	05									5	5		20181108191330
1853	05									5	5		20181108191330
1854	05									5	5		20181108191330
1855	01									1	1		20181108191330
1857	01									1	1		20181108191330
1859	05									5	5		20181108191330
1860	05									5	5		20181108191330
1861	05									5	5		20181108191330
1862	01									1	1		20181108191330
1863	05									5	5		20181108191330
1866	05									5	5		20181108191330
1868	05									5	5		20181108191330
1871	01									1	1		20181108191330
1872	05									5	5		20181108191330
1873	05									5	5		20181108191330
1874	05									5	5		20181108191330
1875	05									5	5		20181108191330
1876	05									5	5		20181108191330
1877	01									1	1		20181108191330
1878	01									1	1		20181108191330
1880	01									1	1		20181108191330
1881	05									5	5		20181108191330
1882	01									1	1		20181108191330
1883	05									5	5		20181108191330
1884	05									5	5		20181108191330
1885	01									1	1		20181108191330
1887	05									5	5		20181108191330
1888	05									5	5		20181108191330
1889	01									1	1		20181108191330
1891	05									5	5		20181108191330
1892	05									5	5		20181108191330
1893	05									5	5		20181108191330
1895	05									5	5		20181108191330
1898	01									1	1		20181108191330
1899	05									5	5		20181108191330
1900	05									5	5		20181108191330
1903	05									5	5		20181108191330
1904	01									1	1		20181108191330
1905	05									5	5		20181108191330
1907	05									5	5		20181108191330
1908	01									1	1		20181108191330
1909	01									1	1		20181108191330
1910	05									5	5		20181108191330
1912	01									1	1		20181108191330
1913	05									5	5		20181108191330
1914	05									5	5		20181108191330
1915	05									5	5		20181108191330
1919	05									5	5		20181108191330
1920	05									5	5		20181108191331
1923	05									5	5		20181108191331
1924	05									5	5		20181108191331
1926	05									5	5		20181108191331
1927	05									5	5		20181108191331
1928	01									1	1		20181108191331
1929	05									5	5		20181108191331
1930	05									5	5		20181108191331
1931	05									5	5		20181108191331
1932	05									5	5		20181108191331
1933	05									5	5		20181108191331
1934	01									1	1		20181108191331
1936	01									1	1		20181108191331
1937	01									1	1		20181108191331
1938	05									5	5		20181108191331
1939	01									1	1		20181108191331
1940	01									1	1		20181108191331
1941	05									5	5		20181108191331
1942	01									1	1		20181108191331
1943	05									5	5		20181108191331
1944	01									1	1		20181108191331
1947	01									1	1		20181108191331
1948	05									5	5		20181108191331
1949	01									1	1		20181108191331
1951	05									5	5		20181108191331
1952	01									1	1		20181108191331
1953	05									5	5		20181108191331
1956	05									5	5		20181108191331
1957	05									5	5		20181108191331
1958	05									5	5		20181108191331
1959	05									5	5		20181108191331
1961	05									5	5		20181108191331
1962	05									5	5		20181108191331
1964	05									5	5		20181108191331
1965	01									1	1		20181108191331
1968	05									5	5		20181108191331
1969	05									5	5		20181108191331
1970	05									5	5		20181108191331
1972	05									5	5		20181108191331
1973	05									5	5		20181108191331
1974	01									1	1		20181108191331
1976	05									5	5		20181108191331
1980	01									1	1		20181108191331
1981	01									1	1		20181108191331
1983	05									5	5		20181108191331
1984	01									1	1		20181108191331
1985	05									5	5		20181108191331
1988	05									5	5		20181108191331
1989	05									5	5		20181108191331
1991	01									1	1		20181108191331
1992	05									5	5		20181108191331
1993	01									1	1		20181108191331
1996	01									1	1		20181108191331
1997	01									1	1		20181108191331
1999	05									5	5		20181108191331
